# File generated by CMD 3.3 (http://stev.oapd.inaf.it/cmd) on Wed May 20 15:10:57 CEST 2020
# isochrones based on PARSEC release v1.2S +  COLIBRI S_35
# Basic references: Bressan et al. (2012), MNRAS, 427, 127 + Chen et al. (2014, 2015), MNRAS, 444, 2525 + MNRAS, 452, 1068 + Tang et al. (2014), MNRAS, 445, 4287 + Marigo et al. (2017), ApJ, 835, 77 + Pastorelli al. (2019), MNRAS in press
# Thermal pulse cycles included 
# On RGB, assumed Reimers mass loss with efficiency eta=0.2
# Photometric system: <i>UBVRIJHK</i> (cf. Maiz-Apellaniz 2006 + Bessell 1990)
# Using YBC version of bolometric corrections as in Chen et al. (2019)
# O-rich circumstellar dpmod60alox40 dust from Groenewegen (2006)
# C-rich circumstellar AMCSIC15 dust from Groenewegen (2006)
# IMF: Kroupa (2001, 2002) + Kroupa et al. (2013) canonical two-part-power law IMF corrected for unresolved binaries 
# Kind of output: isochrone tables
# Zini     MH   logAge Mini        int_IMF         Mass   logL    logTe  logg  label   McoreTP C_O  period0 period1 pmode  Mloss  tau1m   X   Y   Xc  Xn  Xo  Cexcess  Z 	 mbolmag  Umag    Bmag    Vmag    Rmag    Imag    Jmag    Hmag    Kmag
0.00043772 -1.55000 10.09691 0.0900000036 1.0816895962    0.090 -3.185  3.4768  5.436    1  0.000  0.545     0.00     0.00 -1 -5.25e-17      0.00 7.479e-01 2.516e-01 8.208e-05 2.215e-05 2.008e-04 -1.000 4.565e-04 12.732 20.106 17.352 15.349 13.656 12.046 10.747 10.448 10.351
0.00043772 -1.55000 10.09691 0.1000000015 1.1711064577    0.100 -2.883  3.5199  5.353    1  0.000  0.545     0.00     0.00 -1  -1.1e-16      0.00 7.459e-01 2.536e-01 8.208e-05 2.215e-05 2.008e-04 -1.000 4.564e-04 11.979 17.442 15.547 13.715 12.456 11.283 10.142 9.682 9.543
0.00043772 -1.55000 10.09691 0.1199999973 1.3193154335    0.120 -2.597  3.5510  5.270    1  0.000  0.545     0.00     0.00 -1 -2.13e-16      0.00 7.431e-01 2.564e-01 8.208e-05 2.215e-05 2.008e-04 -1.000 4.564e-04 11.261 15.661 14.197 12.590 11.496 10.559 9.526 9.004 8.842
0.00043772 -1.55000 10.09691 0.1400000006 1.4384527206    0.140 -2.414  3.5663  5.215    1  0.000  0.545     0.00     0.00 -1  -3.2e-16      0.00 7.411e-01 2.585e-01 8.208e-05 2.215e-05 2.008e-04 -1.000 4.565e-04 10.806 14.749 13.465 11.972 10.945 10.102 9.120 8.578 8.404
0.00043772 -1.55000 10.09691 0.1599999964 1.5372931957    0.160 -2.271  3.5764  5.171    1  0.000  0.545     0.00     0.00 -1 -4.37e-16      0.00 7.397e-01 2.599e-01 8.208e-05 2.215e-05 2.008e-04 -1.000 4.565e-04 10.449 14.115 12.938 11.519 10.536 9.743 8.795 8.243 8.062
0.00043772 -1.55000 10.09691 0.2000000179 1.6938792467    0.200 -2.050  3.5894  5.099    1  0.000  0.545     0.00     0.00 -1 -7.07e-16      0.00 7.385e-01 2.610e-01 8.208e-05 2.215e-05 2.008e-04 -1.000 4.565e-04 9.894 13.221 12.177 10.850 9.926 9.188 8.281 7.719 7.531
0.00043772 -1.55000 10.09691 0.2500000298 1.8403259516    0.250 -1.847  3.6005  5.037    1  0.000  0.545     0.00     0.00 -1 -1.72e-16      0.00 7.386e-01 2.610e-01 8.207e-05 2.215e-05 2.008e-04 -1.000 4.565e-04 9.386 12.454 11.509 10.252 9.378 8.677 7.804 7.239 7.050
0.00043772 -1.55000 10.09691 0.3000000417 1.9529141188    0.300 -1.692  3.6091  4.995    1  0.000  0.545     0.00     0.00 -1 -1.48e-15      0.00 7.388e-01 2.608e-01 8.205e-05 2.215e-05 2.008e-04 -1.000 4.565e-04 8.999 11.880 11.004 9.800 8.962 8.287 7.441 6.874 6.690
0.00043772 -1.55000 10.09691 0.3500000238 2.0434176922    0.350 -1.566  3.6166  4.967    1  0.000  0.545     0.00     0.00 -1  -1.9e-15      0.00 7.387e-01 2.608e-01 8.202e-05 2.215e-05 2.008e-04 -1.000 4.563e-04 8.686 11.416 10.594 9.433 8.626 7.972 7.147 6.580 6.403
0.00043772 -1.55000 10.09691 0.4000000358 2.1185026169    0.400 -1.424  3.6277  4.927    1  0.000  0.545     0.00     0.00 -1 -2.57e-15      0.00 7.503e-01 2.493e-01 8.208e-05 2.215e-05 2.008e-04 -1.000 4.565e-04 8.331 10.846 10.103 9.001 8.239 7.616 6.822 6.257 6.092
0.00043772 -1.55000 10.09691 0.4500000179 2.1822810173    0.450 -1.252  3.6462  4.879    1  0.000  0.545     0.00     0.00 -1 -3.81e-15      0.00 7.504e-01 2.491e-01 8.208e-05 2.215e-05 2.008e-04 -1.000 4.564e-04 7.899 10.072 9.457 8.449 7.758 7.184 6.440 5.885 5.743
0.00043772 -1.55000 10.09691 0.5000000000 2.2374541759    0.500 -1.057  3.6715  4.832    1  0.000  0.545     0.00     0.00 -1 -5.98e-15      0.00 7.504e-01 2.491e-01 8.208e-05 2.215e-05 2.008e-04 -1.000 4.563e-04 7.413 9.124 8.708 7.816 7.216 6.703 6.030 5.512 5.394
0.00043772 -1.55000 10.09691 0.5500000715 2.2836585045    0.550 -0.841  3.6960  4.755    1  0.000  0.544     0.00     0.00 -1 -1.02e-14      0.00 7.863e-01 2.134e-01 7.106e-05 1.919e-05 1.741e-04 -1.000 3.713e-04 6.873 8.160 7.956 7.162 6.640 6.175 5.577 5.111 5.012
0.00043772 -1.55000 10.09691 0.6000000238 2.3211214542    0.600 -0.629  3.7239  4.692    1  0.000  0.544     0.00     0.00 -1 -1.72e-14      0.00 7.977e-01 2.019e-01 6.773e-05 1.829e-05 1.661e-04 -1.000 3.647e-04 6.342 7.236 7.234 6.544 6.090 5.674 5.154 4.748 4.667
0.00043772 -1.55000 10.09691 0.6035386920 2.3235037327    0.603 -0.613  3.7261  4.688    1  0.000  0.543     0.00     0.00 -1 -1.78e-14      0.00 7.986e-01 2.010e-01 6.745e-05 1.822e-05 1.655e-04 -1.000 3.659e-04 6.303 7.169 7.181 6.499 6.050 5.638 5.125 4.722 4.643
0.00043772 -1.55000 10.09691 0.6145609617 2.3307220936    0.614 -0.564  3.7330  4.674    1  0.000  0.543     0.00     0.00 -1 -2.01e-14      0.00 8.016e-01 1.980e-01 6.659e-05 1.799e-05 1.634e-04 -1.000 3.691e-04 6.180 6.966 7.017 6.361 5.927 5.526 5.030 4.641 4.566
0.00043772 -1.55000 10.09691 0.6252250075 2.3374280930    0.625 -0.516  3.7395  4.660    1  0.000  0.543     0.00     0.00 -1 -2.26e-14      0.00 8.047e-01 1.949e-01 6.572e-05 1.776e-05 1.613e-04 -1.000 3.701e-04 6.060 6.774 6.861 6.229 5.808 5.417 4.938 4.560 4.489
0.00043772 -1.55000 10.09691 0.6351363659 2.3434290886    0.635 -0.471  3.7455  4.646    1  0.000  0.543     0.00     0.00 -1 -7.87e-19      0.00 8.076e-01 1.920e-01 6.488e-05 1.754e-05 1.593e-04 -1.000 3.686e-04 5.948 6.604 6.719 6.107 5.699 5.317 4.853 4.484 4.417
0.00043772 -1.55000 10.09691 0.6443489194 2.3488171101    0.644 -0.429  3.7510  4.632    1  0.000  0.543     0.00     0.00 -1 -4.67e-16      0.00 8.105e-01 1.892e-01 6.406e-05 1.732e-05 1.574e-04 -1.000 3.629e-04 5.843 6.447 6.586 5.994 5.597 5.225 4.772 4.411 4.349
0.00043772 -1.55000 10.09691 0.6499999762 2.3520355225    0.650 -0.403  3.7543  4.623    1  0.000  0.543     0.00     0.00 -1    -3e-14      0.00 8.122e-01 1.874e-01 6.354e-05 1.719e-05 1.562e-04 -1.000 3.705e-04 5.778 6.351 6.504 5.925 5.535 5.168 4.723 4.367 4.308
0.00043772 -1.55000 10.09691 0.6509884000 2.3525917530    0.651 -0.398  3.7548  4.621    1  0.000  0.543     0.00     0.00 -1 -3.03e-14      0.00 8.126e-01 1.870e-01 6.343e-05 1.716e-05 1.559e-04 -1.000 3.710e-04 5.766 6.335 6.490 5.913 5.524 5.158 4.714 4.359 4.300
0.00043772 -1.55000 10.09691 0.6629264951 2.3591604233    0.663 -0.343  3.7613  4.599    1  0.000  0.542     0.00     0.00 -1 -3.51e-14      0.00 8.174e-01 1.822e-01 6.206e-05 1.679e-05 1.526e-04 -1.000 3.686e-04 5.626 6.138 6.318 5.766 5.390 5.035 4.606 4.259 4.206
0.00043772 -1.55000 10.09691 0.6738931537 2.3649592400    0.674 -0.290  3.7670  4.576    1  0.000  0.542     0.00     0.00 -1 -3.79e-14      0.00 8.221e-01 1.775e-01 6.072e-05 1.643e-05 1.494e-04 -1.000 3.558e-04 5.495 5.963 6.162 5.630 5.265 4.919 4.502 4.163 4.115
0.00043772 -1.55000 10.09691 0.6843492985 2.3702895641    0.684 -0.238  3.7724  4.553    1  0.000  0.542     0.00     0.00 -1 -3.14e-14      0.00 8.269e-01 1.728e-01 5.936e-05 1.607e-05 1.461e-04 -1.000 3.011e-04 5.365 5.795 6.009 5.497 5.143 4.805 4.400 4.068 4.024
0.00043772 -1.55000 10.09691 0.6940908432 2.3750898838    0.694 -0.188  3.7773  4.529    1  0.000  0.541     0.00     0.00 -1 -6.94e-16      0.00 8.317e-01 1.680e-01 5.801e-05 1.571e-05 1.429e-04 -1.000 2.927e-04 5.241 5.638 5.864 5.369 5.025 4.696 4.300 3.975 3.935
0.00043772 -1.55000 10.09691 0.6999999881 2.3779268265    0.700 -0.157  3.7803  4.513    1  0.000  0.541     0.00     0.00 -1 -5.77e-14      0.00 8.347e-01 1.651e-01 5.717e-05 1.548e-05 1.409e-04 -1.000 2.855e-04 5.163 5.540 5.773 5.289 4.950 4.626 4.237 3.916 3.878
0.00043772 -1.55000 10.09691 0.7045606971 2.3800790310    0.704 -0.133  3.7824  4.500    1  0.000  0.540     0.00     0.00 -1 -6.18e-14      0.00 8.374e-01 1.624e-01 5.633e-05 1.528e-05 1.391e-04 -1.000 2.841e-04 5.101 5.468 5.703 5.227 4.892 4.571 4.186 3.869 3.833
0.00043772 -1.55000 10.09691 0.7129301429 2.3839464188    0.713 -0.085  3.7863  4.473    1  0.000  0.538     0.00     0.00 -1 -7.06e-14      0.00 8.423e-01 1.574e-01 5.482e-05 1.491e-05 1.357e-04 -1.000 2.816e-04 4.983 5.331 5.570 5.106 4.779 4.465 4.088 3.776 3.743
0.00043772 -1.55000 10.09691 0.7211936116 2.3876638412    0.721 -0.036  3.7901  4.444    1  0.000  0.536     0.00     0.00 -1 -8.12e-14      0.00 8.470e-01 1.527e-01 5.339e-05 1.456e-05 1.327e-04 -1.000 3.131e-04 4.860 5.190 5.431 4.981 4.662 4.353 3.984 3.678 3.648
0.00043772 -1.55000 10.09691 0.7282905579 2.3907790184    0.728  0.008  3.7932  4.416    1  0.000  0.535     0.00     0.00 -1 -9.24e-14      0.00 8.508e-01 1.489e-01 5.224e-05 1.428e-05 1.302e-04 -1.000 3.074e-04 4.749 5.067 5.307 4.867 4.554 4.252 3.889 3.588 3.560
0.00043772 -1.55000 10.09691 0.7351656556 2.3937311172    0.735  0.054  3.7961  4.387    1  0.000  0.533     0.00     0.00 -1 -4.04e-16      0.00 8.544e-01 1.453e-01 5.121e-05 1.403e-05 1.280e-04 -1.000 2.897e-04 4.636 4.942 5.182 4.752 4.444 4.147 3.790 3.494 3.468
0.00043772 -1.55000 10.09691 0.7420409918 2.3966202736    0.741  0.102  3.7988  4.353    1  0.000  0.532     0.00     0.00 -1 -2.88e-16      0.00 8.577e-01 1.420e-01 5.027e-05 1.380e-05 1.260e-04 -1.000 2.897e-04 4.515 4.812 5.050 4.629 4.327 4.034 3.684 3.393 3.368
0.00043772 -1.55000 10.09691 0.7499849200 2.3998827934    0.749  0.161  3.8017  4.310    1  0.000  0.530     0.00     0.00 -1 -1.45e-13      0.00 8.613e-01 1.385e-01 4.931e-05 1.357e-05 1.240e-04 -1.000 2.782e-04 4.366 4.655 4.888 4.477 4.181 3.893 3.549 3.263 3.240
0.00043772 -1.55000 10.09691 0.7500000000 2.3998889923    0.749  0.162  3.8017  4.310    1  0.000  0.530     0.00     0.00 -1 -1.46e-13      0.00 8.613e-01 1.385e-01 4.931e-05 1.357e-05 1.240e-04 -1.000 2.782e-04 4.366 4.655 4.888 4.477 4.181 3.893 3.549 3.263 3.240
0.00043772 -1.55000 10.09691 0.7532246709 2.4011907578    0.752  0.187  3.8029  4.291    1  0.000  0.530     0.00     0.00 -1 -1.58e-13      0.00 8.619e-01 1.378e-01 4.921e-05 1.354e-05 1.238e-04 -1.000 2.709e-04 4.303 4.589 4.820 4.413 4.119 3.833 3.492 3.209 3.186
0.00043772 -1.55000 10.09691 0.7591536045 2.4035511017    0.758  0.237  3.8047  4.252    1  0.000  0.529     0.00     0.00 -1 -1.85e-13      0.00 8.631e-01 1.366e-01 4.906e-05 1.351e-05 1.235e-04 -1.000 2.794e-04 4.178 4.461 4.686 4.285 3.996 3.713 3.376 3.096 3.075
0.00043772 -1.55000 10.09691 0.7646764517 2.4057118893    0.764  0.286  3.8060  4.211    1  0.000  0.529     0.00     0.00 -1 -2.16e-13      0.00 8.628e-01 1.369e-01 4.928e-05 1.357e-05 1.241e-04 -1.000 2.932e-04 4.054 4.335 4.555 4.160 3.873 3.593 3.258 2.982 2.961
0.00043772 -1.55000 10.09691 0.7684602737 2.4071717262    0.767  0.322  3.8066  4.179    1  0.000  0.529     0.00     0.00 -1 -2.44e-13      0.00 8.623e-01 1.374e-01 4.951e-05 1.364e-05 1.247e-04 -1.000 3.032e-04 3.965 4.246 4.462 4.069 3.784 3.505 3.172 2.897 2.876
0.00043772 -1.55000 10.09691 0.7698441744 2.4077014923    0.769  0.337  3.8065  4.165    1  0.000  0.529     0.00     0.00 -1 -2.56e-13      0.00 8.621e-01 1.376e-01 4.960e-05 1.366e-05 1.250e-04 -1.000 3.056e-04 3.929 4.210 4.425 4.032 3.747 3.468 3.135 2.860 2.839
0.00043772 -1.55000 10.09691 0.7752279639 2.4097418785    0.774  0.396  3.8052  4.103    1  0.000  0.529     0.00     0.00 -1 -3.13e-13      0.00 8.613e-01 1.383e-01 4.995e-05 1.376e-05 1.259e-04 -1.000 3.148e-04 3.779 4.067 4.277 3.882 3.595 3.315 2.979 2.702 2.680
0.00043772 -1.55000 10.09691 0.7793259025 2.4112732410    0.778  0.449  3.8023  4.041    1  0.000  0.529     0.00     0.00 -1 -3.78e-13      0.00 8.608e-01 1.389e-01 5.022e-05 1.383e-05 1.265e-04 -1.000 3.218e-04 3.648 3.948 4.154 3.752 3.460 3.176 2.833 2.551 2.528
0.00043772 -1.55000 10.09691 0.7800248265 2.4115326405    0.779  0.459  3.8015  4.029    1  0.000  0.529     0.00     0.00 -1 -3.95e-13      0.00 8.607e-01 1.390e-01 5.027e-05 1.385e-05 1.267e-04 -1.000 3.229e-04 3.624 3.926 4.132 3.728 3.435 3.149 2.804 2.521 2.497
0.00043772 -1.55000 10.09691 0.7807097435 2.4117860794    0.779  0.469  3.8004  4.014    1  0.000  0.529     0.00     0.00 -1 -4.11e-13      0.00 8.606e-01 1.391e-01 5.031e-05 1.386e-05 1.268e-04 -1.000 3.240e-04 3.597 3.903 4.109 3.702 3.407 3.120 2.773 2.487 2.463
0.00043772 -1.55000 10.09691 0.7830067277 2.4126329422    0.782  0.507  3.7956  3.959    2  0.000  0.529     0.00     0.00 -1 -4.75e-13      0.00 8.602e-01 1.394e-01 5.046e-05 1.390e-05 1.272e-04 -1.000 3.280e-04 3.503 3.828 4.030 3.610 3.307 3.013 2.655 2.360 2.334
0.00043772 -1.55000 10.09691 0.7847576737 2.4132747650    0.783  0.540  3.7901  3.904    2  0.000  0.529     0.00     0.00 -1 -5.44e-13      0.00 8.592e-01 1.404e-01 5.084e-05 1.400e-05 1.281e-04 -1.000 3.310e-04 3.420 3.768 3.967 3.532 3.219 2.916 2.545 2.240 2.211
0.00043772 -1.55000 10.09691 0.7861251831 2.4137735367    0.785  0.570  3.7833  3.848    2  0.000  0.529     0.00     0.00 -1 -6.21e-13      0.00 8.562e-01 1.435e-01 5.189e-05 1.429e-05 1.307e-04 -1.000 3.354e-04 3.346 3.724 3.918 3.463 3.138 2.824 2.438 2.121 2.088
0.00043772 -1.55000 10.09691 0.7872251868 2.4141733646    0.786  0.596  3.7765  3.796    2  0.000  0.530     0.00     0.00 -1 -7.01e-13      0.00 8.412e-01 1.585e-01 5.666e-05 1.559e-05 1.424e-04 -1.000 3.395e-04 3.281 3.694 3.881 3.405 3.067 2.742 2.340 2.011 1.973
0.00043772 -1.55000 10.09691 0.7881463766 2.4145073891    0.787  0.619  3.7694  3.744    2  0.000  0.532     0.00     0.00 -1 -7.85e-13      0.00 8.201e-01 1.795e-01 6.264e-05 1.720e-05 1.569e-04 -1.000 3.574e-04 3.221 3.673 3.851 3.352 3.001 2.665 2.246 1.904 1.863
0.00043772 -1.55000 10.09691 0.7889577150 2.4148006439    0.787  0.644  3.7625  3.692    2  0.000  0.534     0.00     0.00 -1 -7.92e-15      0.00 8.008e-01 1.988e-01 6.762e-05 1.854e-05 1.688e-04 -1.000 3.774e-04 3.160 3.655 3.821 3.299 2.935 2.587 2.153 1.799 1.752
0.00043772 -1.55000 10.09691 0.7896764874 2.4150598049    0.788  0.671  3.7561  3.640    2  0.000  0.535     0.00     0.00 -1 -8.23e-16      0.00 7.874e-01 2.122e-01 7.107e-05 1.946e-05 1.771e-04 -1.000 3.841e-04 3.093 3.631 3.784 3.240 2.865 2.506 2.056 1.691 1.640
0.00043772 -1.55000 10.09691 0.7903874516 2.4153158665    0.789  0.705  3.7501  3.582    2  0.000  0.536     0.00     0.00 -1 -1.52e-15      0.00 7.785e-01 2.211e-01 7.336e-05 2.007e-05 1.825e-04 -1.000 4.039e-04 3.006 3.586 3.727 3.163 2.776 2.407 1.943 1.567 1.512
0.00043772 -1.55000 10.09691 0.7909479141 2.4155170918    0.789  0.741  3.7459  3.530    2  0.000  0.536     0.00     0.00 -1 -2.52e-15      0.00 7.738e-01 2.258e-01 7.456e-05 2.039e-05 1.854e-04 -1.000 4.081e-04 2.918 3.530 3.659 3.081 2.687 2.311 1.837 1.454 1.396
0.00043772 -1.55000 10.09691 0.7913306952 2.4156544209    0.790  0.768  3.7434  3.493    2  0.000  0.536     0.00     0.00 -1 -3.61e-15      0.00 7.713e-01 2.284e-01 7.521e-05 2.056e-05 1.869e-04 -1.000 3.710e-04 2.850 3.480 3.604 3.017 2.618 2.239 1.758 1.371 1.310
0.00043772 -1.55000 10.09691 0.7915067077 2.4157176018    0.790  0.783  3.7425  3.475    2  0.000  0.536     0.00     0.00 -1 -4.27e-15      0.00 7.703e-01 2.293e-01 7.543e-05 2.062e-05 1.875e-04 -1.000 3.877e-04 2.813 3.450 3.571 2.982 2.581 2.200 1.717 1.328 1.267
0.00043772 -1.55000 10.09691 0.7919793129 2.4158868790    0.790  0.824  3.7402  3.425    3  0.000  0.537     0.00     0.00 -1 -6.75e-15      0.00 7.679e-01 2.317e-01 7.598e-05 2.077e-05 1.888e-04 -1.000 4.483e-04 2.711 3.367 3.481 2.884 2.479 2.094 1.605 1.211 1.149
0.00043772 -1.55000 10.09691 0.7924966216 2.4160718918    0.791  0.872  3.7379  3.367    3  0.000  0.537     0.00     0.00 -1 -1.13e-14      0.00 7.655e-01 2.341e-01 7.646e-05 2.090e-05 1.899e-04 -1.000 4.141e-04 2.590 3.266 3.371 2.767 2.358 1.969 1.474 1.074 1.011
0.00043772 -1.55000 10.09691 0.7929360271 2.4162287712    0.791  0.917  3.7361  3.316    3  0.000  0.537     0.00     0.00 -1 -1.78e-14      0.00 7.636e-01 2.360e-01 7.680e-05 2.099e-05 1.908e-04 -1.000 4.115e-04 2.478 3.171 3.269 2.659 2.247 1.856 1.355 0.951 0.887
0.00043772 -1.55000 10.09691 0.7933562398 2.4163787365    0.791  0.962  3.7345  3.264    3  0.000  0.537     0.00     0.00 -1 -2.77e-14      0.00 7.619e-01 2.377e-01 7.708e-05 2.107e-05 1.914e-04 -1.000 4.543e-04 2.364 3.072 3.164 2.549 2.134 1.740 1.234 0.826 0.761
0.00043772 -1.55000 10.09691 0.7937833071 2.4165308475    0.792  1.012  3.7329  3.208    3  0.000  0.537     0.00     0.00 -1  -4.4e-14      0.00 7.601e-01 2.394e-01 7.732e-05 2.114e-05 1.921e-04 -1.000 4.543e-04 2.240 2.962 3.048 2.427 2.010 1.613 1.102 0.690 0.625
0.00043772 -1.55000 10.09691 0.7941759825 2.4166705608    0.792  1.062  3.7314  3.153    3  0.000  0.536     0.00     0.00 -1 -6.83e-14      0.00 7.585e-01 2.410e-01 7.748e-05 2.120e-05 1.926e-04 -1.000 4.444e-04 2.116 2.852 2.932 2.307 1.887 1.488 0.972 0.556 0.490
0.00043772 -1.55000 10.09691 0.7945287228 2.4167959690    0.792  1.110  3.7299  3.099    3  0.000  0.536     0.00     0.00 -1 -1.03e-13      0.00 7.571e-01 2.425e-01 7.756e-05 2.126e-05 1.929e-04 -1.000 4.174e-04 1.996 2.744 2.819 2.190 1.767 1.366 0.845 0.425 0.359
0.00043772 -1.55000 10.09691 0.7948372364 2.4169056416    0.793  1.155  3.7285  3.048    3  0.000  0.535     0.00     0.00 -1 -1.49e-13      0.00 7.558e-01 2.438e-01 7.757e-05 2.132e-05 1.932e-04 -1.000 4.044e-04 1.882 2.644 2.713 2.079 1.654 1.251 0.726 0.302 0.235
0.00043772 -1.55000 10.09691 0.7951379418 2.4170122147    0.793  1.204  3.7271  2.994    3  0.000  0.534     0.00     0.00 -1 -2.17e-13      0.00 7.545e-01 2.450e-01 7.751e-05 2.140e-05 1.935e-04 -1.000 4.541e-04 1.761 2.537 2.600 1.961 1.534 1.128 0.599 0.171 0.103
0.00043772 -1.55000 10.09691 0.7954264879 2.4171144962    0.793  1.255  3.7255  2.937    3  0.000  0.533     0.00     0.00 -1 -3.16e-13      0.00 7.535e-01 2.461e-01 7.737e-05 2.152e-05 1.937e-04 -1.000 4.261e-04 1.634 2.426 2.482 1.838 1.408 0.999 0.465 0.033 -0.035
0.00043772 -1.55000 10.09691 0.7956685424 2.4172003269    0.793  1.301  3.7240  2.884    3  0.000  0.531     0.00     0.00 -1  -4.4e-13      0.00 7.527e-01 2.469e-01 7.721e-05 2.166e-05 1.938e-04 -1.000 3.980e-04 1.517 2.325 2.374 1.725 1.292 0.881 0.342 -0.094 -0.162
0.00043772 -1.55000 10.09691 0.7958893180 2.4172785282    0.793  1.347  3.7225  2.832    3  0.000  0.530     0.00     0.00 -1 -6.02e-13      0.00 7.520e-01 2.476e-01 7.703e-05 2.182e-05 1.939e-04 -1.000 4.523e-04 1.402 2.224 2.266 1.612 1.177 0.764 0.221 -0.219 -0.288
0.00043772 -1.55000 10.09691 0.7960970998 2.4173519611    0.793  1.395  3.7210  2.779    3  0.000  0.528     0.00     0.00 -1 -8.22e-13      0.00 7.514e-01 2.481e-01 7.684e-05 2.199e-05 1.941e-04 -1.000 4.565e-04 1.284 2.121 2.157 1.498 1.060 0.644 0.096 -0.348 -0.417
0.00043772 -1.55000 10.09691 0.7962808013 2.4174168110    0.793  1.440  3.7194  2.727    3  0.000  0.527     0.00     0.00 -1  -1.1e-12      0.00 7.511e-01 2.485e-01 7.669e-05 2.214e-05 1.941e-04 -1.000 4.564e-04 1.170 2.024 2.053 1.387 0.947 0.528 -0.025 -0.473 -0.543
0.00043772 -1.55000 10.09691 0.7964555025 2.4174785614    0.793  1.488  3.7177  2.672    3  0.000  0.526     0.00     0.00 -1 -1.47e-12      0.00 7.508e-01 2.488e-01 7.658e-05 2.226e-05 1.942e-04 -1.000 4.564e-04 1.051 1.923 1.944 1.273 0.829 0.408 -0.150 -0.603 -0.674
0.00043772 -1.55000 10.09691 0.7966096401 2.4175331593    0.793  1.534  3.7160  2.620    3  0.000  0.526     0.00     0.00 -1 -1.92e-12      0.00 7.506e-01 2.490e-01 7.651e-05 2.233e-05 1.942e-04 -1.000 4.562e-04 0.936 1.826 1.840 1.162 0.715 0.292 -0.272 -0.729 -0.800
0.00043772 -1.55000 10.09691 0.7967467904 2.4175815582    0.793  1.578  3.7143  2.569    3  0.000  0.525     0.00     0.00 -1 -2.48e-12      0.00 7.505e-01 2.491e-01 7.647e-05 2.237e-05 1.942e-04 -1.000 4.541e-04 0.825 1.733 1.739 1.056 0.606 0.179 -0.390 -0.851 -0.923
0.00043772 -1.55000 10.09691 0.7968774438 2.4176275730    0.793  1.624  3.7127  2.515    3  0.000  0.525     0.00     0.00 -1  -3.2e-12      0.00 7.505e-01 2.491e-01 7.646e-05 2.239e-05 1.942e-04 -1.000 4.513e-04 0.709 1.635 1.635 0.945 0.491 0.062 -0.512 -0.979 -1.051
0.00043772 -1.55000 10.09691 0.7969958186 2.4176692963    0.793  1.670  3.7108  2.463    3  0.000  0.525     0.00     0.00 -1 -4.09e-12      0.00 7.505e-01 2.491e-01 7.646e-05 2.239e-05 1.942e-04 -1.000 4.514e-04 0.595 1.543 1.533 0.835 0.378 -0.054 -0.634 -1.104 -1.178
0.00043772 -1.55000 10.09691 0.7971000075 2.4177060127    0.793  1.714  3.7091  2.412    3  0.000  0.525     0.00     0.00 -1 -5.15e-12      0.00 7.505e-01 2.491e-01 7.645e-05 2.239e-05 1.942e-04 -1.000 4.516e-04 0.486 1.457 1.435 0.730 0.270 -0.166 -0.750 -1.225 -1.299
0.00043772 -1.55000 10.09691 0.7971957326 2.4177398682    0.793  1.757  3.7073  2.361    3  0.000  0.525     0.00     0.00 -1 -5.02e-12      0.00 7.505e-01 2.491e-01 7.645e-05 2.239e-05 1.942e-04 -1.000 4.518e-04 0.377 1.373 1.339 0.626 0.162 -0.277 -0.866 -1.345 -1.420
0.00043772 -1.55000 10.09691 0.7972884178 2.4177725315    0.793  1.803  3.7054  2.308    3  0.000  0.525     0.00     0.00 -1  -5.7e-12      0.00 7.504e-01 2.491e-01 7.645e-05 2.240e-05 1.942e-04 -1.000 4.519e-04 0.263 1.286 1.239 0.517 0.049 -0.393 -0.988 -1.472 -1.548
0.00043772 -1.55000 10.09691 0.7973695397 2.4178011417    0.792  1.846  3.7036  2.257    3  0.000  0.525     0.00     0.00 -1 -7.12e-12      0.00 7.504e-01 2.491e-01 7.645e-05 2.240e-05 1.942e-04 -1.000 4.521e-04 0.154 1.204 1.145 0.414 -0.058 -0.503 -1.104 -1.592 -1.669
0.00043772 -1.55000 10.09691 0.7974441648 2.4178273678    0.792  1.889  3.7017  2.207    3  0.000  0.525     0.00     0.00 -1 -8.83e-12      0.00 7.504e-01 2.491e-01 7.645e-05 2.240e-05 1.942e-04 -1.000 4.522e-04 0.047 1.122 1.052 0.313 -0.164 -0.613 -1.219 -1.711 -1.789
0.00043772 -1.55000 10.09691 0.7975147963 2.4178524017    0.792  1.933  3.6998  2.155    3  0.000  0.525     0.00     0.00 -1 -1.09e-11      0.00 7.504e-01 2.491e-01 7.645e-05 2.240e-05 1.942e-04 -1.000 4.524e-04 -0.061 1.041 0.958 0.210 -0.271 -0.723 -1.335 -1.833 -1.911
0.00043772 -1.55000 10.09691 0.7975770235 2.4178743362    0.792  1.973  3.6979  2.107    3  0.000  0.525     0.00     0.00 -1 -1.33e-11      0.00 7.504e-01 2.491e-01 7.645e-05 2.240e-05 1.942e-04 -1.000 4.525e-04 -0.163 0.967 0.872 0.114 -0.370 -0.826 -1.444 -1.946 -2.025
0.00043772 -1.55000 10.09691 0.7976369262 2.4178953171    0.791  2.012  3.6962  2.061    3  0.000  0.525     0.00     0.00 -1 -1.61e-11      0.00 7.504e-01 2.491e-01 7.645e-05 2.240e-05 1.942e-04 -1.000 4.525e-04 -0.260 0.896 0.789 0.023 -0.466 -0.925 -1.548 -2.056 -2.135
0.00043772 -1.55000 10.09691 0.7976990938 2.4179172516    0.791  2.049  3.6944  2.017    3  0.000  0.525     0.00     0.00 -1 -1.94e-11      0.00 7.504e-01 2.491e-01 7.645e-05 2.240e-05 1.942e-04 -1.000 4.527e-04 -0.352 0.831 0.712 -0.063 -0.556 -1.018 -1.647 -2.159 -2.239
0.00043772 -1.55000 10.09691 0.7977547050 2.4179368019    0.790  2.074  3.6934  1.987    3  0.000  0.525     0.00     0.00 -1 -2.23e-11      0.00 7.504e-01 2.491e-01 7.645e-05 2.241e-05 1.942e-04 -1.000 4.527e-04 -0.415 0.786 0.659 -0.122 -0.617 -1.081 -1.714 -2.229 -2.309
0.00043772 -1.55000 10.09691 0.7978008986 2.4179530144    0.790  2.060  3.6943  2.005    3  0.000  0.525     0.00     0.00 -1 -2.23e-11      0.00 7.504e-01 2.491e-01 7.645e-05 2.241e-05 1.942e-04 -1.000 4.528e-04 -0.379 0.806 0.685 -0.090 -0.583 -1.046 -1.674 -2.187 -2.267
0.00043772 -1.55000 10.09691 0.7978098989 2.4179561138    0.790  2.068  3.6940  1.996    3  0.000  0.525     0.00     0.00 -1 -2.31e-11      0.00 7.504e-01 2.491e-01 7.645e-05 2.241e-05 1.942e-04 -1.000 4.528e-04 -0.399 0.792 0.668 -0.109 -0.603 -1.066 -1.696 -2.209 -2.289
0.00043772 -1.55000 10.09691 0.7978560925 2.4179725647    0.790  2.110  3.6919  1.945    3  0.000  0.525     0.00     0.00 -1 -2.77e-11      0.00 7.504e-01 2.492e-01 7.645e-05 2.241e-05 1.942e-04 -1.000 4.529e-04 -0.506 0.721 0.581 -0.208 -0.707 -1.174 -1.811 -2.330 -2.411
0.00043772 -1.55000 10.09691 0.7978987098 2.4179873466    0.789  2.152  3.6898  1.894    3  0.000  0.525     0.00     0.00 -1 -3.34e-11      0.00 7.504e-01 2.492e-01 7.645e-05 2.241e-05 1.943e-04 -1.000 4.530e-04 -0.611 0.653 0.495 -0.305 -0.810 -1.281 -1.925 -2.450 -2.532
0.00043772 -1.55000 10.09691 0.7979397178 2.4180018902    0.789  2.196  3.6876  1.841    3  0.000  0.525     0.00     0.00 -1 -4.05e-11      0.00 7.504e-01 2.492e-01 7.645e-05 2.241e-05 1.943e-04 -1.000 4.531e-04 -0.720 0.586 0.407 -0.405 -0.915 -1.391 -2.042 -2.574 -2.657
0.00043772 -1.55000 10.09691 0.7979742885 2.4180140495    0.788  2.235  3.6855  1.793    3  0.000  0.525     0.00     0.00 -1 -4.81e-11      0.00 7.504e-01 2.492e-01 7.644e-05 2.241e-05 1.943e-04 -1.000 4.531e-04 -0.819 0.537 0.332 -0.497 -1.013 -1.492 -2.151 -2.689 -2.771
0.00043772 -1.55000 10.09691 0.7980076075 2.4180257320    0.788  2.277  3.6834  1.743    3  0.000  0.525     0.00     0.00 -1 -5.75e-11      0.00 7.504e-01 2.492e-01 7.644e-05 2.241e-05 1.943e-04 -1.000 4.532e-04 -0.922 0.506 0.259 -0.595 -1.117 -1.599 -2.265 -2.810 -2.890
0.00043772 -1.55000 10.09691 0.7980372906 2.4180362225    0.787  2.316  3.6812  1.695    3  0.000  0.525     0.00     0.00 -1 -6.79e-11      0.00 7.504e-01 2.492e-01 7.644e-05 2.241e-05 1.943e-04 -1.000 4.532e-04 -1.020 0.474 0.190 -0.686 -1.215 -1.701 -2.374 -2.925 -3.004
0.00043772 -1.55000 10.09691 0.7980650663 2.4180459976    0.786  2.355  3.6790  1.647    3  0.000  0.525     0.00     0.00 -1 -8.02e-11      0.00 7.504e-01 2.492e-01 7.644e-05 2.241e-05 1.943e-04 -1.000 4.532e-04 -1.118 0.443 0.123 -0.776 -1.312 -1.802 -2.482 -3.039 -3.118
0.00043772 -1.55000 10.09691 0.7980909944 2.4180550575    0.786  2.394  3.6769  1.598    3  0.000  0.525     0.00     0.00 -1 -9.47e-11      0.00 7.504e-01 2.492e-01 7.644e-05 2.241e-05 1.943e-04 -1.000 4.533e-04 -1.216 0.417 0.058 -0.865 -1.409 -1.903 -2.590 -3.153 -3.231
0.00043772 -1.55000 10.09691 0.7981197238 2.4180653095    0.785  2.442  3.6741  1.540    3  0.000  0.525     0.00     0.00 -1 -1.15e-10      0.00 7.504e-01 2.492e-01 7.644e-05 2.241e-05 1.943e-04 -1.000 4.533e-04 -1.334 0.392 -0.017 -0.970 -1.525 -2.024 -2.720 -3.291 -3.368
0.00043772 -1.55000 10.09691 0.7981414199 2.4180729389    0.784  2.480  3.6719  1.492    3  0.000  0.525     0.00     0.00 -1 -1.35e-10      0.00 7.504e-01 2.492e-01 7.644e-05 2.241e-05 1.943e-04 -1.000 4.534e-04 -1.429 0.322 -0.093 -1.052 -1.611 -2.117 -2.822 -3.400 -3.480
0.00043772 -1.55000 10.09691 0.7981654406 2.4180812836    0.783  2.525  3.6692  1.436    3  0.000  0.525     0.00     0.00 -1 -1.62e-10      0.00 7.504e-01 2.492e-01 7.644e-05 2.241e-05 1.943e-04 -1.000 4.534e-04 -1.542 0.308 -0.160 -1.151 -1.721 -2.233 -2.947 -3.532 -3.611
0.00043772 -1.55000 10.09691 0.7981876135 2.4180891514    0.782  2.570  3.6665  1.379    3  0.000  0.525     0.00     0.00 -1 -1.96e-10      0.00 7.504e-01 2.492e-01 7.644e-05 2.242e-05 1.943e-04 -1.000 4.534e-04 -1.656 0.304 -0.222 -1.248 -1.830 -2.348 -3.073 -3.665 -3.744
0.00043772 -1.55000 10.09691 0.7982088923 2.4180965424    0.781  2.617  3.6637  1.320    3  0.000  0.525     0.00     0.00 -1 -2.37e-10      0.00 7.504e-01 2.492e-01 7.644e-05 2.242e-05 1.943e-04 -1.000 4.534e-04 -1.773 0.305 -0.283 -1.347 -1.943 -2.468 -3.202 -3.802 -3.880
0.00043772 -1.55000 10.09691 0.7982264757 2.4181027412    0.779  2.659  3.6609  1.266    3  0.000  0.525     0.00     0.00 -1  -2.8e-10      0.00 7.504e-01 2.492e-01 7.644e-05 2.242e-05 1.943e-04 -1.000 4.536e-04 -1.878 0.319 -0.332 -1.434 -2.042 -2.574 -3.319 -3.927 -4.004
0.00043772 -1.55000 10.09691 0.7982441187 2.4181089401    0.778  2.704  3.6580  1.209    3  0.000  0.525     0.00     0.00 -1 -3.36e-10      0.00 7.504e-01 2.492e-01 7.644e-05 2.242e-05 1.943e-04 -1.000 4.535e-04 -1.990 0.346 -0.379 -1.525 -2.148 -2.688 -3.445 -4.060 -4.138
0.00043772 -1.55000 10.09691 0.7982595563 2.4181144238    0.776  2.747  3.6553  1.154    3  0.000  0.525     0.00     0.00 -1 -3.99e-10      0.00 7.504e-01 2.492e-01 7.644e-05 2.242e-05 1.943e-04 -1.000 4.536e-04 -2.097 0.338 -0.436 -1.610 -2.245 -2.793 -3.561 -4.185 -4.264
0.00043772 -1.55000 10.09691 0.7982739210 2.4181194305    0.775  2.789  3.6524  1.100    3  0.000  0.525     0.00     0.00 -1 -4.73e-10      0.00 7.504e-01 2.492e-01 7.644e-05 2.242e-05 1.943e-04 -1.000 4.536e-04 -2.203 0.334 -0.489 -1.693 -2.341 -2.897 -3.677 -4.310 -4.390
0.00043772 -1.55000 10.09691 0.7982873321 2.4181241989    0.773  2.832  3.6496  1.045    3  0.000  0.525     0.00     0.00 -1  -5.6e-10      0.00 7.504e-01 2.492e-01 7.644e-05 2.242e-05 1.943e-04 -1.000 4.536e-04 -2.310 0.331 -0.543 -1.777 -2.437 -3.002 -3.793 -4.435 -4.516
0.00043772 -1.55000 10.09691 0.7982991338 2.4181282520    0.771  2.872  3.6469  0.992    3  0.000  0.525     0.00     0.00 -1 -6.57e-10      0.00 7.504e-01 2.492e-01 7.644e-05 2.242e-05 1.943e-04 -1.000 4.536e-04 -2.410 0.334 -0.591 -1.853 -2.526 -3.098 -3.902 -4.553 -4.635
0.00043772 -1.55000 10.09691 0.7983106971 2.4181323051    0.769  2.914  3.6440  0.938    3  0.000  0.525     0.00     0.00 -1 -7.76e-10      0.00 7.504e-01 2.492e-01 7.644e-05 2.242e-05 1.943e-04 -1.000 4.537e-04 -2.515 0.352 -0.632 -1.929 -2.617 -3.199 -4.016 -4.676 -4.761
0.00043772 -1.55000 10.09691 0.7983208299 2.4181358814    0.766  2.953  3.6413  0.886    3  0.000  0.525     0.00     0.00 -1 -9.08e-10      0.00 7.504e-01 2.492e-01 7.644e-05 2.242e-05 1.943e-04 -1.000 4.536e-04 -2.613 0.369 -0.670 -2.000 -2.703 -3.295 -4.124 -4.792 -4.878
0.00043772 -1.55000 10.09691 0.7983303070 2.4181392193    0.764  2.992  3.6386  0.835    3  0.000  0.525     0.00     0.00 -1 -1.06e-09      0.00 7.504e-01 2.492e-01 7.644e-05 2.242e-05 1.943e-04 -1.000 4.537e-04 -2.711 0.390 -0.706 -2.069 -2.787 -3.388 -4.230 -4.907 -4.995
0.00043772 -1.55000 10.09691 0.7983396649 2.4181425571    0.761  3.033  3.6356  0.780    3  0.000  0.525     0.00     0.00 -1 -1.25e-09      0.00 7.504e-01 2.492e-01 7.644e-05 2.242e-05 1.943e-04 -1.000 4.537e-04 -2.814 0.419 -0.740 -2.138 -2.873 -3.485 -4.342 -5.029 -5.119
0.00043772 -1.55000 10.09691 0.7983475327 2.4181451797    0.758  3.070  3.6330  0.732    3  0.000  0.525     0.00     0.00 -1 -1.44e-09      0.00 7.504e-01 2.492e-01 7.644e-05 2.242e-05 1.943e-04 -1.000 4.537e-04 -2.905 0.443 -0.771 -2.201 -2.950 -3.572 -4.441 -5.137 -5.228
0.00043772 -1.55000 10.09691 0.7983556986 2.4181480408    0.755  3.110  3.6301  0.679    3  0.000  0.525     0.00     0.00 -1 -1.69e-09      0.00 7.504e-01 2.492e-01 7.644e-05 2.242e-05 1.943e-04 -1.000 4.537e-04 -3.005 0.471 -0.803 -2.269 -3.034 -3.666 -4.549 -5.255 -5.348
0.00043772 -1.55000 10.09691 0.7983629704 2.4181506634    0.752  3.148  3.6273  0.627    3  0.000  0.525     0.00     0.00 -1 -1.97e-09      0.00 7.503e-01 2.492e-01 7.644e-05 2.242e-05 1.943e-04 -1.000 4.537e-04 -3.100 0.502 -0.831 -2.330 -3.112 -3.755 -4.652 -5.368 -5.463
0.00043772 -1.55000 10.09691 0.7983698845 2.4181530476    0.748  3.186  3.6247  0.577    3  0.000  0.525     0.00     0.00 -1 -2.28e-09      0.00 7.503e-01 2.492e-01 7.644e-05 2.242e-05 1.943e-04 -1.000 4.538e-04 -3.195 0.530 -0.861 -2.392 -3.190 -3.843 -4.754 -5.479 -5.576
0.00043772 -1.55000 10.09691 0.7983765006 2.4181554317    0.743  3.225  3.6219  0.524    3  0.000  0.525     0.00     0.00 -1 -2.66e-09      0.00 7.503e-01 2.492e-01 7.644e-05 2.242e-05 1.943e-04 -1.000 4.538e-04 -3.291 0.567 -0.886 -2.453 -3.268 -3.933 -4.858 -5.593 -5.692
0.00043772 -1.55000 10.09691 0.7983825207 2.4181575775    0.739  3.261  3.6192  0.474    3  0.000  0.525     0.00     0.00 -1 -3.08e-09      0.00 7.503e-01 2.492e-01 7.644e-05 2.242e-05 1.943e-04 -1.000 4.538e-04 -3.383 0.605 -0.905 -2.507 -3.341 -4.017 -4.956 -5.700 -5.802
0.00043772 -1.55000 10.09691 0.7983892560 2.4181599617    0.733  3.300  3.6164  0.420    3  0.000  0.525     0.00     0.00 -1 -3.62e-09      0.00 7.503e-01 2.492e-01 7.644e-05 2.242e-05 1.943e-04 -1.000 4.537e-04 -3.481 0.650 -0.920 -2.561 -3.416 -4.107 -5.062 -5.816 -5.921
0.00043772 -1.55000 10.09691 0.7983892560 2.4181599617    0.731  1.711  3.7928  2.714    4  0.000  0.526     0.00     0.00 -1    -1e-30      0.00 7.438e-01 2.558e-01 7.843e-05 2.301e-05 1.992e-04 -1.000 4.564e-04 0.493 0.891 0.951 0.557 0.267 -0.018 -0.380 -0.662 -0.693
0.00043772 -1.55000 10.09691 0.7983924150 2.4181611538    0.731  1.723  3.7892  2.687    4  0.000  0.526     0.00     0.00 -1    -1e-30      0.00 7.438e-01 2.558e-01 7.843e-05 2.301e-05 1.992e-04 -1.000 4.564e-04 0.461 0.873 0.936 0.531 0.234 -0.058 -0.429 -0.720 -0.752
0.00043772 -1.55000 10.09691 0.7984452248 2.4181795120    0.731  1.729  3.7885  2.679    4  0.000  0.526     0.00     0.00 -1    -1e-30      0.00 7.438e-01 2.558e-01 7.843e-05 2.301e-05 1.992e-04 -1.000 4.564e-04 0.447 0.861 0.925 0.518 0.219 -0.074 -0.447 -0.739 -0.771
0.00043772 -1.55000 10.09691 0.7984986901 2.4181983471    0.731  1.730  3.7890  2.679    4  0.000  0.526     0.00     0.00 -1    -1e-30      0.00 7.438e-01 2.558e-01 7.843e-05 2.301e-05 1.992e-04 -1.000 4.564e-04 0.444 0.856 0.919 0.514 0.216 -0.076 -0.448 -0.738 -0.770
0.00043772 -1.55000 10.09691 0.7985532880 2.4182176590    0.731  1.731  3.7900  2.683    4  0.000  0.526     0.00     0.00 -1    -1e-30      0.00 7.438e-01 2.558e-01 7.843e-05 2.301e-05 1.992e-04 -1.000 4.564e-04 0.443 0.851 0.913 0.511 0.215 -0.075 -0.444 -0.733 -0.764
0.00043772 -1.55000 10.09691 0.7986074090 2.4182364941    0.731  1.731  3.7915  2.689    4  0.000  0.526     0.00     0.00 -1    -1e-30      0.00 7.438e-01 2.558e-01 7.843e-05 2.301e-05 1.992e-04 -1.000 4.564e-04 0.443 0.846 0.906 0.508 0.215 -0.072 -0.437 -0.722 -0.753
0.00043772 -1.55000 10.09691 0.7986582518 2.4182543755    0.731  1.730  3.7933  2.697    4  0.000  0.526     0.00     0.00 -1    -1e-30      0.00 7.438e-01 2.558e-01 7.843e-05 2.301e-05 1.992e-04 -1.000 4.564e-04 0.444 0.841 0.898 0.506 0.217 -0.067 -0.428 -0.708 -0.739
0.00043772 -1.55000 10.09691 0.7987082601 2.4182720184    0.731  1.730  3.7954  2.706    4  0.000  0.526     0.00     0.00 -1    -1e-30      0.00 7.438e-01 2.558e-01 7.843e-05 2.301e-05 1.992e-04 -1.000 4.564e-04 0.446 0.836 0.890 0.504 0.220 -0.061 -0.416 -0.692 -0.722
0.00043772 -1.55000 10.09691 0.7987588644 2.4182896614    0.731  1.729  3.7977  2.716    4  0.000  0.526     0.00     0.00 -1    -1e-30      0.00 7.438e-01 2.558e-01 7.843e-05 2.301e-05 1.992e-04 -1.000 4.564e-04 0.448 0.830 0.880 0.503 0.223 -0.053 -0.403 -0.673 -0.702
0.00043772 -1.55000 10.09691 0.7988117933 2.4183082581    0.731  1.728  3.8004  2.728    4  0.000  0.526     0.00     0.00 -1    -1e-30      0.00 7.438e-01 2.558e-01 7.843e-05 2.301e-05 1.992e-04 -1.000 4.564e-04 0.451 0.823 0.870 0.501 0.226 -0.045 -0.387 -0.652 -0.680
0.00043772 -1.55000 10.09691 0.7988640070 2.4183266163    0.731  1.727  3.8029  2.739    4  0.000  0.526     0.00     0.00 -1    -1e-30      0.00 7.438e-01 2.558e-01 7.843e-05 2.301e-05 1.992e-04 -1.000 4.564e-04 0.453 0.818 0.861 0.499 0.230 -0.037 -0.373 -0.632 -0.659
0.00043772 -1.55000 10.09691 0.7989176512 2.4183454514    0.731  1.726  3.8052  2.749    4  0.000  0.526     0.00     0.00 -1    -1e-30      0.00 7.438e-01 2.558e-01 7.843e-05 2.301e-05 1.992e-04 -1.000 4.564e-04 0.455 0.813 0.852 0.497 0.233 -0.030 -0.360 -0.614 -0.640
0.00043772 -1.55000 10.09691 0.7989709377 2.4183640480    0.731  1.726  3.8072  2.757    4  0.000  0.526     0.00     0.00 -1    -1e-30      0.00 7.438e-01 2.558e-01 7.843e-05 2.301e-05 1.992e-04 -1.000 4.565e-04 0.456 0.808 0.844 0.495 0.235 -0.024 -0.350 -0.599 -0.625
0.00043772 -1.55000 10.09691 0.7990235686 2.4183826447    0.731  1.725  3.8086  2.763    4  0.000  0.526     0.00     0.00 -1    -1e-30      0.00 7.438e-01 2.558e-01 7.843e-05 2.301e-05 1.992e-04 -1.000 4.564e-04 0.457 0.805 0.838 0.494 0.237 -0.020 -0.342 -0.588 -0.613
0.00043772 -1.55000 10.09691 0.7990745902 2.4184005260    0.732  1.725  3.8093  2.766    4  0.000  0.526     0.00     0.00 -1    -1e-30      0.00 7.438e-01 2.558e-01 7.843e-05 2.301e-05 1.992e-04 -1.000 4.564e-04 0.457 0.803 0.835 0.493 0.237 -0.018 -0.339 -0.583 -0.608
0.00043772 -1.55000 10.09691 0.7990968227 2.4184083939    0.732  1.725  3.8097  2.768    4  0.000  0.526     0.00     0.00 -1    -1e-30      0.00 7.438e-01 2.558e-01 7.843e-05 2.301e-05 1.992e-04 -1.000 4.564e-04 0.457 0.801 0.833 0.492 0.237 -0.017 -0.336 -0.580 -0.605
0.00043772 -1.55000 10.09691 0.7991085052 2.4184124470    0.732  1.725  3.8097  2.768    4  0.000  0.526     0.00     0.00 -1    -1e-30      0.00 7.438e-01 2.558e-01 7.843e-05 2.301e-05 1.992e-04 -1.000 4.564e-04 0.457 0.801 0.833 0.492 0.237 -0.017 -0.337 -0.580 -0.605
0.00043772 -1.55000 10.09691 0.7991595268 2.4184303284    0.732  1.726  3.8095  2.766    4  0.000  0.526     0.00     0.00 -1    -1e-30      0.00 7.438e-01 2.558e-01 7.843e-05 2.301e-05 1.992e-04 -1.000 4.564e-04 0.455 0.800 0.832 0.490 0.235 -0.019 -0.339 -0.583 -0.609
0.00043772 -1.55000 10.09691 0.7992112637 2.4184484482    0.732  1.727  3.8087  2.762    4  0.000  0.526     0.00     0.00 -1    -1e-30      0.00 7.438e-01 2.558e-01 7.843e-05 2.301e-05 1.992e-04 -1.000 4.564e-04 0.453 0.801 0.834 0.489 0.232 -0.024 -0.346 -0.592 -0.617
0.00043772 -1.55000 10.09691 0.7992620468 2.4184660912    0.732  1.728  3.8071  2.754    4  0.000  0.526     0.00     0.00 -1    -1e-30      0.00 7.438e-01 2.558e-01 7.843e-05 2.301e-05 1.992e-04 -1.000 4.564e-04 0.449 0.802 0.837 0.488 0.228 -0.031 -0.357 -0.606 -0.632
0.00043772 -1.55000 10.09691 0.7993121147 2.4184837341    0.732  1.730  3.8050  2.744    4  0.000  0.526     0.00     0.00 -1    -1e-30      0.00 7.438e-01 2.558e-01 7.843e-05 2.301e-05 1.992e-04 -1.000 4.564e-04 0.445 0.804 0.843 0.487 0.223 -0.040 -0.371 -0.625 -0.652
0.00043772 -1.55000 10.09691 0.7993620038 2.4185011387    0.732  1.732  3.8022  2.731    4  0.000  0.526     0.00     0.00 -1    -1e-30      0.00 7.438e-01 2.558e-01 7.843e-05 2.301e-05 1.992e-04 -1.000 4.564e-04 0.439 0.807 0.850 0.486 0.216 -0.052 -0.390 -0.651 -0.678
0.00043772 -1.55000 10.09691 0.7994115353 2.4185185432    0.732  1.735  3.7989  2.715    4  0.000  0.526     0.00     0.00 -1    -1e-30      0.00 7.438e-01 2.558e-01 7.843e-05 2.301e-05 1.992e-04 -1.000 4.564e-04 0.433 0.811 0.859 0.485 0.208 -0.066 -0.413 -0.681 -0.709
0.00043772 -1.55000 10.09691 0.7994610667 2.4185359478    0.732  1.738  3.7951  2.697    4  0.000  0.526     0.00     0.00 -1    -1e-30      0.00 7.438e-01 2.558e-01 7.843e-05 2.301e-05 1.992e-04 -1.000 4.564e-04 0.425 0.816 0.870 0.484 0.199 -0.082 -0.438 -0.715 -0.744
0.00043772 -1.55000 10.09691 0.7994657755 2.4185376167    0.732  1.738  3.7948  2.695    4  0.000  0.526     0.00     0.00 -1    -1e-30      0.00 7.438e-01 2.558e-01 7.843e-05 2.301e-05 1.992e-04 -1.000 4.564e-04 0.424 0.817 0.871 0.483 0.198 -0.084 -0.441 -0.718 -0.748
0.00043772 -1.55000 10.09691 0.7994738221 2.4185404778    0.732  1.739  3.7941  2.692    4  0.000  0.526     0.00     0.00 -1    -1e-30      0.00 7.438e-01 2.558e-01 7.843e-05 2.301e-05 1.992e-04 -1.000 4.564e-04 0.423 0.818 0.872 0.483 0.196 -0.087 -0.445 -0.724 -0.754
0.00043772 -1.55000 10.09691 0.7995212674 2.4185569286    0.732  1.742  3.7903  2.673    4  0.000  0.526     0.00     0.00 -1    -1e-30      0.00 7.438e-01 2.558e-01 7.843e-05 2.301e-05 1.992e-04 -1.000 4.564e-04 0.414 0.822 0.882 0.481 0.186 -0.104 -0.472 -0.759 -0.791
0.00043772 -1.55000 10.09691 0.7995675206 2.4185731411    0.732  1.746  3.7864  2.654    4  0.000  0.526     0.00     0.00 -1    -1e-30      0.00 7.438e-01 2.558e-01 7.843e-05 2.301e-05 1.992e-04 -1.000 4.564e-04 0.404 0.827 0.891 0.478 0.175 -0.121 -0.499 -0.796 -0.829
0.00043772 -1.55000 10.09691 0.7996169329 2.4185905457    0.732  1.751  3.7823  2.633    4  0.000  0.526     0.00     0.00 -1    -1e-30      0.00 7.438e-01 2.558e-01 7.843e-05 2.301e-05 1.992e-04 -1.000 4.564e-04 0.393 0.831 0.900 0.474 0.163 -0.141 -0.530 -0.835 -0.870
0.00043772 -1.55000 10.09691 0.7996639609 2.4186069965    0.732  1.756  3.7784  2.613    4  0.000  0.526     0.00     0.00 -1    -1e-30      0.00 7.438e-01 2.558e-01 7.843e-05 2.301e-05 1.992e-04 -1.000 4.564e-04 0.381 0.836 0.908 0.469 0.150 -0.161 -0.559 -0.874 -0.910
0.00043772 -1.55000 10.09691 0.7997090816 2.4186227322    0.732  1.761  3.7750  2.594    4  0.000  0.526     0.00     0.00 -1    -1e-30      0.00 7.438e-01 2.558e-01 7.843e-05 2.301e-05 1.992e-04 -1.000 4.564e-04 0.369 0.842 0.914 0.463 0.137 -0.181 -0.588 -0.912 -0.949
0.00043772 -1.55000 10.09691 0.7997555733 2.4186389446    0.732  1.766  3.7715  2.574    4  0.000  0.526     0.00     0.00 -1    -1e-30      0.00 7.438e-01 2.558e-01 7.843e-05 2.301e-05 1.992e-04 -1.000 4.564e-04 0.355 0.846 0.918 0.456 0.123 -0.201 -0.618 -0.951 -0.990
0.00043772 -1.55000 10.09691 0.7998012304 2.4186549187    0.732  1.772  3.7684  2.556    4  0.000  0.526     0.00     0.00 -1    -1e-30      0.00 7.438e-01 2.558e-01 7.843e-05 2.301e-05 1.992e-04 -1.000 4.564e-04 0.340 0.847 0.920 0.447 0.108 -0.222 -0.647 -0.987 -1.027
0.00043772 -1.55000 10.09691 0.7998473048 2.4186711311    0.732  1.778  3.7656  2.540    4  0.000  0.526     0.00     0.00 -1    -1e-30      0.00 7.438e-01 2.558e-01 7.843e-05 2.301e-05 1.992e-04 -1.000 4.564e-04 0.326 0.847 0.921 0.438 0.093 -0.241 -0.673 -1.020 -1.061
0.00043772 -1.55000 10.09691 0.7998934388 2.4186873436    0.732  1.784  3.7630  2.523    4  0.000  0.526     0.00     0.00 -1    -1e-30      0.00 7.438e-01 2.558e-01 7.843e-05 2.301e-05 1.992e-04 -1.000 4.564e-04 0.310 0.844 0.919 0.428 0.078 -0.262 -0.701 -1.054 -1.096
0.00043772 -1.55000 10.09691 0.7999398708 2.4187035561    0.732  1.792  3.7602  2.504    4  0.000  0.526     0.00     0.00 -1    -1e-30      0.00 7.438e-01 2.558e-01 7.843e-05 2.301e-05 1.992e-04 -1.000 4.564e-04 0.291 0.839 0.914 0.413 0.058 -0.286 -0.733 -1.092 -1.136
0.00043772 -1.55000 10.09691 0.7999491692 2.4187068939    0.732  1.792  3.7601  2.503    4  0.000  0.526     0.00     0.00 -1    -1e-30      0.00 7.438e-01 2.558e-01 7.843e-05 2.301e-05 1.992e-04 -1.000 4.564e-04 0.289 0.838 0.913 0.412 0.056 -0.288 -0.735 -1.094 -1.138
0.00043772 -1.55000 10.09691 0.7999967933 2.4187233448    0.733  1.803  3.7567  2.479    4  0.000  0.526     0.00     0.00 -1    -1e-30      0.00 7.438e-01 2.558e-01 7.843e-05 2.301e-05 1.992e-04 -1.000 4.564e-04 0.263 0.833 0.907 0.393 0.030 -0.320 -0.776 -1.143 -1.189
0.00043772 -1.55000 10.09691 0.8000437021 2.4187397957    0.733  1.817  3.7529  2.449    4  0.000  0.526     0.00     0.00 -1    -1e-30      0.00 7.438e-01 2.558e-01 7.843e-05 2.301e-05 1.992e-04 -1.000 4.564e-04 0.227 0.822 0.893 0.365 -0.005 -0.363 -0.828 -1.204 -1.252
0.00043772 -1.55000 10.09691 0.8000831604 2.4187536240    0.733  1.848  3.7460  2.391    4  0.000  0.526     0.00     0.00 -1    -1e-30      0.00 7.438e-01 2.558e-01 7.843e-05 2.301e-05 1.992e-04 -1.000 4.564e-04 0.150 0.789 0.853 0.301 -0.083 -0.453 -0.935 -1.326 -1.378
0.00043772 -1.55000 10.09691 0.8001045585 2.4187610149    0.733  1.888  3.7385  2.321    4  0.000  0.526     0.00     0.00 -1    -1e-30      0.00 7.438e-01 2.558e-01 7.843e-05 2.301e-05 1.992e-04 -1.000 4.564e-04 0.050 0.745 0.797 0.216 -0.182 -0.565 -1.067 -1.473 -1.530
0.00043772 -1.55000 10.09691 0.8001142144 2.4187645912    0.733  1.930  3.7317  2.252    4  0.000  0.526     0.00     0.00 -1    -1e-30      0.00 7.438e-01 2.558e-01 7.843e-05 2.301e-05 1.992e-04 -1.000 4.564e-04 -0.055 0.702 0.733 0.126 -0.286 -0.681 -1.201 -1.622 -1.683
0.00043772 -1.55000 10.09691 0.8001185060 2.4187660217    0.733  1.972  3.7259  2.187    4  0.000  0.526     0.00     0.00 -1    -1e-30      0.00 7.438e-01 2.558e-01 7.843e-05 2.301e-05 1.992e-04 -1.000 4.564e-04 -0.159 0.656 0.667 0.036 -0.389 -0.793 -1.329 -1.764 -1.827
0.00043772 -1.55000 10.09691 0.8001205921 2.4187667370    0.733  2.010  3.7213  2.130    4  0.000  0.526     0.00     0.00 -1    -1e-30      0.00 7.438e-01 2.558e-01 7.843e-05 2.301e-05 1.992e-04 -1.000 4.564e-04 -0.255 0.607 0.601 -0.050 -0.484 -0.896 -1.445 -1.891 -1.956
0.00043772 -1.55000 10.09691 0.8001214266 2.4187669754    0.733  2.034  3.7186  2.095    7  0.000  0.526     0.00     0.00 -1    -1e-30      0.00 7.438e-01 2.558e-01 7.843e-05 2.301e-05 1.992e-04 -1.000 4.564e-04 -0.316 0.576 0.559 -0.104 -0.543 -0.960 -1.516 -1.968 -2.035
0.00043772 -1.55000 10.09691 0.8001224399 2.4187674522    0.733  2.075  3.7149  2.039    7  0.000  0.526     0.00     0.00 -1    -1e-30      0.00 7.438e-01 2.558e-01 7.843e-05 2.301e-05 1.992e-04 -1.000 4.564e-04 -0.417 0.519 0.484 -0.195 -0.643 -1.067 -1.634 -2.094 -2.163
0.00043772 -1.55000 10.09691 0.8001233935 2.4187676907    0.733  2.111  3.7118  1.991    7  0.000  0.526     0.00     0.00 -1    -1e-30      0.00 7.438e-01 2.558e-01 7.843e-05 2.301e-05 1.992e-04 -1.000 4.564e-04 -0.508 0.466 0.417 -0.277 -0.732 -1.161 -1.737 -2.205 -2.275
0.00043772 -1.55000 10.09691 0.8001242876 2.4187679291    0.733  2.135  3.7099  1.960    7  0.000  0.526     0.00     0.00 -1    -1e-30      0.00 7.438e-01 2.558e-01 7.843e-05 2.301e-05 1.992e-04 -1.000 4.564e-04 -0.566 0.432 0.372 -0.331 -0.789 -1.222 -1.804 -2.277 -2.348
0.00043772 -1.55000 10.09691 0.8001252413 2.4187684059    0.733  2.153  3.7084  1.936    7  0.000  0.526     0.00     0.00 -1    -1e-30      0.00 7.438e-01 2.558e-01 7.843e-05 2.301e-05 1.992e-04 -1.000 4.564e-04 -0.612 0.408 0.338 -0.372 -0.834 -1.270 -1.855 -2.332 -2.403
0.00043772 -1.55000 10.09691 0.8001266122 2.4187688828    0.733  2.160  3.7079  1.927    7  0.000  0.526     0.00     0.00 -1    -1e-30      0.00 7.438e-01 2.558e-01 7.843e-05 2.301e-05 1.992e-04 -1.000 4.564e-04 -0.630 0.397 0.324 -0.389 -0.852 -1.288 -1.876 -2.353 -2.425
0.00043772 -1.55000 10.09691 0.8001291752 2.4187698364    0.733  2.154  3.7084  1.935    7  0.000  0.526     0.00     0.00 -1    -1e-30      0.00 7.438e-01 2.558e-01 7.843e-05 2.301e-05 1.992e-04 -1.000 4.565e-04 -0.615 0.405 0.335 -0.375 -0.837 -1.273 -1.859 -2.335 -2.407
0.00043772 -1.55000 10.09691 0.8001334071 2.4187712669    0.733  2.145  3.7091  1.947    7  0.000  0.526     0.00     0.00 -1    -1e-30      0.00 7.438e-01 2.558e-01 7.843e-05 2.301e-05 1.992e-04 -1.000 4.564e-04 -0.592 0.417 0.352 -0.354 -0.815 -1.249 -1.833 -2.307 -2.379
0.00043772 -1.55000 10.09691 0.8001592755 2.4187803268    0.733  2.157  3.7079  1.930    7  0.000  0.526     0.00     0.00 -1    -1e-30      0.00 7.438e-01 2.558e-01 7.843e-05 2.301e-05 1.992e-04 -1.000 4.564e-04 -0.622 0.404 0.332 -0.381 -0.844 -1.280 -1.868 -2.345 -2.417
0.00043772 -1.55000 10.09691 0.8001750112 2.4187858105    0.733  2.173  3.7065  1.908    7  0.000  0.526     0.00     0.00 -1    -1e-30      0.00 7.438e-01 2.558e-01 7.843e-05 2.301e-05 1.992e-04 -1.000 4.564e-04 -0.663 0.385 0.304 -0.417 -0.883 -1.323 -1.915 -2.396 -2.468
0.00043772 -1.55000 10.09691 0.8001940250 2.4187924862    0.733  2.214  3.7031  1.853    7  0.000  0.526     0.00     0.00 -1    -1e-30      0.00 7.438e-01 2.558e-01 7.843e-05 2.301e-05 1.992e-04 -1.000 4.564e-04 -0.766 0.331 0.229 -0.509 -0.984 -1.429 -2.032 -2.522 -2.596
0.00043772 -1.55000 10.09691 0.8002134562 2.4187991619    0.733  2.257  3.6998  1.797    7  0.000  0.526     0.00     0.00 -1    -1e-30      0.00 7.438e-01 2.558e-01 7.843e-05 2.301e-05 1.992e-04 -1.000 4.564e-04 -0.873 0.274 0.149 -0.606 -1.088 -1.540 -2.153 -2.652 -2.728
0.00043772 -1.55000 10.09691 0.8002309203 2.4188053608    0.733  2.300  3.6966  1.741    7  0.000  0.526     0.00     0.00 -1    -1e-30      0.00 7.438e-01 2.558e-01 7.843e-05 2.301e-05 1.992e-04 -1.000 4.565e-04 -0.980 0.220 0.072 -0.701 -1.191 -1.649 -2.273 -2.780 -2.857
0.00043772 -1.55000 10.09691 0.8002463579 2.4188106060    0.733  2.342  3.6935  1.687    7  0.000  0.526     0.00     0.00 -1    -1e-30      0.00 7.438e-01 2.558e-01 7.842e-05 2.301e-05 1.992e-04 -1.000 4.543e-04 -1.085 0.166 -0.005 -0.795 -1.293 -1.757 -2.390 -2.907 -2.985
0.00043772 -1.55000 10.09691 0.8002600670 2.4188153744    0.733  2.384  3.6904  1.633    7  0.000  0.525     0.00     0.00 -1    -1e-30      0.00 7.438e-01 2.558e-01 7.841e-05 2.301e-05 1.992e-04 -1.000 4.537e-04 -1.190 0.112 -0.081 -0.888 -1.394 -1.864 -2.508 -3.033 -3.112
0.00043772 -1.55000 10.09691 0.8002720475 2.4188196659    0.733  2.426  3.6874  1.579    7  0.000  0.525     0.00     0.00 -1    -1e-30      0.00 7.438e-01 2.558e-01 7.836e-05 2.303e-05 1.992e-04 -1.000 4.537e-04 -1.294 0.063 -0.155 -0.980 -1.493 -1.969 -2.623 -3.158 -3.238
0.00043772 -1.55000 10.09691 0.8002827168 2.4188234806    0.733  2.467  3.6843  1.525    7  0.000  0.523     0.00     0.00 -1    -1e-30      0.00 7.438e-01 2.558e-01 7.817e-05 2.312e-05 1.992e-04 -1.000 4.538e-04 -1.398 0.065 -0.214 -1.076 -1.599 -2.080 -2.743 -3.286 -3.364
0.00043772 -1.55000 10.09691 0.8002923727 2.4188268185    0.733  2.509  3.6813  1.471    7  0.000  0.519     0.00     0.00 -1    -1e-30      0.00 7.438e-01 2.558e-01 7.760e-05 2.353e-05 1.992e-04 -1.000 4.565e-04 -1.503 0.006 -0.290 -1.166 -1.697 -2.185 -2.859 -3.411 -3.492
0.00043772 -1.55000 10.09691 0.8003011942 2.4188299179    0.733  2.552  3.6782  1.416    7  0.000  0.510     0.00     0.00 -1    -1e-30      0.00 7.437e-01 2.558e-01 7.637e-05 2.472e-05 1.992e-04 -1.000 4.565e-04 -1.609 -0.004 -0.351 -1.258 -1.800 -2.294 -2.979 -3.539 -3.619
0.00043772 -1.55000 10.09691 0.8003094196 2.4188327789    0.733  2.594  3.6750  1.361    7  0.000  0.498     0.00     0.00 -1    -1e-30      0.00 7.437e-01 2.558e-01 7.455e-05 2.681e-05 1.992e-04 -1.000 4.564e-04 -1.715 -0.004 -0.407 -1.350 -1.903 -2.405 -3.100 -3.668 -3.747
0.00043772 -1.55000 10.09691 0.8003171086 2.4188354015    0.733  2.637  3.6718  1.305    7  0.000  0.485     0.00     0.00 -1    -1e-30      0.00 7.437e-01 2.559e-01 7.265e-05 2.913e-05 1.992e-04 -1.000 4.474e-04 -1.823 0.005 -0.460 -1.441 -2.007 -2.516 -3.222 -3.799 -3.877
0.00043772 -1.55000 10.09691 0.8003244996 2.4188380241    0.733  2.681  3.6685  1.248    7  0.000  0.474     0.00     0.00 -1    -1e-30      0.00 7.436e-01 2.559e-01 7.093e-05 3.123e-05 1.991e-04 -1.000 4.563e-04 -1.932 0.023 -0.508 -1.531 -2.112 -2.628 -3.346 -3.931 -4.009
0.00043772 -1.55000 10.09691 0.8003314734 2.4188404083    0.733  2.724  3.6652  1.192    7  0.000  0.464     0.00     0.00 -1    -1e-30      0.00 7.435e-01 2.560e-01 6.947e-05 3.302e-05 1.991e-04 -1.000 4.564e-04 -2.039 0.052 -0.552 -1.618 -2.214 -2.738 -3.467 -4.061 -4.139
0.00043772 -1.55000 10.09691 0.8003382087 2.4188427925    0.733  2.766  3.6619  1.136    7  0.000  0.456     0.00     0.00 -1    -1e-30      0.00 7.435e-01 2.561e-01 6.824e-05 3.453e-05 1.991e-04 -1.000 4.564e-04 -2.146 0.090 -0.590 -1.703 -2.315 -2.848 -3.589 -4.191 -4.269
0.00043772 -1.55000 10.09691 0.8003442287 2.4188449383    0.733  2.808  3.6587  1.081    7  0.000  0.449     0.00     0.00 -1    -1e-30      0.00 7.434e-01 2.562e-01 6.718e-05 3.583e-05 1.991e-04 -1.000 4.565e-04 -2.251 0.141 -0.621 -1.784 -2.413 -2.955 -3.709 -4.320 -4.397
0.00043772 -1.55000 10.09691 0.8003493547 2.4188466072    0.733  2.848  3.6555  1.029    7  0.000  0.443     0.00     0.00 -1    -1e-30      0.00 7.433e-01 2.563e-01 6.631e-05 3.690e-05 1.990e-04 -1.000 4.564e-04 -2.350 0.161 -0.660 -1.858 -2.501 -3.052 -3.819 -4.440 -4.518
0.00043772 -1.55000 10.09691 0.8003535271 2.4188480377    0.733  2.887  3.6524  0.978    7  0.000  0.438     0.00     0.00 -1    -1e-30      0.00 7.431e-01 2.564e-01 6.556e-05 3.782e-05 1.989e-04 -1.000 4.564e-04 -2.448 0.175 -0.700 -1.930 -2.587 -3.147 -3.927 -4.558 -4.637
0.00043772 -1.55000 10.09691 0.8003571630 2.4188494682    0.733  2.928  3.6492  0.924    7  0.000  0.434     0.00     0.00 -1    -1e-30      0.00 7.430e-01 2.565e-01 6.488e-05 3.867e-05 1.988e-04 -1.000 4.473e-04 -2.549 0.198 -0.735 -2.002 -2.675 -3.245 -4.039 -4.680 -4.761
0.00043772 -1.55000 10.09691 0.8003606200 2.4188506603    0.733  2.972  3.6456  0.865    7  0.000  0.430     0.00     0.00 -1    -1e-30      0.00 7.429e-01 2.566e-01 6.425e-05 3.947e-05 1.987e-04 -1.000 4.565e-04 -2.661 0.232 -0.771 -2.079 -2.770 -3.352 -4.162 -4.815 -4.898
0.00043772 -1.55000 10.09691 0.8003640771 2.4188518524    0.733  3.020  3.6416  0.801    7  0.000  0.427     0.00     0.00 -1    -1e-30      0.00 7.428e-01 2.568e-01 6.374e-05 4.014e-05 1.985e-04 -1.000 4.565e-04 -2.781 0.272 -0.807 -2.160 -2.871 -3.466 -4.295 -4.960 -5.045
0.00043772 -1.55000 10.09691 0.8003671765 2.4188528061    0.733  3.067  3.6377  0.739    7  0.000  0.425     0.00     0.00 -1    -1e-30      0.00 7.426e-01 2.569e-01 6.335e-05 4.070e-05 1.982e-04 -1.000 4.564e-04 -2.898 0.316 -0.840 -2.237 -2.969 -3.577 -4.424 -5.102 -5.190
0.00043772 -1.55000 10.09691 0.8003682494 2.4188532829    0.733  3.095  3.6354  0.702    7  0.000  0.424     0.00     0.00 -1    -1e-30      0.00 7.426e-01 2.569e-01 6.316e-05 4.098e-05 1.981e-04 -1.000 4.565e-04 -2.967 0.345 -0.856 -2.280 -3.024 -3.641 -4.500 -5.186 -5.275
0.00043772 -1.55000 10.09691 0.8003684282 2.4188532829    0.733  3.105  3.6345  0.688    7  0.000  0.424     0.00     0.00 -1    -1e-30      0.00 7.426e-01 2.570e-01 6.311e-05 4.108e-05 1.981e-04 -1.000 4.564e-04 -2.993 0.355 -0.863 -2.297 -3.046 -3.666 -4.528 -5.217 -5.307
0.00043772 -1.55000 10.09691 0.8003687859 2.4188535213    0.733  3.121  3.6332  0.667    7  0.000  0.423     0.00     0.00 -1    -1e-30      0.00 7.425e-01 2.570e-01 6.301e-05 4.127e-05 1.980e-04 -1.000 4.565e-04 -3.033 0.370 -0.874 -2.322 -3.078 -3.703 -4.571 -5.265 -5.356
0.00043772 -1.55000 10.09691 0.8003692031 2.4188535213    0.733  3.147  3.6311  0.633    7  0.000  0.422     0.00     0.00 -1    -1e-30      0.00 7.424e-01 2.572e-01 6.270e-05 4.185e-05 1.976e-04 -1.000 4.565e-04 -3.096 0.399 -0.889 -2.362 -3.130 -3.762 -4.641 -5.342 -5.435
0.00043772 -1.55000 10.09691 0.8003694415 2.4188537598    0.733  3.166  3.6294  0.607    7  0.549  0.421     0.00     0.00 -1    -1e-30      0.00 7.423e-01 2.573e-01 6.236e-05 4.246e-05 1.973e-04 -1.000 4.565e-04 -3.144 0.422 -0.898 -2.391 -3.168 -3.806 -4.694 -5.401 -5.494
0.00043772 -1.55000 10.09691 0.8003695011 2.4188537598    0.733  3.414  3.6091  0.277    8  0.549  0.390    94.10    44.53  1 -1.35e-06      0.00 7.290e-01 2.706e-01 6.375e-05 5.931e-05 2.177e-04 -1.000 3.690e-04 -3.766 0.753 -0.976 -2.723 -3.638 -4.366 -5.366 -6.145 -6.258
0.00043772 -1.55000 10.09691 0.8003695607 2.4188537598    0.733  3.270  3.6181  0.457    8  0.549  0.390    63.79    31.82  1 -6.99e-07      0.00 7.290e-01 2.706e-01 6.375e-05 5.931e-05 2.177e-04 -1.000 3.690e-04 -3.405 0.636 -0.895 -2.511 -3.354 -4.034 -4.981 -5.729 -5.833
0.00043772 -1.55000 10.09691 0.8003696203 2.4188537598    0.733  3.125  3.6313  0.655    8  0.549  0.390    41.66    22.01  1 -3.53e-07      0.00 7.290e-01 2.706e-01 6.375e-05 5.931e-05 2.177e-04 -1.000 3.690e-04 -3.042 0.426 -0.848 -2.313 -3.077 -3.708 -4.586 -5.287 -5.379
0.00043772 -1.55000 10.09691 0.8003697991 2.4188537598    0.732  2.931  3.6489  0.919    8  0.549  0.390    23.57    13.45  1 -1.37e-07      0.00 7.290e-01 2.706e-01 6.375e-05 5.931e-05 2.177e-04 -1.000 3.691e-04 -2.558 0.201 -0.738 -2.008 -2.682 -3.254 -4.049 -4.691 -4.772
0.00043772 -1.55000 10.09691 0.8003699780 2.4188537598    0.731  2.937  3.6483  0.910    8  0.549  0.390    24.01    13.65  1 -1.41e-07      0.00 7.290e-01 2.706e-01 6.375e-05 5.931e-05 2.177e-04 -1.000 3.691e-04 -2.573 0.208 -0.741 -2.018 -2.694 -3.268 -4.065 -4.709 -4.790
0.00043772 -1.55000 10.09691 0.8003702164 2.4188539982    0.730  3.033  3.6395  0.778    8  0.550  0.390    31.95    17.46  1 -2.29e-07      0.00 7.290e-01 2.706e-01 6.375e-05 5.931e-05 2.177e-04 -1.000 3.691e-04 -2.814 0.316 -0.798 -2.173 -2.894 -3.496 -4.334 -5.006 -5.093
0.00043772 -1.55000 10.09691 0.8003705144 2.4188539982    0.729  3.185  3.6257  0.571    8  0.550  0.390    49.93    25.65  1 -4.75e-07      0.00 7.290e-01 2.706e-01 6.375e-05 5.931e-05 2.177e-04 -1.000 3.690e-04 -3.191 0.511 -0.871 -2.397 -3.193 -3.843 -4.749 -5.469 -5.566
0.00043772 -1.55000 10.09691 0.8003709316 2.4188542366    0.728  3.314  3.6139  0.393    8  0.550  0.390    73.36    35.73  1 -8.78e-07      0.00 7.290e-01 2.706e-01 6.375e-05 5.931e-05 2.177e-04 -1.000 3.690e-04 -3.516 0.722 -0.891 -2.559 -3.432 -4.132 -5.102 -5.865 -5.974
0.00043772 -1.55000 10.09691 0.8003713489 2.4188542366    0.726  3.400  3.6060  0.276    8  0.551  0.390    94.61    44.44  1 -1.31e-06      0.00 7.290e-01 2.706e-01 6.375e-05 5.931e-05 2.177e-04 -1.000 3.690e-04 -3.730 0.880 -0.884 -2.650 -3.579 -4.318 -5.333 -6.125 -6.242
0.00043772 -1.55000 10.09691 0.8003718257 2.4188544750    0.725  3.447  3.6017  0.210    8  0.551  0.390   108.98    50.13  1 -1.63e-06      0.00 7.290e-01 2.706e-01 6.375e-05 5.931e-05 2.177e-04 -1.000 3.690e-04 -3.847 0.970 -0.876 -2.697 -3.658 -4.419 -5.459 -6.267 -6.389
0.00043772 -1.55000 10.09691 0.8003723025 2.4188547134    0.723  3.471  3.5994  0.176    8  0.552  0.390   117.47    53.38  1 -1.84e-06      0.00 7.290e-01 2.706e-01 6.375e-05 5.931e-05 2.177e-04 -1.000 3.690e-04 -3.908 1.020 -0.869 -2.719 -3.698 -4.470 -5.524 -6.341 -6.466
0.00043772 -1.55000 10.09691 0.8003728986 2.4188549519    0.721  3.487  3.5984  0.154    8  0.552  0.390   123.11    55.47  0 -1.99e-06      0.00 7.290e-01 2.706e-01 6.375e-05 5.931e-05 2.177e-04 -1.000 3.690e-04 -3.948 1.038 -0.873 -2.738 -3.727 -4.505 -5.566 -6.387 -6.514
0.00043772 -1.55000 10.09691 0.8003751040 2.4188556671    0.554 -9.999  4.0000  1.705    9  0.554  0.000     0.00     0.00 -1    -1e-30      0.00 7.290e-01 2.706e-01 6.375e-05 5.931e-05 2.177e-04 -1.000 3.690e-04 29.767 29.791 30.042 30.091 30.084 30.076 30.121 30.117 30.133
#isochrone terminated
