# File generated by CMD 3.3 (http://stev.oapd.inaf.it/cmd) on Wed May 20 08:43:28 CEST 2020
# isochrones based on PARSEC release v1.2S +  COLIBRI S_35
# Basic references: Bressan et al. (2012), MNRAS, 427, 127 + Chen et al. (2014, 2015), MNRAS, 444, 2525 + MNRAS, 452, 1068 + Tang et al. (2014), MNRAS, 445, 4287 + Marigo et al. (2017), ApJ, 835, 77 + Pastorelli al. (2019), MNRAS in press
# Thermal pulse cycles included 
# On RGB, assumed Reimers mass loss with efficiency eta=0.2
# Photometric system: <i>UBVRIJHK</i> (cf. Maiz-Apellaniz 2006 + Bessell 1990)
# Using YBC version of bolometric corrections as in Chen et al. (2019)
# O-rich circumstellar dpmod60alox40 dust from Groenewegen (2006)
# C-rich circumstellar AMCSIC15 dust from Groenewegen (2006)
# IMF: Kroupa (2001, 2002) + Kroupa et al. (2013) canonical two-part-power law IMF corrected for unresolved binaries 
# Kind of output: isochrone tables
# Zini     MH   logAge Mini        int_IMF         Mass   logL    logTe  logg  label   McoreTP C_O  period0 period1 pmode  Mloss  tau1m   X   Y   Xc  Xn  Xo  Cexcess  Z 	 mbolmag  Umag    Bmag    Vmag    Rmag    Imag    Jmag    Hmag    Kmag
0.0015467 -1.00000 10.00000 0.0900000036 1.0816895962    0.090 -3.240  3.4437  5.359    1  0.000  0.545     0.00     0.00 -1 -5.05e-17      0.00 7.453e-01 2.531e-01 2.929e-04 7.903e-05 7.168e-04 -1.000 1.629e-03 12.869 21.291 18.536 16.534 14.490 12.455 10.803 10.432 10.267
0.0015467 -1.00000 10.00000 0.0977863744 1.1523445845    0.098 -3.052  3.4702  5.313    1  0.000  0.545     0.00     0.00 -1 -7.88e-17      0.00 7.445e-01 2.539e-01 2.929e-04 7.903e-05 7.168e-04 -1.000 1.629e-03 12.399 19.582 17.231 15.300 13.621 11.875 10.418 9.966 9.787
0.0015467 -1.00000 10.00000 0.1000000015 1.1711064577    0.100 -3.001  3.4774  5.301    1  0.000  0.545     0.00     0.00 -1 -8.88e-17      0.00 7.443e-01 2.541e-01 2.929e-04 7.903e-05 7.168e-04 -1.000 1.629e-03 12.272 19.147 16.895 14.985 13.391 11.725 10.314 9.844 9.662
0.0015467 -1.00000 10.00000 0.1044455096 1.2072035074    0.104 -2.934  3.4853  5.284    1  0.000  0.545     0.00     0.00 -1 -1.03e-16      0.00 7.439e-01 2.545e-01 2.929e-04 7.903e-05 7.168e-04 -1.000 1.629e-03 12.105 18.636 16.501 14.614 13.110 11.533 10.172 9.684 9.496
0.0015467 -1.00000 10.00000 0.1200000048 1.3193155527    0.120 -2.720  3.5107  5.232    1  0.000  0.545     0.00     0.00 -1 -1.68e-16      0.00 7.426e-01 2.558e-01 2.929e-04 7.903e-05 7.168e-04 -1.000 1.629e-03 11.569 17.102 15.313 13.529 12.248 10.941 9.718 9.187 8.985
0.0015467 -1.00000 10.00000 0.1400000006 1.4384527206    0.140 -2.535  3.5285  5.185    1  0.000  0.545     0.00     0.00 -1  -2.5e-16      0.00 7.413e-01 2.571e-01 2.929e-04 7.903e-05 7.168e-04 -1.000 1.629e-03 11.108 16.036 14.457 12.769 11.596 10.452 9.312 8.761 8.553
0.0015467 -1.00000 10.00000 0.1599999964 1.5372931957    0.160 -2.395  3.5397  5.148    1  0.000  0.545     0.00     0.00 -1 -3.38e-16      0.00 7.402e-01 2.582e-01 2.929e-04 7.903e-05 7.168e-04 -1.000 1.629e-03 10.758 15.348 13.882 12.261 11.143 10.087 8.995 8.435 8.225
0.0015467 -1.00000 10.00000 0.2000000179 1.6938792467    0.200 -2.176  3.5545  5.085    1  0.000  0.545     0.00     0.00 -1 -5.37e-16      0.00 7.388e-01 2.596e-01 2.929e-04 7.904e-05 7.168e-04 -1.000 1.629e-03 10.211 14.403 13.068 11.536 10.479 9.528 8.492 7.922 7.711
0.0015467 -1.00000 10.00000 0.2500000298 1.8403259516    0.250 -1.971  3.5660  5.023    1  0.000  0.545     0.00     0.00 -1 -4.59e-16      0.00 7.383e-01 2.601e-01 2.929e-04 7.904e-05 7.168e-04 -1.000 1.629e-03 9.698 13.602 12.362 10.897 9.885 9.008 8.015 7.438 7.225
0.0015467 -1.00000 10.00000 0.3000000417 1.9529141188    0.300 -1.811  3.5748  4.978    1  0.000  0.545     0.00     0.00 -1 -4.06e-16      0.00 7.384e-01 2.600e-01 2.929e-04 7.904e-05 7.168e-04 -1.000 1.629e-03 9.299 13.006 11.829 10.413 9.433 8.605 7.641 7.059 6.848
0.0015467 -1.00000 10.00000 0.3500000238 2.0434176922    0.350 -1.679  3.5821  4.942    1  0.000  0.545     0.00     0.00 -1  -1.5e-15      0.00 7.466e-01 2.518e-01 2.929e-04 7.903e-05 7.168e-04 -1.000 1.629e-03 8.968 12.522 11.395 10.018 9.064 8.271 7.331 6.745 6.536
0.0015467 -1.00000 10.00000 0.4000000358 2.1185026169    0.400 -1.527  3.5932  4.892    1  0.000  0.545     0.00     0.00 -1 -2.11e-15      0.00 7.470e-01 2.514e-01 2.929e-04 7.903e-05 7.168e-04 -1.000 1.629e-03 8.588 11.916 10.864 9.546 8.633 7.888 6.983 6.391 6.189
0.0015467 -1.00000 10.00000 0.4499999881 2.1822810173    0.450 -1.352  3.6097  4.834    1  0.000  0.545     0.00     0.00 -1 -3.19e-15      0.00 7.470e-01 2.514e-01 2.929e-04 7.903e-05 7.168e-04 -1.000 1.629e-03 8.150 11.169 10.212 8.985 8.131 7.444 6.586 5.985 5.804
0.0015467 -1.00000 10.00000 0.5000000000 2.2374541759    0.500 -1.154  3.6357  4.786    1  0.000  0.545     0.00     0.00 -1 -5.05e-15      0.00 7.470e-01 2.514e-01 2.929e-04 7.903e-05 7.168e-04 -1.000 1.629e-03 7.655 10.225 9.401 8.311 7.554 6.949 6.158 5.546 5.407
0.0015467 -1.00000 10.00000 0.5500000715 2.2836585045    0.550 -0.936  3.6681  4.739    1  0.000  0.544     0.00     0.00 -1 -8.38e-15      0.00 7.758e-01 2.228e-01 2.621e-04 7.075e-05 6.419e-04 -1.000 1.466e-03 7.111 9.068 8.472 7.554 6.920 6.408 5.707 5.139 5.036
0.0015467 -1.00000 10.00000 0.6000000238 2.3211214542    0.600 -0.737  3.6973  4.694    1  0.000  0.544     0.00     0.00 -1 -1.33e-14      0.00 7.823e-01 2.163e-01 2.557e-04 6.906e-05 6.268e-04 -1.000 1.417e-03 6.613 8.021 7.697 6.898 6.367 5.915 5.311 4.822 4.738
0.0015467 -1.00000 10.00000 0.6148604155 2.3309140205    0.615 -0.677  3.7068  4.683    1  0.000  0.544     0.00     0.00 -1 -1.53e-14      0.00 7.844e-01 2.142e-01 2.536e-04 6.848e-05 6.216e-04 -1.000 1.392e-03 6.463 7.718 7.475 6.709 6.206 5.771 5.196 4.733 4.653
0.0015467 -1.00000 10.00000 0.6355409622 2.3436696529    0.635 -0.594  3.7198  4.666    1  0.000  0.544     0.00     0.00 -1 -1.86e-14      0.00 7.875e-01 2.111e-01 2.504e-04 6.764e-05 6.141e-04 -1.000 1.398e-03 6.255 7.316 7.176 6.457 5.988 5.575 5.040 4.609 4.536
0.0015467 -1.00000 10.00000 0.6499999762 2.3520355225    0.650 -0.536  3.7287  4.654    1  0.000  0.544     0.00     0.00 -1 -2.13e-14      0.00 7.897e-01 2.089e-01 2.481e-04 6.704e-05 6.087e-04 -1.000 1.403e-03 6.110 7.053 6.976 6.287 5.839 5.440 4.931 4.522 4.453
0.0015467 -1.00000 10.00000 0.6615411639 2.3584120274    0.661 -0.490  3.7351  4.641    1  0.000  0.543     0.00     0.00 -1 -2.38e-14      0.00 7.919e-01 2.067e-01 2.460e-04 6.647e-05 6.037e-04 -1.000 1.399e-03 5.995 6.859 6.823 6.157 5.723 5.334 4.843 4.448 4.382
0.0015467 -1.00000 10.00000 0.6781662107 2.3671603203    0.678 -0.424  3.7442  4.622    1  0.000  0.543     0.00     0.00 -1 -2.81e-14      0.00 7.952e-01 2.035e-01 2.428e-04 6.563e-05 5.961e-04 -1.000 1.371e-03 5.829 6.589 6.607 5.972 5.557 5.182 4.715 4.339 4.278
0.0015467 -1.00000 10.00000 0.6936124563 2.3748576641    0.693 -0.361  3.7523  4.602    1  0.000  0.543     0.00     0.00 -1 -3.28e-14      0.00 7.984e-01 2.003e-01 2.397e-04 6.481e-05 5.887e-04 -1.000 1.359e-03 5.674 6.348 6.409 5.802 5.405 5.043 4.596 4.235 4.180
0.0015467 -1.00000 10.00000 0.6999999881 2.3779268265    0.700 -0.336  3.7556  4.593    1  0.000  0.543     0.00     0.00 -1  -3.5e-14      0.00 7.997e-01 1.989e-01 2.384e-04 6.446e-05 5.856e-04 -1.000 1.345e-03 5.609 6.250 6.327 5.732 5.342 4.986 4.547 4.191 4.138
0.0015467 -1.00000 10.00000 0.7073645592 2.3813865185    0.707 -0.305  3.7593  4.582    1  0.000  0.542     0.00     0.00 -1 -3.78e-14      0.00 8.016e-01 1.971e-01 2.361e-04 6.397e-05 5.813e-04 -1.000 1.306e-03 5.533 6.137 6.232 5.650 5.269 4.918 4.488 4.139 4.089
0.0015467 -1.00000 10.00000 0.7182536721 2.3863525391    0.718 -0.260  3.7647  4.565    1  0.000  0.540     0.00     0.00 -1 -4.25e-14      0.00 8.045e-01 1.942e-01 2.326e-04 6.320e-05 5.746e-04 -1.000 1.303e-03 5.420 5.976 6.094 5.531 5.160 4.818 4.400 4.060 4.013
0.0015467 -1.00000 10.00000 0.7286624312 2.3909404278    0.728 -0.216  3.7696  4.547    1  0.000  0.538     0.00     0.00 -1 -4.76e-14      0.00 8.075e-01 1.913e-01 2.292e-04 6.244e-05 5.680e-04 -1.000 1.272e-03 5.310 5.824 5.960 5.416 5.055 4.720 4.314 3.982 3.939
0.0015467 -1.00000 10.00000 0.7384952903 2.3951380253    0.738 -0.174  3.7741  4.528    1  0.000  0.536     0.00     0.00 -1 -5.32e-14      0.00 8.104e-01 1.884e-01 2.259e-04 6.169e-05 5.615e-04 -1.000 1.265e-03 5.204 5.682 5.834 5.306 4.954 4.627 4.231 3.906 3.866
0.0015467 -1.00000 10.00000 0.7478531003 2.3990151882    0.748 -0.133  3.7782  4.509    1  0.000  0.535     0.00     0.00 -1 -5.94e-14      0.00 8.133e-01 1.855e-01 2.226e-04 6.094e-05 5.549e-04 -1.000 1.205e-03 5.102 5.548 5.713 5.200 4.857 4.536 4.149 3.831 3.794
0.0015467 -1.00000 10.00000 0.7500000000 2.3998889923    0.750 -0.123  3.7792  4.505    1  0.000  0.534     0.00     0.00 -1 -6.09e-14      0.00 8.140e-01 1.848e-01 2.218e-04 6.077e-05 5.533e-04 -1.000 1.203e-03 5.078 5.516 5.684 5.176 4.834 4.515 4.130 3.813 3.777
0.0015467 -1.00000 10.00000 0.7572705150 2.4028060436    0.757 -0.091  3.7818  4.487    1  0.000  0.534     0.00     0.00 -1 -6.67e-14      0.00 8.172e-01 1.816e-01 2.188e-04 5.996e-05 5.461e-04 -1.000 1.203e-03 4.997 5.418 5.592 5.093 4.756 4.441 4.062 3.749 3.715
0.0015467 -1.00000 10.00000 0.7677704096 2.4069068432    0.767 -0.042  3.7854  4.459    1  0.000  0.534     0.00     0.00 -1 -7.64e-14      0.00 8.218e-01 1.769e-01 2.144e-04 5.876e-05 5.353e-04 -1.000 1.243e-03 4.876 5.277 5.455 4.969 4.640 4.331 3.959 3.653 3.621
0.0015467 -1.00000 10.00000 0.7777299285 2.4106791019    0.777  0.005  3.7888  4.430    1  0.000  0.533     0.00     0.00 -1 -8.75e-14      0.00 8.263e-01 1.725e-01 2.100e-04 5.760e-05 5.249e-04 -1.000 1.196e-03 4.757 5.140 5.321 4.847 4.525 4.221 3.857 3.556 3.526
0.0015467 -1.00000 10.00000 0.7867228985 2.4139909744    0.786  0.050  3.7917  4.402    1  0.000  0.533     0.00     0.00 -1 -9.96e-14      0.00 8.304e-01 1.684e-01 2.060e-04 5.652e-05 5.154e-04 -1.000 1.169e-03 4.645 5.013 5.197 4.734 4.416 4.118 3.760 3.464 3.436
0.0015467 -1.00000 10.00000 0.7951595783 2.4170198441    0.794  0.094  3.7943  4.373    1  0.000  0.532     0.00     0.00 -1 -1.13e-13      0.00 8.343e-01 1.646e-01 2.022e-04 5.550e-05 5.062e-04 -1.000 1.148e-03 4.535 4.891 5.075 4.621 4.310 4.015 3.663 3.372 3.345
0.0015467 -1.00000 10.00000 0.8000000119 2.4187245369    0.799  0.120  3.7957  4.355    1  0.000  0.532     0.00     0.00 -1 -1.23e-13      0.00 8.365e-01 1.624e-01 2.000e-04 5.491e-05 5.009e-04 -1.000 1.141e-03 4.469 4.819 5.003 4.554 4.245 3.953 3.604 3.316 3.290
0.0015467 -1.00000 10.00000 0.8032187819 2.4198451042    0.802  0.138  3.7967  4.343    1  0.000  0.532     0.00     0.00 -1 -1.29e-13      0.00 8.375e-01 1.613e-01 1.990e-04 5.465e-05 4.987e-04 -1.000 1.142e-03 4.425 4.770 4.954 4.509 4.202 3.912 3.565 3.278 3.253
0.0015467 -1.00000 10.00000 0.8110998273 2.4225454330    0.810  0.183  3.7988  4.311    1  0.000  0.532     0.00     0.00 -1 -1.48e-13      0.00 8.399e-01 1.590e-01 1.969e-04 5.408e-05 4.936e-04 -1.000 1.112e-03 4.312 4.648 4.832 4.395 4.092 3.805 3.463 3.181 3.156
0.0015467 -1.00000 10.00000 0.8183593154 2.4249799252    0.817  0.226  3.8006  4.279    1  0.000  0.531     0.00     0.00 -1 -1.68e-13      0.00 8.418e-01 1.571e-01 1.952e-04 5.365e-05 4.898e-04 -1.000 1.102e-03 4.206 4.536 4.717 4.286 3.987 3.704 3.365 3.086 3.063
0.0015467 -1.00000 10.00000 0.8275811672 2.4280018806    0.826  0.283  3.8022  4.233    1  0.000  0.531     0.00     0.00 -1 -2.01e-13      0.00 8.431e-01 1.558e-01 1.943e-04 5.343e-05 4.880e-04 -1.000 1.129e-03 4.062 4.388 4.565 4.141 3.846 3.565 3.230 2.955 2.932
0.0015467 -1.00000 10.00000 0.8348063827 2.4303159714    0.834  0.331  3.8031  4.192    1  0.000  0.531     0.00     0.00 -1 -2.36e-13      0.00 8.429e-01 1.559e-01 1.948e-04 5.356e-05 4.893e-04 -1.000 1.140e-03 3.942 4.266 4.439 4.019 3.726 3.447 3.114 2.841 2.818
0.0015467 -1.00000 10.00000 0.8350276351 2.4303860664    0.834  0.333  3.8031  4.191    1  0.000  0.531     0.00     0.00 -1 -2.37e-13      0.00 8.429e-01 1.559e-01 1.948e-04 5.357e-05 4.893e-04 -1.000 1.140e-03 3.939 4.263 4.435 4.015 3.722 3.444 3.111 2.837 2.815
0.0015467 -1.00000 10.00000 0.8383916616 2.4314472675    0.837  0.357  3.8030  4.168    1  0.000  0.530     0.00     0.00 -1 -2.57e-13      0.00 8.427e-01 1.562e-01 1.952e-04 5.368e-05 4.904e-04 -1.000 1.140e-03 3.877 4.203 4.373 3.954 3.661 3.382 3.049 2.775 2.753
0.0015467 -1.00000 10.00000 0.8452125192 2.4335689545    0.844  0.410  3.8018  4.113    1  0.000  0.530     0.00     0.00 -1 -3.06e-13      0.00 8.422e-01 1.567e-01 1.960e-04 5.390e-05 4.925e-04 -1.000 1.135e-03 3.745 4.077 4.242 3.821 3.526 3.246 2.910 2.635 2.612
0.0015467 -1.00000 10.00000 0.8500000238 2.4350347519    0.848  0.452  3.7995  4.065    1  0.000  0.530     0.00     0.00 -1 -3.55e-13      0.00 8.419e-01 1.570e-01 1.965e-04 5.405e-05 4.939e-04 -1.000 1.140e-03 3.641 3.983 4.145 3.717 3.419 3.136 2.795 2.515 2.491
0.0015467 -1.00000 10.00000 0.8509466648 2.4353225231    0.849  0.460  3.7991  4.056    1  0.000  0.530     0.00     0.00 -1 -3.66e-13      0.00 8.416e-01 1.572e-01 1.968e-04 5.413e-05 4.946e-04 -1.000 1.142e-03 3.620 3.965 4.126 3.697 3.398 3.114 2.772 2.492 2.468
0.0015467 -1.00000 10.00000 0.8520476818 2.4356560707    0.851  0.470  3.7984  4.043    1  0.000  0.530     0.00     0.00 -1 -3.82e-13      0.00 8.413e-01 1.575e-01 1.971e-04 5.423e-05 4.955e-04 -1.000 1.145e-03 3.595 3.943 4.103 3.672 3.372 3.087 2.743 2.462 2.437
0.0015467 -1.00000 10.00000 0.8530575037 2.4359610081    0.851  0.480  3.7974  4.029    2  0.000  0.530     0.00     0.00 -1 -3.96e-13      0.00 8.411e-01 1.578e-01 1.974e-04 5.431e-05 4.962e-04 -1.000 1.147e-03 3.569 3.923 4.081 3.647 3.346 3.059 2.713 2.430 2.405
0.0015467 -1.00000 10.00000 0.8571413755 2.4371864796    0.855  0.523  3.7917  3.965    2  0.000  0.530     0.00     0.00 -1 -4.68e-13      0.00 8.383e-01 1.605e-01 2.011e-04 5.532e-05 5.054e-04 -1.000 1.179e-03 3.461 3.842 3.994 3.544 3.232 2.936 2.577 2.283 2.255
0.0015467 -1.00000 10.00000 0.8600205183 2.4380424023    0.858  0.556  3.7849  3.907    2  0.000  0.531     0.00     0.00 -1 -5.39e-13      0.00 8.308e-01 1.680e-01 2.109e-04 5.798e-05 5.295e-04 -1.000 1.218e-03 3.379 3.794 3.938 3.466 3.142 2.836 2.462 2.156 2.124
0.0015467 -1.00000 10.00000 0.8621232510 2.4386632442    0.860  0.581  3.7774  3.853    2  0.000  0.532     0.00     0.00 -1 -6.07e-13      0.00 8.184e-01 1.803e-01 2.250e-04 6.178e-05 5.637e-04 -1.000 1.279e-03 3.317 3.775 3.909 3.412 3.074 2.756 2.364 2.044 2.008
0.0015467 -1.00000 10.00000 0.8637412786 2.4391386509    0.862  0.599  3.7693  3.803    2  0.000  0.533     0.00     0.00 -1  -6.7e-13      0.00 7.996e-01 1.991e-01 2.425e-04 6.648e-05 6.058e-04 -1.000 1.366e-03 3.272 3.785 3.901 3.376 3.023 2.692 2.280 1.944 1.904
0.0015467 -1.00000 10.00000 0.8650749326 2.4395289421    0.863  0.614  3.7606  3.755    2  0.000  0.535     0.00     0.00 -1 -7.33e-13      0.00 7.833e-01 2.153e-01 2.564e-04 7.021e-05 6.390e-04 -1.000 1.451e-03 3.235 3.808 3.905 3.351 2.981 2.636 2.203 1.850 1.805
0.0015467 -1.00000 10.00000 0.8662810326 2.4398806095    0.864  0.633  3.7516  3.700    2  0.000  0.536     0.00     0.00 -1 -8.14e-13      0.00 7.726e-01 2.259e-01 2.654e-04 7.260e-05 6.604e-04 -1.000 1.496e-03 3.188 3.833 3.904 3.319 2.932 2.572 2.117 1.747 1.696
0.0015467 -1.00000 10.00000 0.8673693538 2.4401972294    0.865  0.661  3.7437  3.641    2  0.000  0.536     0.00     0.00 -1 -9.29e-13      0.00 7.663e-01 2.322e-01 2.708e-04 7.404e-05 6.731e-04 -1.000 1.524e-03 3.117 3.827 3.875 3.262 2.860 2.487 2.012 1.626 1.570
0.0015467 -1.00000 10.00000 0.8683698177 2.4404873848    0.866  0.702  3.7376  3.576    2  0.000  0.537     0.00     0.00 -1  -1.1e-12      0.00 7.621e-01 2.364e-01 2.743e-04 7.496e-05 6.814e-04 -1.000 1.561e-03 3.016 3.780 3.807 3.175 2.761 2.378 1.885 1.486 1.426
0.0015467 -1.00000 10.00000 0.8689256310 2.4406480789    0.867  0.729  3.7347  3.538    2  0.000  0.537     0.00     0.00 -1 -1.22e-12      0.00 7.601e-01 2.384e-01 2.758e-04 7.538e-05 6.851e-04 -1.000 1.552e-03 2.948 3.741 3.756 3.113 2.694 2.307 1.805 1.398 1.338
0.0015467 -1.00000 10.00000 0.8691661358 2.4407176971    0.867  0.743  3.7337  3.519    2  0.000  0.537     0.00     0.00 -1 -1.29e-12      0.00 7.593e-01 2.392e-01 2.763e-04 7.551e-05 6.862e-04 -1.000 1.556e-03 2.912 3.713 3.725 3.079 2.658 2.270 1.765 1.356 1.295
0.0015467 -1.00000 10.00000 0.8698030114 2.4409015179    0.868  0.783  3.7312  3.470    3  0.000  0.537     0.00     0.00 -1 -1.49e-12      0.00 7.572e-01 2.413e-01 2.775e-04 7.584e-05 6.892e-04 -1.000 1.564e-03 2.811 3.636 3.638 2.984 2.559 2.166 1.655 1.239 1.177
0.0015467 -1.00000 10.00000 0.8704193830 2.4410793781    0.868  0.826  3.7291  3.419    3  0.000  0.537     0.00     0.00 -1 -1.74e-12      0.00 7.551e-01 2.433e-01 2.785e-04 7.613e-05 6.917e-04 -1.000 1.564e-03 2.705 3.552 3.544 2.883 2.454 2.058 1.540 1.118 1.056
0.0015467 -1.00000 10.00000 0.8710147142 2.4412505627    0.869  0.870  3.7273  3.368    3  0.000  0.537     0.00     0.00 -1 -2.05e-12      0.00 7.531e-01 2.453e-01 2.792e-04 7.640e-05 6.938e-04 -1.000 1.590e-03 2.594 3.460 3.444 2.777 2.345 1.946 1.421 0.995 0.932
0.0015467 -1.00000 10.00000 0.8716318607 2.4414279461    0.869  0.920  3.7255  3.311    3  0.000  0.536     0.00     0.00 -1 -2.45e-12      0.00 7.509e-01 2.475e-01 2.794e-04 7.676e-05 6.956e-04 -1.000 1.583e-03 2.470 3.355 3.329 2.656 2.221 1.819 1.289 0.858 0.794
0.0015467 -1.00000 10.00000 0.8721476197 2.4415760040    0.870  0.965  3.7240  3.260    3  0.000  0.533     0.00     0.00 -1 -2.89e-12      0.00 7.489e-01 2.495e-01 2.787e-04 7.742e-05 6.970e-04 -1.000 1.575e-03 2.356 3.257 3.225 2.547 2.109 1.705 1.170 0.734 0.670
0.0015467 -1.00000 10.00000 0.8726704717 2.4417257309    0.870  1.015  3.7224  3.204    3  0.000  0.529     0.00     0.00 -1 -3.45e-12      0.00 7.468e-01 2.516e-01 2.769e-04 7.897e-05 6.981e-04 -1.000 1.573e-03 2.233 3.149 3.110 2.427 1.987 1.580 1.040 0.600 0.535
0.0015467 -1.00000 10.00000 0.8731427193 2.4418609142    0.871  1.064  3.7208  3.150    3  0.000  0.523     0.00     0.00 -1  -4.1e-12      0.00 7.450e-01 2.534e-01 2.740e-04 8.176e-05 6.991e-04 -1.000 1.593e-03 2.111 3.043 2.998 2.310 1.867 1.457 0.913 0.468 0.403
0.0015467 -1.00000 10.00000 0.8735987544 2.4419913292    0.871  1.114  3.7192  3.092    3  0.000  0.516     0.00     0.00 -1 -4.93e-12      0.00 7.433e-01 2.551e-01 2.705e-04 8.554e-05 6.998e-04 -1.000 1.621e-03 1.984 2.933 2.881 2.187 1.741 1.329 0.779 0.329 0.264
0.0015467 -1.00000 10.00000 0.8739863634 2.4421019554    0.871  1.162  3.7176  3.039    3  0.000  0.509     0.00     0.00 -1 -5.84e-12      0.00 7.420e-01 2.564e-01 2.673e-04 8.939e-05 7.004e-04 -1.000 1.610e-03 1.866 2.833 2.773 2.073 1.624 1.210 0.654 0.200 0.135
0.0015467 -1.00000 10.00000 0.8743424416 2.4422035217    0.872  1.209  3.7159  2.985    3  0.000  0.503     0.00     0.00 -1 -6.93e-12      0.00 7.408e-01 2.576e-01 2.643e-04 9.312e-05 7.008e-04 -1.000 1.617e-03 1.747 2.734 2.665 1.959 1.508 1.090 0.529 0.070 0.004
0.0015467 -1.00000 10.00000 0.8746684194 2.4422962666    0.872  1.257  3.7142  2.931    3  0.000  0.498     0.00     0.00 -1 -8.23e-12      0.00 7.398e-01 2.586e-01 2.617e-04 9.632e-05 7.012e-04 -1.000 1.620e-03 1.629 2.637 2.559 1.846 1.391 0.970 0.404 -0.060 -0.127
0.0015467 -1.00000 10.00000 0.8749748468 2.4423835278    0.872  1.305  3.7124  2.875    3  0.000  0.494     0.00     0.00 -1 -9.81e-12      0.00 7.391e-01 2.593e-01 2.598e-04 9.871e-05 7.014e-04 -1.000 1.575e-03 1.507 2.538 2.450 1.730 1.272 0.848 0.275 -0.195 -0.262
0.0015467 -1.00000 10.00000 0.8752332330 2.4424571991    0.872  1.350  3.7107  2.824    3  0.000  0.492     0.00     0.00 -1 -1.15e-11      0.00 7.387e-01 2.598e-01 2.586e-04 1.003e-04 7.016e-04 -1.000 1.557e-03 1.396 2.448 2.351 1.624 1.162 0.735 0.156 -0.318 -0.386
0.0015467 -1.00000 10.00000 0.8754820228 2.4425277710    0.872  1.396  3.7088  2.770    3  0.000  0.490     0.00     0.00 -1 -1.37e-11      0.00 7.383e-01 2.601e-01 2.576e-04 1.016e-04 7.017e-04 -1.000 1.584e-03 1.280 2.355 2.248 1.514 1.048 0.618 0.033 -0.448 -0.515
0.0015467 -1.00000 10.00000 0.8757130504 2.4425935745    0.872  1.443  3.7068  2.715    3  0.000  0.489     0.00     0.00 -1 -1.62e-11      0.00 7.381e-01 2.603e-01 2.572e-04 1.022e-04 7.018e-04 -1.000 1.564e-03 1.162 2.263 2.144 1.403 0.933 0.499 -0.093 -0.579 -0.647
0.0015467 -1.00000 10.00000 0.8759204745 2.4426524639    0.872  1.489  3.7049  2.661    3  0.000  0.488     0.00     0.00 -1 -1.92e-11      0.00 7.380e-01 2.604e-01 2.569e-04 1.025e-04 7.018e-04 -1.000 1.596e-03 1.047 2.173 2.043 1.294 0.820 0.383 -0.216 -0.708 -0.777
0.0015467 -1.00000 10.00000 0.8761111498 2.4427065849    0.872  1.535  3.7028  2.607    3  0.000  0.488     0.00     0.00 -1 -2.27e-11      0.00 7.379e-01 2.605e-01 2.568e-04 1.026e-04 7.018e-04 -1.000 1.596e-03 0.931 2.085 1.944 1.186 0.708 0.267 -0.339 -0.838 -0.907
0.0015467 -1.00000 10.00000 0.8762752414 2.4427530766    0.872  1.578  3.7009  2.556    3  0.000  0.488     0.00     0.00 -1 -2.66e-11      0.00 7.379e-01 2.605e-01 2.568e-04 1.027e-04 7.018e-04 -1.000 1.596e-03 0.824 2.002 1.851 1.085 0.603 0.158 -0.454 -0.959 -1.029
0.0015467 -1.00000 10.00000 0.8764352798 2.4427983761    0.872  1.624  3.6988  2.502    3  0.000  0.488     0.00     0.00 -1 -3.14e-11      0.00 7.379e-01 2.605e-01 2.568e-04 1.027e-04 7.018e-04 -1.000 1.595e-03 0.710 1.917 1.754 0.980 0.493 0.044 -0.576 -1.087 -1.158
0.0015467 -1.00000 10.00000 0.8765770793 2.4428386688    0.872  1.667  3.6967  2.450    3  0.000  0.488     0.00     0.00 -1 -3.69e-11      0.00 7.379e-01 2.605e-01 2.567e-04 1.028e-04 7.019e-04 -1.000 1.595e-03 0.601 1.842 1.662 0.878 0.387 -0.066 -0.693 -1.210 -1.281
0.0015467 -1.00000 10.00000 0.8767107725 2.4428765774    0.872  1.712  3.6945  2.397    3  0.000  0.488     0.00     0.00 -1 -4.34e-11      0.00 7.379e-01 2.605e-01 2.567e-04 1.028e-04 7.019e-04 -1.000 1.595e-03 0.490 1.768 1.570 0.775 0.279 -0.178 -0.812 -1.336 -1.407
0.0015467 -1.00000 10.00000 0.8768336177 2.4429113865    0.872  1.756  3.6922  2.344    3  0.000  0.488     0.00     0.00 -1 -5.11e-11      0.00 7.379e-01 2.605e-01 2.567e-04 1.028e-04 7.019e-04 -1.000 1.595e-03 0.381 1.694 1.479 0.674 0.172 -0.289 -0.930 -1.460 -1.533
0.0015467 -1.00000 10.00000 0.8769441843 2.4429426193    0.872  1.798  3.6900  2.293    3  0.000  0.488     0.00     0.00 -1 -5.97e-11      0.00 7.379e-01 2.605e-01 2.567e-04 1.029e-04 7.019e-04 -1.000 1.595e-03 0.275 1.625 1.392 0.576 0.069 -0.396 -1.044 -1.580 -1.653
0.0015467 -1.00000 10.00000 0.8770527244 2.4429733753    0.872  1.841  3.6877  2.241    3  0.000  0.488     0.00     0.00 -1    -7e-11      0.00 7.379e-01 2.605e-01 2.566e-04 1.029e-04 7.019e-04 -1.000 1.595e-03 0.168 1.559 1.306 0.479 -0.034 -0.504 -1.160 -1.704 -1.777
0.0015467 -1.00000 10.00000 0.8771554232 2.4430024624    0.872  1.879  3.6857  2.195    3  0.000  0.488     0.00     0.00 -1 -8.06e-11      0.00 7.379e-01 2.605e-01 2.566e-04 1.029e-04 7.019e-04 -1.000 1.595e-03 0.073 1.500 1.230 0.393 -0.125 -0.598 -1.262 -1.812 -1.886
0.0015467 -1.00000 10.00000 0.8772864342 2.4430394173    0.871  1.914  3.6840  2.152    3  0.000  0.488     0.00     0.00 -1 -9.23e-11      0.00 7.379e-01 2.605e-01 2.566e-04 1.029e-04 7.019e-04 -1.000 1.594e-03 -0.015 1.444 1.159 0.312 -0.210 -0.686 -1.357 -1.913 -1.987
0.0015467 -1.00000 10.00000 0.8773655295 2.4430618286    0.871  1.892  3.6856  2.181    3  0.000  0.488     0.00     0.00 -1 -8.55e-11      0.00 7.379e-01 2.605e-01 2.566e-04 1.030e-04 7.019e-04 -1.000 1.594e-03 0.041 1.472 1.200 0.361 -0.157 -0.631 -1.295 -1.845 -1.920
0.0015467 -1.00000 10.00000 0.8774034977 2.4430725574    0.871  1.878  3.6866  2.199    3  0.000  0.488     0.00     0.00 -1 -8.12e-11      0.00 7.379e-01 2.606e-01 2.566e-04 1.030e-04 7.019e-04 -1.000 1.594e-03 0.076 1.489 1.225 0.391 -0.124 -0.596 -1.257 -1.804 -1.878
0.0015467 -1.00000 10.00000 0.8774725795 2.4430921078    0.871  1.915  3.6845  2.153    3  0.000  0.488     0.00     0.00 -1 -9.21e-11      0.00 7.379e-01 2.606e-01 2.566e-04 1.030e-04 7.019e-04 -1.000 1.594e-03 -0.017 1.434 1.152 0.308 -0.213 -0.688 -1.357 -1.911 -1.985
0.0015467 -1.00000 10.00000 0.8775488734 2.4431138039    0.871  1.956  3.6822  2.102    3  0.000  0.488     0.00     0.00 -1 -1.07e-10      0.00 7.378e-01 2.606e-01 2.566e-04 1.030e-04 7.019e-04 -1.000 1.594e-03 -0.121 1.372 1.071 0.215 -0.312 -0.792 -1.469 -2.031 -2.106
0.0015467 -1.00000 10.00000 0.8776224852 2.4431345463    0.870  1.999  3.6797  2.050    3  0.000  0.487     0.00     0.00 -1 -1.25e-10      0.00 7.378e-01 2.606e-01 2.565e-04 1.030e-04 7.019e-04 -1.000 1.594e-03 -0.227 1.310 0.988 0.119 -0.413 -0.898 -1.584 -2.154 -2.230
0.0015467 -1.00000 10.00000 0.8776897788 2.4431536198    0.870  2.040  3.6773  1.999    3  0.000  0.487     0.00     0.00 -1 -1.46e-10      0.00 7.378e-01 2.606e-01 2.565e-04 1.030e-04 7.019e-04 -1.000 1.594e-03 -0.330 1.257 0.911 0.027 -0.512 -1.001 -1.696 -2.273 -2.349
0.0015467 -1.00000 10.00000 0.8777534962 2.4431715012    0.870  2.082  3.6748  1.947    3  0.000  0.487     0.00     0.00 -1 -1.71e-10      0.00 7.378e-01 2.606e-01 2.565e-04 1.031e-04 7.019e-04 -1.000 1.594e-03 -0.434 1.227 0.842 -0.070 -0.617 -1.109 -1.811 -2.394 -2.469
0.0015467 -1.00000 10.00000 0.8778109550 2.4431877136    0.869  2.122  3.6722  1.896    3  0.000  0.487     0.00     0.00 -1 -1.99e-10      0.00 7.378e-01 2.606e-01 2.565e-04 1.031e-04 7.019e-04 -1.000 1.594e-03 -0.536 1.195 0.774 -0.162 -0.716 -1.213 -1.922 -2.511 -2.587
0.0015467 -1.00000 10.00000 0.8778643012 2.4432027340    0.869  2.163  3.6697  1.845    3  0.000  0.487     0.00     0.00 -1 -2.32e-10      0.00 7.378e-01 2.606e-01 2.565e-04 1.031e-04 7.019e-04 -1.000 1.594e-03 -0.638 1.163 0.707 -0.253 -0.816 -1.316 -2.034 -2.629 -2.704
0.0015467 -1.00000 10.00000 0.8779132962 2.4432165623    0.869  2.203  3.6671  1.794    3  0.000  0.487     0.00     0.00 -1  -2.7e-10      0.00 7.378e-01 2.606e-01 2.565e-04 1.031e-04 7.019e-04 -1.000 1.594e-03 -0.738 1.138 0.644 -0.342 -0.912 -1.417 -2.144 -2.745 -2.821
0.0015467 -1.00000 10.00000 0.8779586554 2.4432294369    0.868  2.243  3.6646  1.744    3  0.000  0.487     0.00     0.00 -1 -3.14e-10      0.00 7.378e-01 2.606e-01 2.565e-04 1.031e-04 7.019e-04 -1.000 1.594e-03 -0.838 1.115 0.582 -0.429 -1.008 -1.517 -2.253 -2.861 -2.937
0.0015467 -1.00000 10.00000 0.8779998422 2.4432411194    0.868  2.282  3.6620  1.694    3  0.000  0.487     0.00     0.00 -1 -3.64e-10      0.00 7.378e-01 2.606e-01 2.565e-04 1.031e-04 7.020e-04 -1.000 1.593e-03 -0.936 1.095 0.523 -0.514 -1.101 -1.614 -2.360 -2.974 -3.051
0.0015467 -1.00000 10.00000 0.8780387640 2.4432520866    0.867  2.322  3.6594  1.644    3  0.000  0.487     0.00     0.00 -1 -4.22e-10      0.00 7.378e-01 2.606e-01 2.565e-04 1.031e-04 7.020e-04 -1.000 1.593e-03 -1.034 1.079 0.466 -0.599 -1.194 -1.712 -2.468 -3.089 -3.167
0.0015467 -1.00000 10.00000 0.8780742288 2.4432621002    0.866  2.360  3.6568  1.594    3  0.000  0.487     0.00     0.00 -1 -4.89e-10      0.00 7.378e-01 2.606e-01 2.565e-04 1.031e-04 7.020e-04 -1.000 1.593e-03 -1.131 1.050 0.404 -0.678 -1.282 -1.806 -2.572 -3.202 -3.281
0.0015467 -1.00000 10.00000 0.8781071305 2.4432713985    0.866  2.399  3.6541  1.545    3  0.000  0.487     0.00     0.00 -1 -5.65e-10      0.00 7.378e-01 2.606e-01 2.564e-04 1.032e-04 7.020e-04 -1.000 1.593e-03 -1.227 1.040 0.351 -0.759 -1.371 -1.900 -2.677 -3.314 -3.394
0.0015467 -1.00000 10.00000 0.8781372905 2.4432799816    0.865  2.436  3.6515  1.497    3  0.000  0.487     0.00     0.00 -1 -6.52e-10      0.00 7.378e-01 2.606e-01 2.564e-04 1.032e-04 7.020e-04 -1.000 1.593e-03 -1.321 1.034 0.300 -0.837 -1.458 -1.992 -2.780 -3.423 -3.505
0.0015467 -1.00000 10.00000 0.8781717420 2.4432895184    0.864  2.483  3.6482  1.436    3  0.000  0.487     0.00     0.00 -1 -7.78e-10      0.00 7.378e-01 2.606e-01 2.564e-04 1.032e-04 7.020e-04 -1.000 1.593e-03 -1.438 1.023 0.236 -0.929 -1.562 -2.105 -2.906 -3.560 -3.644
0.0015467 -1.00000 10.00000 0.8781976104 2.4432969093    0.863  2.521  3.6456  1.388    3  0.000  0.487     0.00     0.00 -1 -8.98e-10      0.00 7.378e-01 2.606e-01 2.564e-04 1.032e-04 7.020e-04 -1.000 1.593e-03 -1.532 1.017 0.185 -1.002 -1.645 -2.194 -3.008 -3.670 -3.756
0.0015467 -1.00000 10.00000 0.8782261610 2.4433050156    0.862  2.565  3.6423  1.330    3  0.000  0.487     0.00     0.00 -1 -1.06e-09      0.00 7.378e-01 2.606e-01 2.564e-04 1.032e-04 7.020e-04 -1.000 1.593e-03 -1.643 1.014 0.127 -1.087 -1.742 -2.300 -3.128 -3.801 -3.890
0.0015467 -1.00000 10.00000 0.8782530427 2.4433126450    0.861  2.611  3.6390  1.271    3  0.000  0.487     0.00     0.00 -1 -1.27e-09      0.00 7.378e-01 2.606e-01 2.564e-04 1.032e-04 7.020e-04 -1.000 1.593e-03 -1.756 1.010 0.067 -1.173 -1.841 -2.408 -3.251 -3.934 -4.026
0.0015467 -1.00000 10.00000 0.8782734275 2.4433183670    0.860  2.647  3.6363  1.222    3  0.000  0.487     0.00     0.00 -1 -1.46e-09      0.00 7.378e-01 2.606e-01 2.564e-04 1.032e-04 7.020e-04 -1.000 1.593e-03 -1.848 1.011 0.021 -1.241 -1.920 -2.495 -3.350 -4.042 -4.136
0.0015467 -1.00000 10.00000 0.8782956600 2.4433245659    0.859  2.690  3.6331  1.166    3  0.000  0.487     0.00     0.00 -1 -1.72e-09      0.00 7.378e-01 2.606e-01 2.564e-04 1.032e-04 7.020e-04 -1.000 1.593e-03 -1.956 1.015 -0.031 -1.320 -2.012 -2.596 -3.465 -4.169 -4.265
0.0015467 -1.00000 10.00000 0.8783168197 2.4433305264    0.857  2.734  3.6298  1.108    3  0.000  0.487     0.00     0.00 -1 -2.03e-09      0.00 7.378e-01 2.606e-01 2.564e-04 1.032e-04 7.020e-04 -1.000 1.593e-03 -2.066 1.021 -0.084 -1.400 -2.106 -2.699 -3.584 -4.299 -4.398
0.0015467 -1.00000 10.00000 0.8783368468 2.4433362484    0.855  2.779  3.6264  1.048    3  0.000  0.487     0.00     0.00 -1 -2.42e-09      0.00 7.378e-01 2.606e-01 2.564e-04 1.032e-04 7.020e-04 -1.000 1.593e-03 -2.178 1.036 -0.133 -1.479 -2.199 -2.803 -3.703 -4.430 -4.532
0.0015467 -1.00000 10.00000 0.8783540130 2.4433410168    0.854  2.820  3.6231  0.994    3  0.000  0.487     0.00     0.00 -1 -2.83e-09      0.00 7.378e-01 2.606e-01 2.564e-04 1.032e-04 7.020e-04 -1.000 1.593e-03 -2.280 1.054 -0.176 -1.549 -2.283 -2.898 -3.813 -4.551 -4.657
0.0015467 -1.00000 10.00000 0.8783704638 2.4433457851    0.852  2.862  3.6199  0.938    3  0.000  0.487     0.00     0.00 -1 -3.33e-09      0.00 7.378e-01 2.606e-01 2.564e-04 1.032e-04 7.020e-04 -1.000 1.593e-03 -2.385 1.084 -0.214 -1.619 -2.369 -2.995 -3.926 -4.675 -4.784
0.0015467 -1.00000 10.00000 0.8783860207 2.4433500767    0.849  2.905  3.6165  0.880    3  0.000  0.487     0.00     0.00 -1 -3.93e-09      0.00 7.378e-01 2.606e-01 2.564e-04 1.032e-04 7.020e-04 -1.000 1.593e-03 -2.492 1.119 -0.249 -1.687 -2.455 -3.092 -4.040 -4.801 -4.913
0.0015467 -1.00000 10.00000 0.8784000874 2.4433541298    0.847  2.946  3.6133  0.825    3  0.000  0.487     0.00     0.00 -1 -4.61e-09      0.00 7.378e-01 2.606e-01 2.564e-04 1.032e-04 7.020e-04 -1.000 1.593e-03 -2.595 1.152 -0.283 -1.752 -2.537 -3.186 -4.150 -4.922 -5.038
0.0015467 -1.00000 10.00000 0.8784130216 2.4433577061    0.844  2.987  3.6101  0.770    3  0.000  0.487     0.00     0.00 -1 -5.41e-09      0.00 7.378e-01 2.606e-01 2.564e-04 1.032e-04 7.020e-04 -1.000 1.593e-03 -2.696 1.188 -0.316 -1.815 -2.617 -3.279 -4.259 -5.041 -5.161
0.0015467 -1.00000 10.00000 0.8784251809 2.4433610439    0.842  3.027  3.6069  0.716    3  0.000  0.487     0.00     0.00 -1 -6.33e-09      0.00 7.378e-01 2.606e-01 2.564e-04 1.032e-04 7.020e-04 -1.000 1.593e-03 -2.798 1.226 -0.345 -1.876 -2.696 -3.370 -4.366 -5.159 -5.283
0.0015467 -1.00000 10.00000 0.8784369230 2.4433643818    0.839  3.068  3.6036  0.659    3  0.000  0.487     0.00     0.00 -1 -7.44e-09      0.00 7.378e-01 2.606e-01 2.564e-04 1.032e-04 7.020e-04 -1.000 1.593e-03 -2.901 1.269 -0.372 -1.937 -2.775 -3.462 -4.476 -5.281 -5.409
0.0015467 -1.00000 10.00000 0.8784471154 2.4433672428    0.835  3.107  3.6004  0.607    3  0.000  0.487     0.00     0.00 -1 -8.65e-09      0.00 7.378e-01 2.606e-01 2.564e-04 1.032e-04 7.020e-04 -1.000 1.593e-03 -2.997 1.312 -0.396 -1.992 -2.848 -3.548 -4.577 -5.393 -5.525
0.0015467 -1.00000 10.00000 0.8784570694 2.4433701038    0.832  3.146  3.5973  0.553    3  0.000  0.487     0.00     0.00 -1 -1.01e-08      0.00 7.378e-01 2.606e-01 2.564e-04 1.032e-04 7.020e-04 -1.000 1.593e-03 -3.096 1.355 -0.419 -2.047 -2.922 -3.636 -4.682 -5.509 -5.645
0.0015467 -1.00000 10.00000 0.8784664273 2.4433727264    0.827  3.186  3.5941  0.498    3  0.000  0.487     0.00     0.00 -1 -1.18e-08      0.00 7.378e-01 2.606e-01 2.564e-04 1.033e-04 7.020e-04 -1.000 1.593e-03 -3.195 1.400 -0.441 -2.101 -2.995 -3.723 -4.786 -5.624 -5.765
0.0015467 -1.00000 10.00000 0.8784751296 2.4433751106    0.823  3.224  3.5909  0.445    3  0.000  0.487     0.00     0.00 -1 -1.38e-08      0.00 7.378e-01 2.606e-01 2.564e-04 1.033e-04 7.020e-04 -1.000 1.593e-03 -3.290 1.456 -0.450 -2.147 -3.063 -3.807 -4.888 -5.737 -5.882
0.0015467 -1.00000 10.00000 0.8784830570 2.4433774948    0.818  3.261  3.5877  0.393    3  0.000  0.487     0.00     0.00 -1 -1.59e-08      0.00 7.378e-01 2.606e-01 2.564e-04 1.033e-04 7.020e-04 -1.000 1.593e-03 -3.383 1.511 -0.456 -2.189 -3.126 -3.887 -4.985 -5.845 -5.995
0.0015467 -1.00000 10.00000 0.8784903884 2.4433796406    0.813  3.297  3.5847  0.343    3  0.000  0.487     0.00     0.00 -1 -1.84e-08      0.00 7.378e-01 2.606e-01 2.564e-04 1.033e-04 7.020e-04 -1.000 1.593e-03 -3.471 1.565 -0.460 -2.227 -3.186 -3.965 -5.080 -5.949 -6.104
0.0015467 -1.00000 10.00000 0.8784977198 2.4433815479    0.808  3.331  3.5817  0.293    3  0.000  0.487     0.00     0.00 -1 -2.13e-08      0.00 7.378e-01 2.606e-01 2.564e-04 1.033e-04 7.020e-04 -1.000 1.593e-03 -3.559 1.617 -0.464 -2.264 -3.245 -4.040 -5.172 -6.051 -6.211
0.0015467 -1.00000 10.00000 0.8784993291 2.4433820248    0.806  3.338  3.5811  0.282    3  0.000  0.487     0.00     0.00 -1  -2.2e-08      0.00 7.378e-01 2.606e-01 2.564e-04 1.033e-04 7.020e-04 -1.000 1.593e-03 -3.576 1.628 -0.464 -2.271 -3.256 -4.055 -5.191 -6.072 -6.233
0.0015467 -1.00000 10.00000 0.8784993291 2.4433820248    0.806  1.750  3.7280  2.458    4  0.000  0.511     0.00     0.00 -1    -1e-30      0.00 7.384e-01 2.600e-01 2.694e-04 8.980e-05 7.043e-04 -1.000 1.574e-03 0.394 1.262 1.225 0.571 0.147 -0.249 -0.780 -1.212 -1.271
0.0015467 -1.00000 10.00000 0.8785634041 2.4434001446    0.806  1.766  3.7269  2.438    4  0.000  0.511     0.00     0.00 -1    -1e-30      0.00 7.384e-01 2.600e-01 2.694e-04 8.981e-05 7.043e-04 -1.000 1.574e-03 0.355 1.237 1.194 0.535 0.109 -0.290 -0.823 -1.258 -1.317
0.0015467 -1.00000 10.00000 0.8786266446 2.4434180260    0.806  1.769  3.7267  2.434    4  0.000  0.511     0.00     0.00 -1    -1e-30      0.00 7.384e-01 2.600e-01 2.694e-04 8.982e-05 7.043e-04 -1.000 1.574e-03 0.347 1.231 1.187 0.527 0.101 -0.298 -0.832 -1.268 -1.327
0.0015467 -1.00000 10.00000 0.8786907792 2.4434359074    0.806  1.771  3.7268  2.433    4  0.000  0.511     0.00     0.00 -1    -1e-30      0.00 7.384e-01 2.600e-01 2.694e-04 8.983e-05 7.043e-04 -1.000 1.574e-03 0.342 1.226 1.182 0.522 0.096 -0.303 -0.837 -1.272 -1.331
0.0015467 -1.00000 10.00000 0.8787565827 2.4434545040    0.806  1.772  3.7271  2.433    4  0.000  0.511     0.00     0.00 -1    -1e-30      0.00 7.384e-01 2.600e-01 2.694e-04 8.984e-05 7.043e-04 -1.000 1.574e-03 0.341 1.221 1.178 0.519 0.094 -0.304 -0.838 -1.272 -1.331
0.0015467 -1.00000 10.00000 0.8788226247 2.4434731007    0.807  1.772  3.7275  2.435    4  0.000  0.511     0.00     0.00 -1    -1e-30      0.00 7.384e-01 2.600e-01 2.694e-04 8.985e-05 7.043e-04 -1.000 1.574e-03 0.341 1.217 1.175 0.519 0.094 -0.303 -0.835 -1.269 -1.327
0.0015467 -1.00000 10.00000 0.8788891435 2.4434919357    0.807  1.771  3.7281  2.438    4  0.000  0.511     0.00     0.00 -1    -1e-30      0.00 7.384e-01 2.601e-01 2.694e-04 8.987e-05 7.044e-04 -1.000 1.574e-03 0.343 1.212 1.173 0.519 0.096 -0.301 -0.831 -1.263 -1.322
0.0015467 -1.00000 10.00000 0.8789554238 2.4435105324    0.807  1.770  3.7287  2.442    4  0.000  0.511     0.00     0.00 -1    -1e-30      0.00 7.384e-01 2.601e-01 2.694e-04 8.988e-05 7.044e-04 -1.000 1.574e-03 0.345 1.208 1.172 0.520 0.098 -0.298 -0.826 -1.256 -1.315
0.0015467 -1.00000 10.00000 0.8790204525 2.4435288906    0.807  1.769  3.7294  2.446    4  0.000  0.511     0.00     0.00 -1    -1e-30      0.00 7.384e-01 2.601e-01 2.694e-04 8.989e-05 7.044e-04 -1.000 1.574e-03 0.348 1.204 1.170 0.521 0.100 -0.294 -0.820 -1.249 -1.307
0.0015467 -1.00000 10.00000 0.8790846467 2.4435470104    0.807  1.768  3.7300  2.449    4  0.000  0.511     0.00     0.00 -1    -1e-30      0.00 7.384e-01 2.601e-01 2.694e-04 8.990e-05 7.044e-04 -1.000 1.575e-03 0.351 1.200 1.168 0.522 0.103 -0.291 -0.815 -1.242 -1.300
0.0015467 -1.00000 10.00000 0.8791528344 2.4435660839    0.807  1.767  3.7306  2.453    4  0.000  0.511     0.00     0.00 -1    -1e-30      0.00 7.383e-01 2.601e-01 2.694e-04 8.991e-05 7.044e-04 -1.000 1.575e-03 0.353 1.196 1.167 0.523 0.105 -0.287 -0.810 -1.236 -1.294
0.0015467 -1.00000 10.00000 0.8792218566 2.4435856342    0.807  1.766  3.7312  2.456    4  0.000  0.511     0.00     0.00 -1    -1e-30      0.00 7.383e-01 2.601e-01 2.694e-04 8.992e-05 7.044e-04 -1.000 1.575e-03 0.355 1.192 1.165 0.524 0.107 -0.284 -0.806 -1.230 -1.287
0.0015467 -1.00000 10.00000 0.8792891502 2.4436044693    0.807  1.765  3.7318  2.459    4  0.000  0.511     0.00     0.00 -1    -1e-30      0.00 7.383e-01 2.601e-01 2.694e-04 8.993e-05 7.044e-04 -1.000 1.575e-03 0.357 1.188 1.163 0.524 0.108 -0.282 -0.802 -1.224 -1.281
0.0015467 -1.00000 10.00000 0.8793550730 2.4436230659    0.807  1.765  3.7323  2.461    4  0.000  0.511     0.00     0.00 -1    -1e-30      0.00 7.383e-01 2.601e-01 2.694e-04 8.994e-05 7.044e-04 -1.000 1.575e-03 0.358 1.185 1.161 0.524 0.110 -0.280 -0.798 -1.220 -1.277
0.0015467 -1.00000 10.00000 0.8794193864 2.4436411858    0.807  1.764  3.7327  2.463    4  0.000  0.511     0.00     0.00 -1    -1e-30      0.00 7.383e-01 2.601e-01 2.694e-04 8.996e-05 7.044e-04 -1.000 1.575e-03 0.359 1.182 1.159 0.524 0.110 -0.278 -0.796 -1.216 -1.273
0.0015467 -1.00000 10.00000 0.8794264793 2.4436430931    0.807  1.764  3.7327  2.464    4  0.000  0.511     0.00     0.00 -1    -1e-30      0.00 7.383e-01 2.601e-01 2.694e-04 8.996e-05 7.044e-04 -1.000 1.575e-03 0.359 1.181 1.159 0.524 0.110 -0.278 -0.795 -1.216 -1.272
0.0015467 -1.00000 10.00000 0.8794829845 2.4436590672    0.807  1.764  3.7330  2.465    4  0.000  0.511     0.00     0.00 -1    -1e-30      0.00 7.383e-01 2.601e-01 2.694e-04 8.997e-05 7.044e-04 -1.000 1.575e-03 0.360 1.179 1.158 0.524 0.110 -0.278 -0.794 -1.213 -1.270
0.0015467 -1.00000 10.00000 0.8795506954 2.4436781406    0.807  1.764  3.7333  2.466    4  0.000  0.511     0.00     0.00 -1    -1e-30      0.00 7.383e-01 2.601e-01 2.693e-04 8.998e-05 7.044e-04 -1.000 1.575e-03 0.359 1.176 1.155 0.523 0.110 -0.278 -0.793 -1.212 -1.268
0.0015467 -1.00000 10.00000 0.8796159625 2.4436964989    0.807  1.765  3.7335  2.466    4  0.000  0.511     0.00     0.00 -1    -1e-30      0.00 7.383e-01 2.601e-01 2.693e-04 8.999e-05 7.045e-04 -1.000 1.575e-03 0.358 1.173 1.153 0.521 0.109 -0.278 -0.793 -1.211 -1.268
0.0015467 -1.00000 10.00000 0.8796805143 2.4437146187    0.808  1.765  3.7336  2.466    4  0.000  0.511     0.00     0.00 -1    -1e-30      0.00 7.383e-01 2.601e-01 2.693e-04 9.000e-05 7.045e-04 -1.000 1.575e-03 0.357 1.171 1.151 0.520 0.108 -0.280 -0.794 -1.212 -1.268
0.0015467 -1.00000 10.00000 0.8797495365 2.4437339306    0.808  1.766  3.7337  2.466    4  0.000  0.511     0.00     0.00 -1    -1e-30      0.00 7.383e-01 2.601e-01 2.693e-04 9.001e-05 7.045e-04 -1.000 1.575e-03 0.354 1.168 1.148 0.517 0.105 -0.282 -0.796 -1.214 -1.271
0.0015467 -1.00000 10.00000 0.8798171878 2.4437530041    0.808  1.768  3.7336  2.464    4  0.000  0.511     0.00     0.00 -1    -1e-30      0.00 7.383e-01 2.601e-01 2.693e-04 9.002e-05 7.045e-04 -1.000 1.576e-03 0.351 1.165 1.145 0.514 0.102 -0.286 -0.800 -1.218 -1.275
0.0015467 -1.00000 10.00000 0.8798875213 2.4437727928    0.808  1.769  3.7334  2.461    4  0.000  0.511     0.00     0.00 -1    -1e-30      0.00 7.383e-01 2.602e-01 2.693e-04 9.003e-05 7.045e-04 -1.000 1.576e-03 0.346 1.163 1.142 0.510 0.097 -0.290 -0.806 -1.224 -1.281
0.0015467 -1.00000 10.00000 0.8798942566 2.4437747002    0.808  1.770  3.7333  2.461    4  0.000  0.511     0.00     0.00 -1    -1e-30      0.00 7.383e-01 2.602e-01 2.693e-04 9.004e-05 7.045e-04 -1.000 1.576e-03 0.346 1.163 1.142 0.509 0.097 -0.291 -0.806 -1.225 -1.282
0.0015467 -1.00000 10.00000 0.8799499273 2.4437904358    0.808  1.772  3.7331  2.458    4  0.000  0.511     0.00     0.00 -1    -1e-30      0.00 7.383e-01 2.602e-01 2.693e-04 9.005e-05 7.045e-04 -1.000 1.576e-03 0.341 1.161 1.139 0.505 0.092 -0.296 -0.812 -1.231 -1.288
0.0015467 -1.00000 10.00000 0.8800134659 2.4438080788    0.808  1.774  3.7327  2.454    4  0.000  0.511     0.00     0.00 -1    -1e-30      0.00 7.383e-01 2.602e-01 2.693e-04 9.006e-05 7.045e-04 -1.000 1.576e-03 0.335 1.158 1.135 0.499 0.086 -0.303 -0.820 -1.240 -1.297
0.0015467 -1.00000 10.00000 0.8800739646 2.4438252449    0.808  1.777  3.7323  2.450    4  0.000  0.511     0.00     0.00 -1    -1e-30      0.00 7.383e-01 2.602e-01 2.693e-04 9.007e-05 7.045e-04 -1.000 1.576e-03 0.328 1.156 1.131 0.494 0.079 -0.310 -0.829 -1.250 -1.307
0.0015467 -1.00000 10.00000 0.8801341057 2.4438419342    0.808  1.780  3.7319  2.445    4  0.000  0.511     0.00     0.00 -1    -1e-30      0.00 7.382e-01 2.602e-01 2.693e-04 9.008e-05 7.045e-04 -1.000 1.576e-03 0.321 1.153 1.126 0.487 0.072 -0.318 -0.838 -1.260 -1.317
0.0015467 -1.00000 10.00000 0.8801950216 2.4438591003    0.808  1.784  3.7311  2.438    4  0.000  0.511     0.00     0.00 -1    -1e-30      0.00 7.382e-01 2.602e-01 2.693e-04 9.009e-05 7.045e-04 -1.000 1.576e-03 0.310 1.150 1.120 0.478 0.061 -0.330 -0.851 -1.276 -1.333
0.0015467 -1.00000 10.00000 0.8802552819 2.4438760281    0.808  1.789  3.7304  2.430    4  0.000  0.511     0.00     0.00 -1    -1e-30      0.00 7.382e-01 2.602e-01 2.693e-04 9.010e-05 7.046e-04 -1.000 1.576e-03 0.299 1.146 1.114 0.469 0.050 -0.343 -0.866 -1.292 -1.350
0.0015467 -1.00000 10.00000 0.8803151250 2.4438929558    0.808  1.794  3.7296  2.422    4  0.000  0.511     0.00     0.00 -1    -1e-30      0.00 7.382e-01 2.602e-01 2.693e-04 9.011e-05 7.046e-04 -1.000 1.576e-03 0.286 1.142 1.106 0.458 0.038 -0.356 -0.882 -1.310 -1.368
0.0015467 -1.00000 10.00000 0.8803758025 2.4439098835    0.808  1.797  3.7291  2.417    4  0.000  0.511     0.00     0.00 -1    -1e-30      0.00 7.382e-01 2.602e-01 2.693e-04 9.012e-05 7.046e-04 -1.000 1.576e-03 0.278 1.139 1.101 0.451 0.029 -0.365 -0.893 -1.322 -1.380
0.0015467 -1.00000 10.00000 0.8804416060 2.4439282417    0.808  1.805  3.7279  2.405    4  0.000  0.511     0.00     0.00 -1    -1e-30      0.00 7.382e-01 2.602e-01 2.693e-04 9.013e-05 7.046e-04 -1.000 1.576e-03 0.258 1.133 1.090 0.434 0.010 -0.386 -0.917 -1.349 -1.408
0.0015467 -1.00000 10.00000 0.8805014491 2.4439451694    0.808  1.814  3.7265  2.389    4  0.000  0.511     0.00     0.00 -1    -1e-30      0.00 7.382e-01 2.602e-01 2.693e-04 9.014e-05 7.046e-04 -1.000 1.577e-03 0.234 1.125 1.075 0.414 -0.013 -0.412 -0.947 -1.382 -1.441
0.0015467 -1.00000 10.00000 0.8805630803 2.4439623356    0.808  1.829  3.7244  2.366    4  0.000  0.511     0.00     0.00 -1    -1e-30      0.00 7.382e-01 2.602e-01 2.693e-04 9.015e-05 7.046e-04 -1.000 1.577e-03 0.196 1.112 1.052 0.381 -0.050 -0.453 -0.994 -1.434 -1.494
0.0015467 -1.00000 10.00000 0.8806235194 2.4439792633    0.809  1.857  3.7207  2.324    4  0.000  0.510     0.00     0.00 -1    -1e-30      0.00 7.382e-01 2.602e-01 2.693e-04 9.016e-05 7.046e-04 -1.000 1.577e-03 0.128 1.086 1.009 0.322 -0.117 -0.526 -1.077 -1.527 -1.589
0.0015467 -1.00000 10.00000 0.8806653619 2.4439911842    0.809  1.892  3.7162  2.270    4  0.000  0.510     0.00     0.00 -1    -1e-30      0.00 7.382e-01 2.602e-01 2.693e-04 9.017e-05 7.046e-04 -1.000 1.577e-03 0.039 1.055 0.953 0.246 -0.202 -0.620 -1.184 -1.645 -1.708
0.0015467 -1.00000 10.00000 0.8806852698 2.4439966679    0.809  1.929  3.7119  2.217    4  0.000  0.510     0.00     0.00 -1    -1e-30      0.00 7.382e-01 2.602e-01 2.693e-04 9.017e-05 7.046e-04 -1.000 1.577e-03 -0.052 1.021 0.895 0.168 -0.290 -0.715 -1.293 -1.765 -1.830
0.0015467 -1.00000 10.00000 0.8806947470 2.4439992905    0.809  1.967  3.7074  2.160    4  0.000  0.510     0.00     0.00 -1    -1e-30      0.00 7.382e-01 2.602e-01 2.693e-04 9.017e-05 7.046e-04 -1.000 1.577e-03 -0.148 0.986 0.834 0.086 -0.382 -0.815 -1.406 -1.891 -1.957
0.0015467 -1.00000 10.00000 0.8806989193 2.4440004826    0.809  2.005  3.7033  2.106    4  0.000  0.510     0.00     0.00 -1    -1e-30      0.00 7.382e-01 2.602e-01 2.693e-04 9.017e-05 7.046e-04 -1.000 1.577e-03 -0.242 0.950 0.772 0.006 -0.471 -0.912 -1.517 -2.013 -2.080
0.0015467 -1.00000 10.00000 0.8807010055 2.4440011978    0.809  2.040  3.6996  2.056    4  0.000  0.510     0.00     0.00 -1    -1e-30      0.00 7.382e-01 2.602e-01 2.693e-04 9.017e-05 7.046e-04 -1.000 1.577e-03 -0.331 0.915 0.714 -0.070 -0.556 -1.004 -1.620 -2.126 -2.194
0.0015467 -1.00000 10.00000 0.8807021379 2.4440014362    0.809  2.068  3.6968  2.017    7  0.000  0.510     0.00     0.00 -1 -9.07e-10      0.00 7.382e-01 2.586e-01 2.693e-04 9.017e-05 7.046e-04 -1.000 3.211e-03 -0.400 0.889 0.669 -0.129 -0.621 -1.073 -1.699 -2.213 -2.282
0.0015467 -1.00000 10.00000 0.8807023168 2.4440014362    0.809  2.074  3.6962  2.009    7  0.000  0.510     0.00     0.00 -1 -9.39e-10      0.00 7.382e-01 2.586e-01 2.693e-04 9.017e-05 7.046e-04 -1.000 3.211e-03 -0.415 0.882 0.659 -0.142 -0.635 -1.089 -1.716 -2.232 -2.302
0.0015467 -1.00000 10.00000 0.8807036281 2.4440019131    0.809  2.120  3.6919  1.946    7  0.000  0.510     0.00     0.00 -1 -1.23e-09      0.00 7.382e-01 2.586e-01 2.693e-04 9.017e-05 7.046e-04 -1.000 3.211e-03 -0.530 0.840 0.582 -0.240 -0.744 -1.206 -1.847 -2.376 -2.446
0.0015467 -1.00000 10.00000 0.8807048202 2.4440021515    0.808  2.160  3.6883  1.891    7  0.000  0.510     0.00     0.00 -1 -1.53e-09      0.00 7.382e-01 2.586e-01 2.693e-04 9.017e-05 7.046e-04 -1.000 3.211e-03 -0.629 0.806 0.518 -0.324 -0.838 -1.307 -1.961 -2.501 -2.572
0.0015467 -1.00000 10.00000 0.8807077408 2.4440031052    0.808  2.196  3.6851  1.841    7  0.000  0.510     0.00     0.00 -1 -1.89e-09      0.00 7.382e-01 2.586e-01 2.693e-04 9.017e-05 7.046e-04 -1.000 3.211e-03 -0.721 0.786 0.461 -0.404 -0.926 -1.400 -2.066 -2.615 -2.687
0.0015467 -1.00000 10.00000 0.8807115555 2.4440040588    0.808  2.175  3.6871  1.871    7  0.000  0.510     0.00     0.00 -1 -1.69e-09      0.00 7.382e-01 2.586e-01 2.693e-04 9.017e-05 7.046e-04 -1.000 3.211e-03 -0.667 0.792 0.491 -0.357 -0.873 -1.345 -2.003 -2.547 -2.619
0.0015467 -1.00000 10.00000 0.8807516694 2.4440152645    0.806  2.171  3.6873  1.875    7  0.000  0.510     0.00     0.00 -1 -1.65e-09      0.00 7.382e-01 2.586e-01 2.693e-04 9.018e-05 7.046e-04 -1.000 3.211e-03 -0.657 0.798 0.500 -0.347 -0.863 -1.334 -1.992 -2.535 -2.607
0.0015467 -1.00000 10.00000 0.8807784915 2.4440228939    0.804  2.213  3.6834  1.816    7  0.000  0.510     0.00     0.00 -1 -2.12e-09      0.00 7.382e-01 2.586e-01 2.693e-04 9.019e-05 7.046e-04 -1.000 3.211e-03 -0.761 0.788 0.441 -0.440 -0.966 -1.443 -2.113 -2.667 -2.738
0.0015467 -1.00000 10.00000 0.8807951212 2.4440274239    0.802  2.248  3.6802  1.768    7  0.000  0.510     0.00     0.00 -1 -2.59e-09      0.00 7.382e-01 2.586e-01 2.693e-04 9.019e-05 7.046e-04 -1.000 3.211e-03 -0.849 0.779 0.392 -0.517 -1.052 -1.533 -2.215 -2.777 -2.848
0.0015467 -1.00000 10.00000 0.8808106184 2.4440317154    0.801  2.282  3.6771  1.720    7  0.000  0.510     0.00     0.00 -1 -3.13e-09      0.00 7.382e-01 2.586e-01 2.693e-04 9.019e-05 7.046e-04 -1.000 3.211e-03 -0.935 0.774 0.347 -0.589 -1.134 -1.620 -2.312 -2.882 -2.953
0.0015467 -1.00000 10.00000 0.8808282018 2.4440367222    0.798  2.319  3.6739  1.668    7  0.000  0.510     0.00     0.00 -1 -3.94e-09      0.00 7.382e-01 2.586e-01 2.693e-04 9.019e-05 7.046e-04 -1.000 3.210e-03 -1.029 0.767 0.296 -0.669 -1.225 -1.716 -2.419 -2.997 -3.068
0.0015467 -1.00000 10.00000 0.8808444142 2.4440412521    0.796  2.358  3.6705  1.615    7  0.000  0.510     0.00     0.00 -1 -4.92e-09      0.00 7.382e-01 2.586e-01 2.692e-04 9.020e-05 7.046e-04 -1.000 3.209e-03 -1.124 0.762 0.246 -0.751 -1.316 -1.813 -2.527 -3.113 -3.186
0.0015467 -1.00000 10.00000 0.8808590770 2.4440453053    0.793  2.396  3.6672  1.562    7  0.000  0.510     0.00     0.00 -1 -6.11e-09      0.00 7.382e-01 2.586e-01 2.692e-04 9.020e-05 7.046e-04 -1.000 3.205e-03 -1.220 0.763 0.199 -0.830 -1.406 -1.909 -2.635 -3.230 -3.303
0.0015467 -1.00000 10.00000 0.8808723688 2.4440491199    0.789  2.435  3.6638  1.508    7  0.000  0.510     0.00     0.00 -1 -7.68e-09      0.00 7.382e-01 2.587e-01 2.692e-04 9.022e-05 7.046e-04 -1.000 3.142e-03 -1.317 0.768 0.154 -0.909 -1.496 -2.005 -2.743 -3.346 -3.421
0.0015467 -1.00000 10.00000 0.8808844686 2.4440524578    0.785  2.473  3.6605  1.453    7  0.000  0.510     0.00     0.00 -1 -9.61e-09      0.00 7.382e-01 2.587e-01 2.691e-04 9.023e-05 7.046e-04 -1.000 3.122e-03 -1.414 0.766 0.105 -0.986 -1.584 -2.100 -2.851 -3.464 -3.540
0.0015467 -1.00000 10.00000 0.8808952570 2.4440555573    0.781  2.512  3.6571  1.399    7  0.000  0.510     0.00     0.00 -1  -1.2e-08      0.00 7.382e-01 2.587e-01 2.689e-04 9.034e-05 7.046e-04 -1.000 3.118e-03 -1.509 0.786 0.066 -1.060 -1.670 -2.193 -2.958 -3.580 -3.658
0.0015467 -1.00000 10.00000 0.8809050322 2.4440581799    0.776  2.549  3.6533  1.344    7  0.000  0.508     0.00     0.00 -1 -1.49e-08      0.00 7.382e-01 2.587e-01 2.682e-04 9.077e-05 7.046e-04 -1.000 3.093e-03 -1.604 0.802 0.028 -1.127 -1.750 -2.283 -3.064 -3.697 -3.778
0.0015467 -1.00000 10.00000 0.8809096813 2.4440596104    0.773  2.568  3.6510  1.314    7  0.000  0.507     0.00     0.00 -1 -1.67e-08      0.00 7.382e-01 2.587e-01 2.675e-04 9.127e-05 7.046e-04 -1.000 3.082e-03 -1.651 0.823 0.015 -1.158 -1.789 -2.327 -3.118 -3.759 -3.842
0.0015467 -1.00000 10.00000 0.8809182048 2.4440619946    0.767  2.605  3.6465  1.255    7  0.000  0.502     0.00     0.00 -1  -2.1e-08      0.00 7.382e-01 2.588e-01 2.654e-04 9.331e-05 7.047e-04 -1.000 3.025e-03 -1.744 0.863 -0.011 -1.216 -1.863 -2.412 -3.223 -3.879 -3.964
0.0015467 -1.00000 10.00000 0.8809263110 2.4440641403    0.760  2.643  3.6390  1.183    7  0.000  0.496     0.00     0.00 -1 -2.66e-08      0.00 7.381e-01 2.588e-01 2.623e-04 9.682e-05 7.047e-04 -1.000 3.018e-03 -1.839 0.981 0.004 -1.252 -1.925 -2.493 -3.336 -4.018 -4.109
0.0015467 -1.00000 10.00000 0.8809341192 2.4440665245    0.751  2.681  3.6358  1.127    7  0.000  0.490     0.00     0.00 -1 -3.34e-08      0.00 7.381e-01 2.589e-01 2.591e-04 1.008e-04 7.047e-04 -1.000 3.009e-03 -1.934 0.997 -0.036 -1.319 -2.004 -2.582 -3.440 -4.132 -4.226
0.0015467 -1.00000 10.00000 0.8809416890 2.4440686703    0.740  2.720  3.6324  1.069    7  0.000  0.484     0.00     0.00 -1 -4.26e-08      0.00 7.380e-01 2.590e-01 2.559e-04 1.046e-04 7.048e-04 -1.000 2.975e-03 -2.030 1.021 -0.073 -1.384 -2.084 -2.671 -3.545 -4.249 -4.346
0.0015467 -1.00000 10.00000 0.8809487820 2.4440705776    0.727  2.757  3.6289  1.010    7  0.000  0.479     0.00     0.00 -1 -5.41e-08      0.00 7.380e-01 2.591e-01 2.533e-04 1.079e-04 7.048e-04 -1.000 2.933e-03 -2.123 1.053 -0.105 -1.445 -2.159 -2.757 -3.646 -4.362 -4.462
0.0015467 -1.00000 10.00000 0.8809556961 2.4440724850    0.711  2.795  3.6254  0.948    7  0.000  0.474     0.00     0.00 -1 -7.02e-08      0.00 7.379e-01 2.591e-01 2.510e-04 1.108e-04 7.049e-04 -1.000 2.977e-03 -2.218 1.102 -0.128 -1.503 -2.233 -2.843 -3.750 -4.477 -4.581
0.0015467 -1.00000 10.00000 0.8809622526 2.4440743923    0.691  2.834  3.6218  0.883    7  0.000  0.470     0.00     0.00 -1 -9.33e-08      0.00 7.378e-01 2.592e-01 2.488e-04 1.136e-04 7.049e-04 -1.000 2.967e-03 -2.315 1.156 -0.150 -1.561 -2.309 -2.931 -3.855 -4.594 -4.702
0.0015467 -1.00000 10.00000 0.8809677362 2.4440758228    0.669  2.869  3.6188  0.822    7  0.000  0.466     0.00     0.00 -1 -1.21e-07      0.00 7.378e-01 2.593e-01 2.470e-04 1.157e-04 7.049e-04 -1.000 2.925e-03 -2.403 1.202 -0.173 -1.615 -2.379 -3.012 -3.951 -4.700 -4.810
0.0015467 -1.00000 10.00000 0.8809714913 2.4440770149    0.649  2.899  3.6165  0.769    7  0.000  0.464     0.00     0.00 -1 -1.55e-07      0.00 7.377e-01 2.593e-01 2.458e-04 1.172e-04 7.049e-04 -1.000 2.952e-03 -2.478 1.237 -0.194 -1.662 -2.439 -3.081 -4.031 -4.788 -4.901
0.0015467 -1.00000 10.00000 0.8809746504 2.4440777302    0.628  2.928  3.6147  0.719    7  0.000  0.462     0.00     0.00 -1 -1.97e-07      0.00 7.377e-01 2.594e-01 2.447e-04 1.185e-04 7.049e-04 -1.000 2.945e-03 -2.550 1.260 -0.219 -1.710 -2.499 -3.148 -4.108 -4.870 -4.986
0.0015467 -1.00000 10.00000 0.8809777498 2.4440786839    0.601  2.961  3.6137  0.663    7  0.000  0.460     0.00     0.00 -1 -2.64e-07      0.00 7.377e-01 2.594e-01 2.435e-04 1.200e-04 7.048e-04 -1.000 2.895e-03 -2.633 1.254 -0.268 -1.778 -2.576 -3.229 -4.196 -4.960 -5.077
0.0015467 -1.00000 10.00000 0.8809803128 2.4440793991    0.573  2.992  3.6154  0.618    7  0.000  0.458     0.00     0.00 -1 -3.52e-07      0.00 7.376e-01 2.595e-01 2.426e-04 1.212e-04 7.047e-04 -1.000 2.890e-03 -2.709 1.175 -0.352 -1.867 -2.662 -3.312 -4.272 -5.028 -5.144
0.0015467 -1.00000 10.00000 0.8809822202 2.4440798759    0.542  3.016  3.6261  0.612    7  0.000  0.457     0.00     0.00 -1 -4.52e-07      0.00 7.376e-01 2.595e-01 2.419e-04 1.220e-04 7.047e-04 -1.000 2.906e-03 -2.769 0.835 -0.570 -2.030 -2.787 -3.406 -4.317 -5.031 -5.137
0.0015467 -1.00000 10.00000 0.8809830546 2.4440801144    0.518  3.026  3.6342  0.615    7  0.000  0.456     0.00     0.00 -1 -5.04e-07      0.00 7.375e-01 2.595e-01 2.415e-04 1.225e-04 7.046e-04 -1.000 2.914e-03 -2.795 0.592 -0.713 -2.129 -2.858 -3.455 -4.328 -5.012 -5.110
0.0015467 -1.00000 10.00000 1.0965409279 2.4910964966    0.544 -4.186  3.6601  7.952    9  0.545  0.000     0.00     0.00 -1    -1e-30      0.00 7.252e-01 2.732e-01 2.244e-04 1.654e-04 7.173e-04 -1.000 1.584e-03 15.235 17.397 16.707 15.724 15.041 14.499 13.803 13.268 13.146
#isochrone terminated
