# File generated by CMD 3.3 (http://stev.oapd.inaf.it/cmd) on Wed May 20 08:42:49 CEST 2020
# isochrones based on PARSEC release v1.2S +  COLIBRI S_35
# Basic references: Bressan et al. (2012), MNRAS, 427, 127 + Chen et al. (2014, 2015), MNRAS, 444, 2525 + MNRAS, 452, 1068 + Tang et al. (2014), MNRAS, 445, 4287 + Marigo et al. (2017), ApJ, 835, 77 + Pastorelli al. (2019), MNRAS in press
# Thermal pulse cycles included 
# On RGB, assumed Reimers mass loss with efficiency eta=0.2
# Photometric system: <i>UBVRIJHK</i> (cf. Maiz-Apellaniz 2006 + Bessell 1990)
# Using YBC version of bolometric corrections as in Chen et al. (2019)
# O-rich circumstellar dpmod60alox40 dust from Groenewegen (2006)
# C-rich circumstellar AMCSIC15 dust from Groenewegen (2006)
# IMF: Kroupa (2001, 2002) + Kroupa et al. (2013) canonical two-part-power law IMF corrected for unresolved binaries 
# Kind of output: isochrone tables
# Zini     MH   logAge Mini        int_IMF         Mass   logL    logTe  logg  label   McoreTP C_O  period0 period1 pmode  Mloss  tau1m   X   Y   Xc  Xn  Xo  Cexcess  Z 	 mbolmag  Umag    Bmag    Vmag    Rmag    Imag    Jmag    Hmag    Kmag
0.0015467 -1.00000 10.04139 0.0900000036 1.0816895962    0.090 -3.239  3.4438  5.359    1  0.000  0.545     0.00     0.00 -1 -5.06e-17      0.00 7.451e-01 2.533e-01 2.929e-04 7.903e-05 7.168e-04 -1.000 1.629e-03 12.868 21.285 18.532 16.531 14.488 12.453 10.802 10.431 10.266
0.0015467 -1.00000 10.04139 0.0975352302 1.1501811743    0.098 -3.057  3.4695  5.314    1  0.000  0.545     0.00     0.00 -1 -7.78e-17      0.00 7.443e-01 2.541e-01 2.929e-04 7.903e-05 7.168e-04 -1.000 1.629e-03 12.413 19.628 17.266 15.333 13.645 11.891 10.429 9.979 9.800
0.0015467 -1.00000 10.04139 0.1000000015 1.1711064577    0.100 -3.001  3.4775  5.300    1  0.000  0.545     0.00     0.00 -1 -8.89e-17      0.00 7.440e-01 2.544e-01 2.929e-04 7.903e-05 7.168e-04 -1.000 1.629e-03 12.271 19.142 16.891 14.981 13.389 11.723 10.313 9.843 9.660
0.0015467 -1.00000 10.04139 0.1013456583 1.1822497845    0.101 -2.980  3.4799  5.295    1  0.000  0.545     0.00     0.00 -1 -9.32e-17      0.00 7.439e-01 2.545e-01 2.929e-04 7.903e-05 7.168e-04 -1.000 1.629e-03 12.220 18.984 16.768 14.865 13.302 11.663 10.269 9.793 9.609
0.0015467 -1.00000 10.04139 0.1200000048 1.3193155527    0.120 -2.719  3.5108  5.231    1  0.000  0.545     0.00     0.00 -1 -1.68e-16      0.00 7.421e-01 2.562e-01 2.929e-04 7.903e-05 7.168e-04 -1.000 1.629e-03 11.568 17.098 15.310 13.527 12.246 10.939 9.717 9.186 8.984
0.0015467 -1.00000 10.04139 0.1400000006 1.4384527206    0.140 -2.535  3.5286  5.185    1  0.000  0.545     0.00     0.00 -1 -2.51e-16      0.00 7.407e-01 2.577e-01 2.929e-04 7.903e-05 7.168e-04 -1.000 1.629e-03 11.106 16.032 14.453 12.765 11.593 10.450 9.310 8.759 8.552
0.0015467 -1.00000 10.04139 0.1599999964 1.5372931957    0.160 -2.394  3.5398  5.147    1  0.000  0.545     0.00     0.00 -1 -3.39e-16      0.00 7.395e-01 2.589e-01 2.929e-04 7.903e-05 7.168e-04 -1.000 1.629e-03 10.754 15.342 13.877 12.257 11.139 10.084 8.992 8.432 8.222
0.0015467 -1.00000 10.04139 0.2000000179 1.6938792467    0.200 -2.174  3.5545  5.083    1  0.000  0.545     0.00     0.00 -1 -5.41e-16      0.00 7.380e-01 2.603e-01 2.929e-04 7.904e-05 7.168e-04 -1.000 1.629e-03 10.205 14.394 13.060 11.529 10.473 9.522 8.486 7.916 7.705
0.0015467 -1.00000 10.04139 0.2500000298 1.8403259516    0.250 -1.969  3.5661  5.021    1  0.000  0.545     0.00     0.00 -1 -3.02e-16      0.00 7.376e-01 2.607e-01 2.929e-04 7.904e-05 7.168e-04 -1.000 1.629e-03 9.692 13.594 12.354 10.890 9.878 9.002 8.008 7.431 7.219
0.0015467 -1.00000 10.04139 0.3000000417 1.9529141188    0.300 -1.809  3.5749  4.976    1  0.000  0.545     0.00     0.00 -1 -1.09e-16      0.00 7.377e-01 2.606e-01 2.929e-04 7.904e-05 7.168e-04 -1.000 1.629e-03 9.293 12.999 11.823 10.407 9.427 8.599 7.636 7.054 6.842
0.0015467 -1.00000 10.04139 0.3139558434 1.9800463915    0.314 -1.770  3.5770  4.965    1  0.000  0.545     0.00     0.00 -1  -4.6e-16      0.00 7.404e-01 2.580e-01 2.929e-04 7.904e-05 7.168e-04 -1.000 1.629e-03 9.196 12.856 11.695 10.291 9.318 8.501 7.545 6.962 6.751
0.0015467 -1.00000 10.04139 0.3500000238 2.0434176922    0.350 -1.678  3.5822  4.940    1  0.000  0.545     0.00     0.00 -1 -1.51e-15      0.00 7.465e-01 2.519e-01 2.929e-04 7.903e-05 7.168e-04 -1.000 1.629e-03 8.964 12.516 11.390 10.014 9.059 8.267 7.327 6.742 6.533
0.0015467 -1.00000 10.04139 0.4000000358 2.1185026169    0.400 -1.525  3.5934  4.891    1  0.000  0.545     0.00     0.00 -1 -2.13e-15      0.00 7.470e-01 2.514e-01 2.929e-04 7.903e-05 7.168e-04 -1.000 1.629e-03 8.583 11.908 10.856 9.540 8.627 7.883 6.978 6.386 6.185
0.0015467 -1.00000 10.04139 0.4499999881 2.1822810173    0.450 -1.349  3.6101  4.832    1  0.000  0.545     0.00     0.00 -1 -3.22e-15      0.00 7.470e-01 2.514e-01 2.929e-04 7.903e-05 7.168e-04 -1.000 1.629e-03 8.141 11.155 10.199 8.974 8.122 7.436 6.579 5.977 5.797
0.0015467 -1.00000 10.04139 0.5000000000 2.2374541759    0.500 -1.149  3.6365  4.783    1  0.000  0.545     0.00     0.00 -1 -5.13e-15      0.00 7.470e-01 2.514e-01 2.929e-04 7.903e-05 7.168e-04 -1.000 1.629e-03 7.641 10.198 9.378 8.293 7.538 6.936 6.147 5.535 5.397
0.0015467 -1.00000 10.04139 0.5500000715 2.2836585045    0.550 -0.927  3.6693  4.734    1  0.000  0.544     0.00     0.00 -1  -8.6e-15      0.00 7.785e-01 2.201e-01 2.592e-04 6.998e-05 6.349e-04 -1.000 1.459e-03 7.088 9.022 8.437 7.524 6.895 6.385 5.688 5.122 5.020
0.0015467 -1.00000 10.04139 0.6000000238 2.3211214542    0.600 -0.724  3.6990  4.688    1  0.000  0.544     0.00     0.00 -1 -1.38e-14      0.00 7.856e-01 2.130e-01 2.523e-04 6.812e-05 6.183e-04 -1.000 1.385e-03 6.580 7.959 7.651 6.857 6.332 5.884 5.284 4.800 4.717
0.0015467 -1.00000 10.04139 0.6103380919 2.3279919624    0.610 -0.681  3.7057  4.680    1  0.000  0.544     0.00     0.00 -1 -1.53e-14      0.00 7.872e-01 2.114e-01 2.506e-04 6.769e-05 6.144e-04 -1.000 1.387e-03 6.473 7.745 7.493 6.724 6.218 5.781 5.203 4.736 4.656
0.0015467 -1.00000 10.04139 0.6291962266 2.3398587704    0.629 -0.603  3.7178  4.663    1  0.000  0.544     0.00     0.00 -1 -1.84e-14      0.00 7.902e-01 2.084e-01 2.475e-04 6.687e-05 6.071e-04 -1.000 1.390e-03 6.279 7.367 7.213 6.486 6.013 5.596 5.055 4.620 4.546
0.0015467 -1.00000 10.04139 0.6467238069 2.3501775265    0.647 -0.531  3.7288  4.647    1  0.000  0.543     0.00     0.00 -1 -2.18e-14      0.00 7.932e-01 2.055e-01 2.446e-04 6.607e-05 6.000e-04 -1.000 1.325e-03 6.098 7.038 6.962 6.274 5.827 5.428 4.919 4.510 4.441
0.0015467 -1.00000 10.04139 0.6499999762 2.3520355225    0.650 -0.518  3.7309  4.644    1  0.000  0.543     0.00     0.00 -1 -2.25e-14      0.00 7.937e-01 2.049e-01 2.440e-04 6.593e-05 5.987e-04 -1.000 1.387e-03 6.064 6.978 6.916 6.235 5.792 5.397 4.894 4.489 4.421
0.0015467 -1.00000 10.04139 0.6602671742 2.3577208519    0.660 -0.475  3.7367  4.631    1  0.000  0.543     0.00     0.00 -1  -2.5e-14      0.00 7.958e-01 2.028e-01 2.419e-04 6.538e-05 5.937e-04 -1.000 1.363e-03 5.958 6.803 6.777 6.116 5.686 5.299 4.812 4.420 4.355
0.0015467 -1.00000 10.04139 0.6752968431 2.3656859398    0.675 -0.413  3.7450  4.612    1  0.000  0.543     0.00     0.00 -1 -2.92e-14      0.00 7.990e-01 1.996e-01 2.388e-04 6.455e-05 5.863e-04 -1.000 1.336e-03 5.802 6.553 6.576 5.943 5.530 5.156 4.691 4.316 4.256
0.0015467 -1.00000 10.04139 0.6891299486 2.3726646900    0.689 -0.355  3.7524  4.592    1  0.000  0.543     0.00     0.00 -1 -3.38e-14      0.00 8.021e-01 1.965e-01 2.358e-04 6.375e-05 5.791e-04 -1.000 1.305e-03 5.657 6.330 6.392 5.785 5.388 5.026 4.579 4.218 4.163
0.0015467 -1.00000 10.04139 0.6999999881 2.3779268265    0.700 -0.308  3.7580  4.575    1  0.000  0.543     0.00     0.00 -1  -3.8e-14      0.00 8.047e-01 1.940e-01 2.333e-04 6.309e-05 5.733e-04 -1.000 1.302e-03 5.541 6.158 6.247 5.661 5.276 4.923 4.490 4.138 4.087
0.0015467 -1.00000 10.04139 0.7098861933 2.3825521469    0.710 -0.265  3.7630  4.558    1  0.000  0.541     0.00     0.00 -1 -4.25e-14      0.00 8.075e-01 1.912e-01 2.300e-04 6.236e-05 5.669e-04 -1.000 1.254e-03 5.433 6.004 6.115 5.546 5.172 4.828 4.406 4.062 4.015
0.0015467 -1.00000 10.04139 0.7194648385 2.3868942261    0.719 -0.223  3.7676  4.540    1  0.000  0.539     0.00     0.00 -1 -4.75e-14      0.00 8.104e-01 1.883e-01 2.266e-04 6.162e-05 5.604e-04 -1.000 1.281e-03 5.327 5.858 5.987 5.435 5.070 4.733 4.322 3.986 3.942
0.0015467 -1.00000 10.04139 0.7285808325 2.3909049034    0.728 -0.181  3.7719  4.521    1  0.000  0.538     0.00     0.00 -1  -5.3e-14      0.00 8.133e-01 1.855e-01 2.234e-04 6.088e-05 5.539e-04 -1.000 1.221e-03 5.224 5.719 5.863 5.328 4.972 4.641 4.240 3.911 3.870
0.0015467 -1.00000 10.04139 0.7374287844 2.3946888447    0.737 -0.141  3.7759  4.502    1  0.000  0.536     0.00     0.00 -1 -5.92e-14      0.00 8.161e-01 1.827e-01 2.202e-04 6.013e-05 5.474e-04 -1.000 1.203e-03 5.121 5.585 5.743 5.222 4.874 4.550 4.157 3.835 3.797
0.0015467 -1.00000 10.04139 0.7459315062 2.3982281685    0.746 -0.100  3.7796  4.481    1  0.000  0.535     0.00     0.00 -1 -6.62e-14      0.00 8.190e-01 1.797e-01 2.169e-04 5.938e-05 5.408e-04 -1.000 1.250e-03 5.020 5.455 5.624 5.117 4.777 4.458 4.074 3.758 3.722
0.0015467 -1.00000 10.04139 0.7500000000 2.3998889923    0.750 -0.080  3.7813  4.470    1  0.000  0.534     0.00     0.00 -1    -7e-14      0.00 8.205e-01 1.783e-01 2.153e-04 5.901e-05 5.376e-04 -1.000 1.252e-03 4.970 5.395 5.567 5.066 4.729 4.413 4.033 3.720 3.685
0.0015467 -1.00000 10.04139 0.7575595975 2.4029207230    0.757 -0.043  3.7840  4.448    1  0.000  0.534     0.00     0.00 -1 -7.79e-14      0.00 8.240e-01 1.748e-01 2.120e-04 5.811e-05 5.295e-04 -1.000 1.201e-03 4.877 5.286 5.461 4.971 4.639 4.327 3.953 3.644 3.611
0.0015467 -1.00000 10.04139 0.7663181424 2.4063472748    0.766  0.003  3.7870  4.419    1  0.000  0.533     0.00     0.00 -1 -8.88e-14      0.00 8.281e-01 1.707e-01 2.080e-04 5.704e-05 5.199e-04 -1.000 1.188e-03 4.764 5.157 5.335 4.855 4.529 4.223 3.855 3.551 3.520
0.0015467 -1.00000 10.04139 0.7745350003 2.4094810486    0.774  0.047  3.7897  4.390    1  0.000  0.533     0.00     0.00 -1 -1.01e-13      0.00 8.320e-01 1.668e-01 2.042e-04 5.602e-05 5.108e-04 -1.000 1.173e-03 4.652 5.031 5.212 4.742 4.421 4.119 3.757 3.458 3.429
0.0015467 -1.00000 10.04139 0.7825570703 2.4124677181    0.782  0.093  3.7922  4.359    1  0.000  0.532     0.00     0.00 -1 -1.16e-13      0.00 8.358e-01 1.630e-01 2.005e-04 5.502e-05 5.018e-04 -1.000 1.161e-03 4.538 4.905 5.086 4.626 4.310 4.012 3.655 3.361 3.333
0.0015467 -1.00000 10.04139 0.7931649685 2.4163105488    0.792  0.156  3.7951  4.313    1  0.000  0.532     0.00     0.00 -1  -1.4e-13      0.00 8.407e-01 1.582e-01 1.956e-04 5.370e-05 4.900e-04 -1.000 1.099e-03 4.379 4.733 4.913 4.464 4.154 3.861 3.511 3.222 3.195
0.0015467 -1.00000 10.04139 0.8000000119 2.4187245369    0.799  0.199  3.7966  4.280    1  0.000  0.531     0.00     0.00 -1  -1.6e-13      0.00 8.435e-01 1.554e-01 1.927e-04 5.295e-05 4.833e-04 -1.000 1.089e-03 4.271 4.619 4.798 4.355 4.048 3.758 3.411 3.125 3.099
0.0015467 -1.00000 10.04139 0.8063991666 2.4209420681    0.805  0.241  3.7979  4.246    1  0.000  0.531     0.00     0.00 -1 -1.82e-13      0.00 8.446e-01 1.543e-01 1.919e-04 5.274e-05 4.815e-04 -1.000 1.117e-03 4.167 4.510 4.687 4.248 3.945 3.657 3.312 3.029 3.004
0.0015467 -1.00000 10.04139 0.8134387136 2.4233353138    0.812  0.291  3.7988  4.204    1  0.000  0.531     0.00     0.00 -1 -2.15e-13      0.00 8.445e-01 1.544e-01 1.923e-04 5.285e-05 4.827e-04 -1.000 1.140e-03 4.043 4.383 4.557 4.123 3.822 3.536 3.193 2.912 2.887
0.0015467 -1.00000 10.04139 0.8136542439 2.4234077930    0.813  0.292  3.7988  4.203    1  0.000  0.531     0.00     0.00 -1 -2.16e-13      0.00 8.445e-01 1.544e-01 1.923e-04 5.286e-05 4.827e-04 -1.000 1.141e-03 4.039 4.379 4.553 4.119 3.818 3.532 3.189 2.908 2.883
0.0015467 -1.00000 10.04139 0.8168141842 2.4244658947    0.816  0.317  3.7987  4.180    1  0.000  0.531     0.00     0.00 -1 -2.34e-13      0.00 8.442e-01 1.546e-01 1.927e-04 5.297e-05 4.837e-04 -1.000 1.141e-03 3.978 4.319 4.491 4.058 3.756 3.471 3.128 2.846 2.822
0.0015467 -1.00000 10.04139 0.8232249022 2.4265840054    0.822  0.370  3.7977  4.126    1  0.000  0.531     0.00     0.00 -1 -2.78e-13      0.00 8.437e-01 1.552e-01 1.935e-04 5.320e-05 4.859e-04 -1.000 1.111e-03 3.846 4.194 4.361 3.925 3.623 3.336 2.991 2.707 2.682
0.0015467 -1.00000 10.04139 0.8286203146 2.4283375740    0.827  0.419  3.7952  4.069    1  0.000  0.531     0.00     0.00 -1 -3.32e-13      0.00 8.429e-01 1.559e-01 1.948e-04 5.355e-05 4.891e-04 -1.000 1.135e-03 3.722 4.084 4.245 3.803 3.497 3.206 2.855 2.567 2.541
0.0015467 -1.00000 10.04139 0.8296586871 2.4286720753    0.828  0.429  3.7945  4.057    1  0.000  0.531     0.00     0.00 -1 -3.45e-13      0.00 8.428e-01 1.561e-01 1.950e-04 5.362e-05 4.897e-04 -1.000 1.140e-03 3.697 4.062 4.222 3.778 3.471 3.179 2.827 2.538 2.511
0.0015467 -1.00000 10.04139 0.8330657482 2.4297626019    0.832  0.466  3.7902  4.005    2  0.000  0.531     0.00     0.00 -1 -3.98e-13      0.00 8.407e-01 1.581e-01 1.980e-04 5.444e-05 4.972e-04 -1.000 1.153e-03 3.604 3.989 4.145 3.689 3.373 3.075 2.713 2.416 2.388
0.0015467 -1.00000 10.04139 0.8366907239 2.4309117794    0.835  0.509  3.7831  3.935    2  0.000  0.531     0.00     0.00 -1 -4.75e-13      0.00 8.327e-01 1.661e-01 2.086e-04 5.734e-05 5.235e-04 -1.000 1.200e-03 3.497 3.921 4.066 3.587 3.259 2.950 2.571 2.261 2.228
0.0015467 -1.00000 10.04139 0.8391767740 2.4316933155    0.837  0.540  3.7748  3.872    2  0.000  0.532     0.00     0.00 -1 -5.48e-13      0.00 8.170e-01 1.817e-01 2.262e-04 6.211e-05 5.666e-04 -1.000 1.289e-03 3.419 3.893 4.024 3.517 3.174 2.851 2.453 2.128 2.090
0.0015467 -1.00000 10.04139 0.8410026431 2.4322640896    0.839  0.564  3.7654  3.812    2  0.000  0.534     0.00     0.00 -1 -6.19e-13      0.00 7.953e-01 2.033e-01 2.459e-04 6.740e-05 6.140e-04 -1.000 1.401e-03 3.361 3.900 4.009 3.470 3.109 2.772 2.351 2.008 1.965
0.0015467 -1.00000 10.04139 0.8424975276 2.4327290058    0.841  0.586  3.7554  3.750    2  0.000  0.535     0.00     0.00 -1    -7e-13      0.00 7.792e-01 2.193e-01 2.596e-04 7.105e-05 6.465e-04 -1.000 1.482e-03 3.305 3.921 4.003 3.430 3.049 2.695 2.250 1.887 1.838
0.0015467 -1.00000 10.04139 0.8436590433 2.4330892563    0.842  0.613  3.7467  3.690    2  0.000  0.536     0.00     0.00 -1 -7.96e-13      0.00 7.707e-01 2.277e-01 2.669e-04 7.299e-05 6.637e-04 -1.000 1.502e-03 3.239 3.924 3.981 3.378 2.981 2.614 2.146 1.766 1.712
0.0015467 -1.00000 10.04139 0.8445988297 2.4333796501    0.843  0.646  3.7403  3.631    2  0.000  0.536     0.00     0.00 -1 -9.18e-13      0.00 7.658e-01 2.327e-01 2.711e-04 7.410e-05 6.737e-04 -1.000 1.526e-03 3.155 3.894 3.931 3.308 2.899 2.521 2.036 1.643 1.585
0.0015467 -1.00000 10.04139 0.8453426361 2.4336090088    0.843  0.680  3.7359  3.579    2  0.000  0.537     0.00     0.00 -1 -1.06e-12      0.00 7.626e-01 2.358e-01 2.736e-04 7.479e-05 6.798e-04 -1.000 1.562e-03 3.069 3.850 3.869 3.231 2.814 2.429 1.931 1.528 1.468
0.0015467 -1.00000 10.04139 0.8457112908 2.4337224960    0.844  0.700  3.7340  3.552    2  0.000  0.537     0.00     0.00 -1 -1.14e-12      0.00 7.612e-01 2.372e-01 2.747e-04 7.508e-05 6.824e-04 -1.000 1.566e-03 3.020 3.820 3.831 3.186 2.766 2.377 1.874 1.466 1.405
0.0015467 -1.00000 10.04139 0.8458382487 2.4337615967    0.844  0.708  3.7335  3.542    2  0.000  0.537     0.00     0.00 -1 -1.17e-12      0.00 7.608e-01 2.377e-01 2.750e-04 7.516e-05 6.831e-04 -1.000 1.566e-03 3.000 3.804 3.814 3.167 2.746 2.357 1.852 1.442 1.381
0.0015467 -1.00000 10.04139 0.8465066552 2.4339671135    0.844  0.752  3.7308  3.488    3  0.000  0.537     0.00     0.00 -1 -1.38e-12      0.00 7.584e-01 2.400e-01 2.764e-04 7.555e-05 6.865e-04 -1.000 1.557e-03 2.890 3.719 3.719 3.063 2.637 2.244 1.731 1.315 1.253
0.0015467 -1.00000 10.04139 0.8470696807 2.4341397285    0.845  0.793  3.7289  3.440    3  0.000  0.537     0.00     0.00 -1  -1.6e-12      0.00 7.565e-01 2.420e-01 2.775e-04 7.583e-05 6.891e-04 -1.000 1.539e-03 2.788 3.638 3.629 2.966 2.537 2.140 1.621 1.200 1.137
0.0015467 -1.00000 10.04139 0.8476945162 2.4343311787    0.846  0.842  3.7269  3.383    3  0.000  0.537     0.00     0.00 -1 -1.91e-12      0.00 7.542e-01 2.442e-01 2.784e-04 7.612e-05 6.915e-04 -1.000 1.584e-03 2.666 3.537 3.518 2.849 2.417 2.017 1.492 1.064 1.001
0.0015467 -1.00000 10.04139 0.8482719064 2.4345078468    0.846  0.891  3.7251  3.327    3  0.000  0.536     0.00     0.00 -1 -2.28e-12      0.00 7.521e-01 2.463e-01 2.789e-04 7.640e-05 6.935e-04 -1.000 1.561e-03 2.543 3.432 3.406 2.731 2.295 1.893 1.362 0.930 0.866
0.0015467 -1.00000 10.04139 0.8488512635 2.4346847534    0.847  0.944  3.7234  3.267    3  0.000  0.535     0.00     0.00 -1 -2.77e-12      0.00 7.498e-01 2.486e-01 2.786e-04 7.687e-05 6.951e-04 -1.000 1.540e-03 2.409 3.316 3.281 2.601 2.162 1.757 1.220 0.783 0.719
0.0015467 -1.00000 10.04139 0.8493642807 2.4348411560    0.847  0.996  3.7218  3.209    3  0.000  0.532     0.00     0.00 -1 -3.33e-12      0.00 7.478e-01 2.507e-01 2.775e-04 7.781e-05 6.964e-04 -1.000 1.557e-03 2.279 3.202 3.160 2.475 2.033 1.625 1.084 0.642 0.578
0.0015467 -1.00000 10.04139 0.8497995138 2.4349737167    0.847  1.044  3.7203  3.155    3  0.000  0.527     0.00     0.00 -1 -3.95e-12      0.00 7.460e-01 2.524e-01 2.756e-04 7.946e-05 6.973e-04 -1.000 1.585e-03 2.159 3.097 3.050 2.359 1.915 1.505 0.959 0.513 0.448
0.0015467 -1.00000 10.04139 0.8500000238 2.4350347519    0.848  1.068  3.7195  3.128    3  0.000  0.525     0.00     0.00 -1  -4.3e-12      0.00 7.453e-01 2.531e-01 2.744e-04 8.058e-05 6.977e-04 -1.000 1.601e-03 2.100 3.046 2.995 2.302 1.857 1.445 0.897 0.449 0.384
0.0015467 -1.00000 10.04139 0.8501652479 2.4350850582    0.848  1.087  3.7189  3.106    3  0.000  0.523     0.00     0.00 -1 -4.62e-12      0.00 7.446e-01 2.538e-01 2.735e-04 8.152e-05 6.980e-04 -1.000 1.614e-03 2.051 3.004 2.950 2.255 1.808 1.396 0.845 0.396 0.330
0.0015467 -1.00000 10.04139 0.8505322933 2.4351966381    0.848  1.135  3.7174  3.053    3  0.000  0.518     0.00     0.00 -1 -5.47e-12      0.00 7.434e-01 2.550e-01 2.710e-04 8.426e-05 6.986e-04 -1.000 1.593e-03 1.933 2.903 2.842 2.141 1.692 1.277 0.721 0.266 0.201
0.0015467 -1.00000 10.04139 0.8508694172 2.4352989197    0.848  1.182  3.7158  2.999    3  0.000  0.512     0.00     0.00 -1  -6.5e-12      0.00 7.423e-01 2.561e-01 2.683e-04 8.741e-05 6.990e-04 -1.000 1.606e-03 1.814 2.803 2.734 2.027 1.575 1.157 0.596 0.136 0.070
0.0015467 -1.00000 10.04139 0.8511781693 2.4353926182    0.848  1.230  3.7141  2.945    3  0.000  0.507     0.00     0.00 -1 -7.71e-12      0.00 7.413e-01 2.571e-01 2.659e-04 9.037e-05 6.994e-04 -1.000 1.611e-03 1.696 2.705 2.626 1.913 1.458 1.037 0.470 0.006 -0.060
0.0015467 -1.00000 10.04139 0.8514683247 2.4354805946    0.849  1.278  3.7123  2.890    3  0.000  0.504     0.00     0.00 -1  -9.2e-12      0.00 7.406e-01 2.578e-01 2.642e-04 9.255e-05 6.997e-04 -1.000 1.555e-03 1.574 2.606 2.517 1.797 1.338 0.914 0.341 -0.129 -0.196
0.0015467 -1.00000 10.04139 0.8517130017 2.4355547428    0.849  1.323  3.7106  2.838    3  0.000  0.502     0.00     0.00 -1 -1.08e-11      0.00 7.402e-01 2.583e-01 2.631e-04 9.402e-05 6.999e-04 -1.000 1.550e-03 1.462 2.515 2.417 1.691 1.228 0.801 0.222 -0.252 -0.320
0.0015467 -1.00000 10.04139 0.8519486189 2.4356260300    0.849  1.370  3.7088  2.784    3  0.000  0.499     0.00     0.00 -1 -1.28e-11      0.00 7.397e-01 2.586e-01 2.620e-04 9.544e-05 7.000e-04 -1.000 1.622e-03 1.346 2.422 2.314 1.580 1.114 0.684 0.099 -0.381 -0.449
0.0015467 -1.00000 10.04139 0.8521674275 2.4356923103    0.849  1.417  3.7068  2.729    3  0.000  0.498     0.00     0.00 -1 -1.52e-11      0.00 7.396e-01 2.589e-01 2.615e-04 9.597e-05 7.001e-04 -1.000 1.568e-03 1.227 2.328 2.210 1.468 0.998 0.564 -0.027 -0.513 -0.582
0.0015467 -1.00000 10.04139 0.8523638844 2.4357516766    0.849  1.463  3.7049  2.675    3  0.000  0.498     0.00     0.00 -1  -1.8e-11      0.00 7.395e-01 2.589e-01 2.613e-04 9.625e-05 7.001e-04 -1.000 1.625e-03 1.111 2.238 2.108 1.359 0.885 0.447 -0.151 -0.643 -0.712
0.0015467 -1.00000 10.04139 0.8525444269 2.4358062744    0.849  1.510  3.7028  2.620    3  0.000  0.498     0.00     0.00 -1 -2.14e-11      0.00 7.395e-01 2.589e-01 2.613e-04 9.631e-05 7.001e-04 -1.000 1.626e-03 0.995 2.148 2.007 1.250 0.772 0.330 -0.275 -0.773 -0.843
0.0015467 -1.00000 10.04139 0.8526998758 2.4358530045    0.849  1.554  3.7009  2.569    3  0.000  0.498     0.00     0.00 -1 -2.51e-11      0.00 7.395e-01 2.589e-01 2.613e-04 9.635e-05 7.002e-04 -1.000 1.626e-03 0.886 2.064 1.913 1.147 0.665 0.220 -0.392 -0.896 -0.966
0.0015467 -1.00000 10.04139 0.8528514504 2.4358987808    0.849  1.599  3.6988  2.515    3  0.000  0.498     0.00     0.00 -1 -2.97e-11      0.00 7.394e-01 2.589e-01 2.612e-04 9.639e-05 7.002e-04 -1.000 1.625e-03 0.771 1.977 1.814 1.040 0.554 0.105 -0.514 -1.026 -1.096
0.0015467 -1.00000 10.04139 0.8529857993 2.4359395504    0.849  1.644  3.6967  2.462    3  0.000  0.498     0.00     0.00 -1 -3.49e-11      0.00 7.394e-01 2.589e-01 2.612e-04 9.643e-05 7.002e-04 -1.000 1.626e-03 0.661 1.900 1.721 0.938 0.446 -0.006 -0.633 -1.150 -1.222
0.0015467 -1.00000 10.04139 0.8531123996 2.4359776974    0.849  1.689  3.6945  2.408    3  0.000  0.498     0.00     0.00 -1 -4.12e-11      0.00 7.394e-01 2.589e-01 2.612e-04 9.647e-05 7.002e-04 -1.000 1.625e-03 0.548 1.823 1.627 0.833 0.336 -0.121 -0.754 -1.278 -1.350
0.0015467 -1.00000 10.04139 0.8532287478 2.4360127449    0.849  1.734  3.6922  2.354    3  0.000  0.498     0.00     0.00 -1 -4.87e-11      0.00 7.394e-01 2.590e-01 2.612e-04 9.650e-05 7.002e-04 -1.000 1.625e-03 0.436 1.748 1.534 0.729 0.227 -0.234 -0.875 -1.405 -1.478
0.0015467 -1.00000 10.04139 0.8533334732 2.4360442162    0.849  1.777  3.6900  2.302    3  0.000  0.498     0.00     0.00 -1 -5.71e-11      0.00 7.394e-01 2.590e-01 2.612e-04 9.653e-05 7.002e-04 -1.000 1.625e-03 0.328 1.677 1.445 0.629 0.122 -0.343 -0.991 -1.528 -1.601
0.0015467 -1.00000 10.04139 0.8534362316 2.4360752106    0.848  1.821  3.6877  2.248    3  0.000  0.497     0.00     0.00 -1 -6.72e-11      0.00 7.394e-01 2.590e-01 2.611e-04 9.655e-05 7.002e-04 -1.000 1.625e-03 0.217 1.609 1.356 0.529 0.016 -0.454 -1.111 -1.655 -1.728
0.0015467 -1.00000 10.04139 0.8535335660 2.4361045361    0.848  1.861  3.6856  2.199    3  0.000  0.497     0.00     0.00 -1  -7.8e-11      0.00 7.394e-01 2.590e-01 2.611e-04 9.658e-05 7.002e-04 -1.000 1.625e-03 0.117 1.546 1.275 0.438 -0.081 -0.554 -1.219 -1.770 -1.844
0.0015467 -1.00000 10.04139 0.8536576629 2.4361419678    0.848  1.896  3.6839  2.158    3  0.000  0.497     0.00     0.00 -1 -8.92e-11      0.00 7.394e-01 2.590e-01 2.611e-04 9.661e-05 7.002e-04 -1.000 1.624e-03 0.031 1.491 1.205 0.359 -0.164 -0.641 -1.311 -1.868 -1.943
0.0015467 -1.00000 10.04139 0.8537275791 2.4361629486    0.848  1.875  3.6854  2.185    3  0.000  0.497     0.00     0.00 -1 -8.31e-11      0.00 7.394e-01 2.590e-01 2.611e-04 9.663e-05 7.002e-04 -1.000 1.624e-03 0.083 1.516 1.243 0.404 -0.115 -0.589 -1.254 -1.805 -1.880
0.0015467 -1.00000 10.04139 0.8537611961 2.4361732006    0.848  1.863  3.6862  2.200    3  0.000  0.497     0.00     0.00 -1 -7.94e-11      0.00 7.394e-01 2.590e-01 2.611e-04 9.664e-05 7.002e-04 -1.000 1.624e-03 0.112 1.531 1.264 0.429 -0.087 -0.560 -1.222 -1.770 -1.844
0.0015467 -1.00000 10.04139 0.8538241982 2.4361920357    0.847  1.900  3.6842  2.155    3  0.000  0.497     0.00     0.00 -1 -9.01e-11      0.00 7.394e-01 2.590e-01 2.611e-04 9.666e-05 7.002e-04 -1.000 1.624e-03 0.019 1.475 1.191 0.346 -0.176 -0.652 -1.321 -1.877 -1.951
0.0015467 -1.00000 10.04139 0.8538938761 2.4362130165    0.847  1.942  3.6818  2.104    3  0.000  0.497     0.00     0.00 -1 -1.05e-10      0.00 7.394e-01 2.590e-01 2.610e-04 9.668e-05 7.002e-04 -1.000 1.624e-03 -0.084 1.414 1.110 0.252 -0.275 -0.756 -1.434 -1.997 -2.072
0.0015467 -1.00000 10.04139 0.8539610505 2.4362332821    0.847  1.984  3.6794  2.052    3  0.000  0.497     0.00     0.00 -1 -1.23e-10      0.00 7.394e-01 2.590e-01 2.610e-04 9.670e-05 7.002e-04 -1.000 1.624e-03 -0.190 1.351 1.027 0.157 -0.376 -0.861 -1.548 -2.119 -2.195
0.0015467 -1.00000 10.04139 0.8540224433 2.4362518787    0.847  2.025  3.6770  2.000    3  0.000  0.497     0.00     0.00 -1 -1.43e-10      0.00 7.394e-01 2.590e-01 2.610e-04 9.671e-05 7.002e-04 -1.000 1.624e-03 -0.294 1.295 0.948 0.066 -0.474 -0.964 -1.660 -2.239 -2.315
0.0015467 -1.00000 10.04139 0.8540806174 2.4362692833    0.846  2.067  3.6745  1.948    3  0.000  0.497     0.00     0.00 -1 -1.68e-10      0.00 7.394e-01 2.590e-01 2.610e-04 9.673e-05 7.002e-04 -1.000 1.624e-03 -0.398 1.267 0.880 -0.033 -0.580 -1.073 -1.776 -2.359 -2.435
0.0015467 -1.00000 10.04139 0.8541330695 2.4362850189    0.846  2.108  3.6720  1.897    3  0.000  0.497     0.00     0.00 -1 -1.95e-10      0.00 7.394e-01 2.590e-01 2.610e-04 9.674e-05 7.003e-04 -1.000 1.624e-03 -0.499 1.235 0.813 -0.124 -0.679 -1.176 -1.887 -2.476 -2.552
0.0015467 -1.00000 10.04139 0.8541817665 2.4362998009    0.845  2.149  3.6695  1.846    3  0.000  0.497     0.00     0.00 -1 -2.27e-10      0.00 7.394e-01 2.590e-01 2.610e-04 9.676e-05 7.003e-04 -1.000 1.624e-03 -0.601 1.203 0.746 -0.216 -0.778 -1.279 -1.998 -2.594 -2.670
0.0015467 -1.00000 10.04139 0.8542264700 2.4363131523    0.845  2.189  3.6669  1.796    3  0.000  0.497     0.00     0.00 -1 -2.65e-10      0.00 7.394e-01 2.590e-01 2.610e-04 9.677e-05 7.003e-04 -1.000 1.624e-03 -0.702 1.178 0.682 -0.304 -0.875 -1.380 -2.108 -2.710 -2.786
0.0015467 -1.00000 10.04139 0.8542678952 2.4363255501    0.844  2.229  3.6644  1.745    3  0.000  0.497     0.00     0.00 -1 -3.08e-10      0.00 7.394e-01 2.590e-01 2.610e-04 9.678e-05 7.003e-04 -1.000 1.624e-03 -0.802 1.154 0.620 -0.392 -0.971 -1.481 -2.218 -2.826 -2.903
0.0015467 -1.00000 10.04139 0.8543055058 2.4363369942    0.844  2.268  3.6618  1.695    3  0.000  0.497     0.00     0.00 -1 -3.57e-10      0.00 7.393e-01 2.590e-01 2.610e-04 9.679e-05 7.003e-04 -1.000 1.624e-03 -0.900 1.136 0.562 -0.477 -1.064 -1.578 -2.325 -2.940 -3.017
0.0015467 -1.00000 10.04139 0.8543410301 2.4363477230    0.843  2.308  3.6592  1.645    3  0.000  0.497     0.00     0.00 -1 -4.14e-10      0.00 7.393e-01 2.590e-01 2.610e-04 9.680e-05 7.003e-04 -1.000 1.624e-03 -0.999 1.118 0.503 -0.562 -1.158 -1.676 -2.433 -3.055 -3.133
0.0015467 -1.00000 10.04139 0.8543733954 2.4363572598    0.843  2.346  3.6565  1.596    3  0.000  0.497     0.00     0.00 -1 -4.79e-10      0.00 7.393e-01 2.590e-01 2.610e-04 9.681e-05 7.003e-04 -1.000 1.624e-03 -1.096 1.089 0.441 -0.641 -1.245 -1.770 -2.538 -3.168 -3.248
0.0015467 -1.00000 10.04139 0.8544034362 2.4363663197    0.842  2.385  3.6539  1.546    3  0.000  0.497     0.00     0.00 -1 -5.55e-10      0.00 7.393e-01 2.590e-01 2.609e-04 9.682e-05 7.003e-04 -1.000 1.624e-03 -1.192 1.079 0.388 -0.722 -1.335 -1.865 -2.643 -3.280 -3.361
0.0015467 -1.00000 10.04139 0.8544309735 2.4363746643    0.841  2.423  3.6513  1.497    3  0.000  0.497     0.00     0.00 -1 -6.41e-10      0.00 7.393e-01 2.590e-01 2.609e-04 9.682e-05 7.003e-04 -1.000 1.624e-03 -1.287 1.072 0.337 -0.802 -1.423 -1.958 -2.747 -3.391 -3.473
0.0015467 -1.00000 10.04139 0.8544623852 2.4363842010    0.840  2.470  3.6479  1.437    3  0.000  0.497     0.00     0.00 -1 -7.65e-10      0.00 7.393e-01 2.590e-01 2.609e-04 9.683e-05 7.003e-04 -1.000 1.623e-03 -1.404 1.063 0.273 -0.893 -1.527 -2.070 -2.873 -3.528 -3.613
0.0015467 -1.00000 10.04139 0.8544860482 2.4363913536    0.840  2.508  3.6453  1.388    3  0.000  0.497     0.00     0.00 -1 -8.84e-10      0.00 7.393e-01 2.590e-01 2.609e-04 9.684e-05 7.003e-04 -1.000 1.623e-03 -1.499 1.055 0.221 -0.967 -1.611 -2.161 -2.976 -3.639 -3.725
0.0015467 -1.00000 10.04139 0.8545120955 2.4363989830    0.839  2.552  3.6420  1.329    3  0.000  0.497     0.00     0.00 -1 -1.05e-09      0.00 7.393e-01 2.590e-01 2.609e-04 9.685e-05 7.003e-04 -1.000 1.623e-03 -1.611 1.052 0.162 -1.053 -1.709 -2.268 -3.097 -3.771 -3.860
0.0015467 -1.00000 10.04139 0.8545365930 2.4364063740    0.837  2.598  3.6387  1.270    3  0.000  0.497     0.00     0.00 -1 -1.25e-09      0.00 7.393e-01 2.590e-01 2.609e-04 9.685e-05 7.003e-04 -1.000 1.623e-03 -1.725 1.049 0.103 -1.139 -1.808 -2.376 -3.220 -3.905 -3.996
0.0015467 -1.00000 10.04139 0.8545551896 2.4364120960    0.836  2.635  3.6360  1.221    3  0.000  0.497     0.00     0.00 -1 -1.44e-09      0.00 7.393e-01 2.590e-01 2.609e-04 9.686e-05 7.003e-04 -1.000 1.623e-03 -1.818 1.048 0.056 -1.209 -1.889 -2.464 -3.320 -4.014 -4.108
0.0015467 -1.00000 10.04139 0.8545755148 2.4364180565    0.835  2.679  3.6327  1.164    3  0.000  0.497     0.00     0.00 -1  -1.7e-09      0.00 7.393e-01 2.590e-01 2.609e-04 9.686e-05 7.003e-04 -1.000 1.623e-03 -1.927 1.053 0.003 -1.288 -1.981 -2.566 -3.437 -4.142 -4.238
0.0015467 -1.00000 10.04139 0.8545948267 2.4364240170    0.833  2.723  3.6294  1.105    3  0.000  0.497     0.00     0.00 -1 -2.02e-09      0.00 7.393e-01 2.590e-01 2.609e-04 9.687e-05 7.003e-04 -1.000 1.623e-03 -2.038 1.060 -0.050 -1.369 -2.076 -2.670 -3.556 -4.273 -4.372
0.0015467 -1.00000 10.04139 0.8546131253 2.4364295006    0.831  2.768  3.6261  1.046    3  0.000  0.497     0.00     0.00 -1  -2.4e-09      0.00 7.393e-01 2.590e-01 2.609e-04 9.687e-05 7.003e-04 -1.000 1.623e-03 -2.151 1.072 -0.101 -1.449 -2.170 -2.776 -3.677 -4.405 -4.508
0.0015467 -1.00000 10.04139 0.8546288013 2.4364340305    0.830  2.810  3.6227  0.990    3  0.000  0.497     0.00     0.00 -1 -2.82e-09      0.00 7.393e-01 2.590e-01 2.609e-04 9.688e-05 7.003e-04 -1.000 1.623e-03 -2.255 1.093 -0.143 -1.520 -2.256 -2.871 -3.789 -4.528 -4.634
0.0015467 -1.00000 10.04139 0.8546438217 2.4364385605    0.828  2.853  3.6194  0.933    3  0.000  0.497     0.00     0.00 -1 -3.32e-09      0.00 7.393e-01 2.591e-01 2.609e-04 9.688e-05 7.003e-04 -1.000 1.623e-03 -2.362 1.124 -0.182 -1.590 -2.343 -2.970 -3.903 -4.654 -4.763
0.0015467 -1.00000 10.04139 0.8546580076 2.4364428520    0.825  2.896  3.6161  0.875    3  0.000  0.497     0.00     0.00 -1 -3.93e-09      0.00 7.393e-01 2.591e-01 2.609e-04 9.689e-05 7.003e-04 -1.000 1.623e-03 -2.470 1.159 -0.218 -1.659 -2.430 -3.069 -4.019 -4.781 -4.894
0.0015467 -1.00000 10.04139 0.8546708226 2.4364466667    0.823  2.938  3.6128  0.818    3  0.000  0.497     0.00     0.00 -1 -4.63e-09      0.00 7.393e-01 2.591e-01 2.609e-04 9.689e-05 7.003e-04 -1.000 1.623e-03 -2.575 1.193 -0.253 -1.726 -2.513 -3.164 -4.131 -4.904 -5.021
0.0015467 -1.00000 10.04139 0.8546826243 2.4364502430    0.820  2.979  3.6095  0.763    3  0.000  0.497     0.00     0.00 -1 -5.44e-09      0.00 7.393e-01 2.591e-01 2.609e-04 9.689e-05 7.003e-04 -1.000 1.623e-03 -2.678 1.230 -0.285 -1.790 -2.595 -3.258 -4.241 -5.026 -5.146
0.0015467 -1.00000 10.04139 0.8546937704 2.4364535809    0.817  3.020  3.6062  0.707    3  0.000  0.497     0.00     0.00 -1 -6.39e-09      0.00 7.393e-01 2.591e-01 2.609e-04 9.689e-05 7.003e-04 -1.000 1.623e-03 -2.781 1.271 -0.313 -1.851 -2.674 -3.351 -4.351 -5.147 -5.271
0.0015467 -1.00000 10.04139 0.8547044992 2.4364569187    0.814  3.063  3.6029  0.649    3  0.000  0.497     0.00     0.00 -1 -7.54e-09      0.00 7.393e-01 2.591e-01 2.609e-04 9.690e-05 7.003e-04 -1.000 1.623e-03 -2.887 1.312 -0.343 -1.914 -2.756 -3.446 -4.462 -5.270 -5.399
0.0015467 -1.00000 10.04139 0.8547137976 2.4364597797    0.811  3.102  3.5996  0.596    3  0.000  0.497     0.00     0.00 -1  -8.8e-09      0.00 7.393e-01 2.591e-01 2.609e-04 9.690e-05 7.003e-04 -1.000 1.623e-03 -2.985 1.358 -0.366 -1.969 -2.829 -3.533 -4.566 -5.385 -5.518
0.0015467 -1.00000 10.04139 0.8547229171 2.4364624023    0.807  3.142  3.5964  0.540    3  0.000  0.497     0.00     0.00 -1 -1.03e-08      0.00 7.393e-01 2.591e-01 2.609e-04 9.690e-05 7.003e-04 -1.000 1.623e-03 -3.086 1.401 -0.389 -2.026 -2.905 -3.623 -4.673 -5.503 -5.641
0.0015467 -1.00000 10.04139 0.8547314405 2.4364650249    0.802  3.183  3.5931  0.484    3  0.000  0.497     0.00     0.00 -1 -1.21e-08      0.00 7.393e-01 2.591e-01 2.609e-04 9.690e-05 7.003e-04 -1.000 1.623e-03 -3.187 1.450 -0.409 -2.080 -2.979 -3.712 -4.780 -5.622 -5.764
0.0015467 -1.00000 10.04139 0.8547393084 2.4364674091    0.798  3.222  3.5899  0.429    3  0.000  0.497     0.00     0.00 -1 -1.42e-08      0.00 7.393e-01 2.591e-01 2.609e-04 9.691e-05 7.003e-04 -1.000 1.623e-03 -3.285 1.507 -0.418 -2.127 -3.049 -3.798 -4.884 -5.737 -5.884
0.0015467 -1.00000 10.04139 0.8547465801 2.4364695549    0.793  3.260  3.5866  0.376    3  0.000  0.497     0.00     0.00 -1 -1.65e-08      0.00 7.393e-01 2.591e-01 2.609e-04 9.691e-05 7.003e-04 -1.000 1.623e-03 -3.380 1.564 -0.424 -2.168 -3.113 -3.881 -4.985 -5.848 -6.000
0.0015467 -1.00000 10.04139 0.8547533154 2.4364714622    0.787  3.297  3.5835  0.323    3  0.000  0.497     0.00     0.00 -1 -1.91e-08      0.00 7.393e-01 2.591e-01 2.609e-04 9.691e-05 7.003e-04 -1.000 1.623e-03 -3.472 1.620 -0.427 -2.207 -3.175 -3.960 -5.082 -5.955 -6.113
0.0015467 -1.00000 10.04139 0.8547599912 2.4364736080    0.781  3.333  3.5805  0.272    3  0.000  0.497     0.00     0.00 -1 -2.22e-08      0.00 7.393e-01 2.591e-01 2.609e-04 9.691e-05 7.003e-04 -1.000 1.623e-03 -3.562 1.672 -0.432 -2.247 -3.236 -4.039 -5.178 -6.061 -6.224
0.0015467 -1.00000 10.04139 0.8547614217 2.4364740849    0.780  3.340  3.5798  0.261    3  0.000  0.497     0.00     0.00 -1  -2.3e-08      0.00 7.393e-01 2.591e-01 2.609e-04 9.691e-05 7.003e-04 -1.000 1.623e-03 -3.580 1.684 -0.431 -2.253 -3.247 -4.054 -5.197 -6.082 -6.245
0.0015467 -1.00000 10.04139 0.8547614217 2.4364740849    0.780  1.738  3.7303  2.466    4  0.000  0.513     0.00     0.00 -1    -1e-30      0.00 7.390e-01 2.594e-01 2.699e-04 8.883e-05 7.035e-04 -1.000 1.566e-03 0.426 1.270 1.242 0.597 0.178 -0.215 -0.739 -1.165 -1.223
0.0015467 -1.00000 10.04139 0.8548198938 2.4364914894    0.780  1.754  3.7292  2.445    4  0.000  0.513     0.00     0.00 -1    -1e-30      0.00 7.390e-01 2.594e-01 2.699e-04 8.883e-05 7.035e-04 -1.000 1.566e-03 0.386 1.244 1.209 0.559 0.138 -0.257 -0.784 -1.213 -1.271
0.0015467 -1.00000 10.04139 0.8548752666 2.4365081787    0.780  1.757  3.7290  2.441    4  0.000  0.513     0.00     0.00 -1    -1e-30      0.00 7.390e-01 2.594e-01 2.699e-04 8.883e-05 7.035e-04 -1.000 1.566e-03 0.377 1.237 1.202 0.551 0.129 -0.266 -0.793 -1.223 -1.281
0.0015467 -1.00000 10.04139 0.8549301028 2.4365246296    0.780  1.759  3.7291  2.439    4  0.000  0.513     0.00     0.00 -1    -1e-30      0.00 7.390e-01 2.594e-01 2.699e-04 8.883e-05 7.035e-04 -1.000 1.566e-03 0.373 1.233 1.197 0.547 0.125 -0.270 -0.797 -1.227 -1.285
0.0015467 -1.00000 10.04139 0.8549866676 2.4365415573    0.780  1.759  3.7294  2.440    4  0.000  0.513     0.00     0.00 -1    -1e-30      0.00 7.390e-01 2.594e-01 2.699e-04 8.883e-05 7.035e-04 -1.000 1.566e-03 0.372 1.228 1.193 0.544 0.124 -0.271 -0.797 -1.226 -1.284
0.0015467 -1.00000 10.04139 0.8550431728 2.4365584850    0.780  1.759  3.7299  2.442    4  0.000  0.513     0.00     0.00 -1    -1e-30      0.00 7.390e-01 2.594e-01 2.699e-04 8.883e-05 7.035e-04 -1.000 1.566e-03 0.372 1.223 1.191 0.544 0.124 -0.269 -0.795 -1.222 -1.280
0.0015467 -1.00000 10.04139 0.8551002741 2.4365756512    0.780  1.758  3.7305  2.446    4  0.000  0.513     0.00     0.00 -1    -1e-30      0.00 7.390e-01 2.594e-01 2.699e-04 8.883e-05 7.035e-04 -1.000 1.566e-03 0.374 1.219 1.189 0.545 0.126 -0.266 -0.790 -1.216 -1.273
0.0015467 -1.00000 10.04139 0.8551570177 2.4365928173    0.780  1.757  3.7311  2.450    4  0.000  0.513     0.00     0.00 -1    -1e-30      0.00 7.390e-01 2.594e-01 2.699e-04 8.883e-05 7.035e-04 -1.000 1.566e-03 0.377 1.216 1.188 0.546 0.129 -0.262 -0.784 -1.208 -1.266
0.0015467 -1.00000 10.04139 0.8552143574 2.4366099834    0.780  1.756  3.7319  2.454    4  0.000  0.513     0.00     0.00 -1    -1e-30      0.00 7.390e-01 2.594e-01 2.699e-04 8.883e-05 7.035e-04 -1.000 1.566e-03 0.381 1.212 1.186 0.548 0.132 -0.258 -0.778 -1.200 -1.257
0.0015467 -1.00000 10.04139 0.8552727699 2.4366273880    0.780  1.754  3.7326  2.458    4  0.000  0.513     0.00     0.00 -1    -1e-30      0.00 7.390e-01 2.594e-01 2.699e-04 8.883e-05 7.035e-04 -1.000 1.566e-03 0.384 1.208 1.185 0.549 0.135 -0.254 -0.771 -1.192 -1.249
0.0015467 -1.00000 10.04139 0.8553321958 2.4366452694    0.780  1.753  3.7333  2.462    4  0.000  0.513     0.00     0.00 -1    -1e-30      0.00 7.390e-01 2.594e-01 2.699e-04 8.883e-05 7.035e-04 -1.000 1.566e-03 0.387 1.204 1.183 0.550 0.138 -0.250 -0.766 -1.185 -1.241
0.0015467 -1.00000 10.04139 0.8553860188 2.4366614819    0.780  1.752  3.7338  2.465    4  0.000  0.513     0.00     0.00 -1    -1e-30      0.00 7.390e-01 2.594e-01 2.699e-04 8.883e-05 7.035e-04 -1.000 1.566e-03 0.389 1.201 1.182 0.551 0.140 -0.247 -0.761 -1.178 -1.235
0.0015467 -1.00000 10.04139 0.8554458022 2.4366793633    0.781  1.751  3.7344  2.469    4  0.000  0.513     0.00     0.00 -1    -1e-30      0.00 7.390e-01 2.594e-01 2.699e-04 8.883e-05 7.035e-04 -1.000 1.566e-03 0.391 1.197 1.180 0.552 0.142 -0.244 -0.756 -1.172 -1.228
0.0015467 -1.00000 10.04139 0.8555036783 2.4366967678    0.781  1.751  3.7349  2.471    4  0.000  0.513     0.00     0.00 -1    -1e-30      0.00 7.390e-01 2.594e-01 2.699e-04 8.883e-05 7.035e-04 -1.000 1.566e-03 0.393 1.194 1.179 0.553 0.143 -0.242 -0.752 -1.167 -1.223
0.0015467 -1.00000 10.04139 0.8555601835 2.4367136955    0.781  1.750  3.7353  2.474    4  0.000  0.513     0.00     0.00 -1    -1e-30      0.00 7.390e-01 2.594e-01 2.699e-04 8.883e-05 7.035e-04 -1.000 1.566e-03 0.394 1.191 1.177 0.553 0.144 -0.240 -0.749 -1.163 -1.219
0.0015467 -1.00000 10.04139 0.8555664420 2.4367153645    0.781  1.750  3.7354  2.474    4  0.000  0.513     0.00     0.00 -1    -1e-30      0.00 7.390e-01 2.594e-01 2.699e-04 8.883e-05 7.035e-04 -1.000 1.566e-03 0.394 1.191 1.177 0.553 0.144 -0.240 -0.749 -1.163 -1.218
0.0015467 -1.00000 10.04139 0.8555709124 2.4367167950    0.781  1.750  3.7354  2.474    4  0.000  0.513     0.00     0.00 -1    -1e-30      0.00 7.390e-01 2.594e-01 2.699e-04 8.883e-05 7.035e-04 -1.000 1.566e-03 0.394 1.191 1.177 0.553 0.144 -0.240 -0.749 -1.162 -1.218
0.0015467 -1.00000 10.04139 0.8556250930 2.4367330074    0.781  1.750  3.7357  2.475    4  0.000  0.513     0.00     0.00 -1    -1e-30      0.00 7.390e-01 2.594e-01 2.699e-04 8.883e-05 7.035e-04 -1.000 1.566e-03 0.395 1.188 1.175 0.553 0.145 -0.239 -0.747 -1.160 -1.215
0.0015467 -1.00000 10.04139 0.8556895852 2.4367523193    0.781  1.750  3.7360  2.477    4  0.000  0.513     0.00     0.00 -1    -1e-30      0.00 7.390e-01 2.594e-01 2.699e-04 8.883e-05 7.035e-04 -1.000 1.566e-03 0.395 1.185 1.173 0.552 0.145 -0.238 -0.746 -1.158 -1.214
0.0015467 -1.00000 10.04139 0.8557478786 2.4367697239    0.781  1.750  3.7362  2.477    4  0.000  0.513     0.00     0.00 -1    -1e-30      0.00 7.390e-01 2.594e-01 2.699e-04 8.884e-05 7.035e-04 -1.000 1.566e-03 0.394 1.183 1.172 0.551 0.144 -0.239 -0.746 -1.158 -1.213
0.0015467 -1.00000 10.04139 0.8558092713 2.4367883205    0.781  1.751  3.7363  2.477    4  0.000  0.513     0.00     0.00 -1    -1e-30      0.00 7.390e-01 2.594e-01 2.699e-04 8.884e-05 7.035e-04 -1.000 1.566e-03 0.392 1.181 1.169 0.549 0.142 -0.240 -0.747 -1.159 -1.214
0.0015467 -1.00000 10.04139 0.8558709025 2.4368066788    0.781  1.752  3.7362  2.476    4  0.000  0.513     0.00     0.00 -1    -1e-30      0.00 7.390e-01 2.594e-01 2.699e-04 8.884e-05 7.035e-04 -1.000 1.566e-03 0.390 1.178 1.167 0.546 0.140 -0.243 -0.750 -1.161 -1.217
0.0015467 -1.00000 10.04139 0.8559336662 2.4368255138    0.781  1.753  3.7361  2.474    4  0.000  0.513     0.00     0.00 -1    -1e-30      0.00 7.390e-01 2.594e-01 2.699e-04 8.884e-05 7.035e-04 -1.000 1.566e-03 0.387 1.176 1.164 0.543 0.136 -0.247 -0.754 -1.166 -1.221
0.0015467 -1.00000 10.04139 0.8559972048 2.4368445873    0.781  1.755  3.7359  2.471    4  0.000  0.513     0.00     0.00 -1    -1e-30      0.00 7.390e-01 2.594e-01 2.699e-04 8.884e-05 7.035e-04 -1.000 1.566e-03 0.382 1.174 1.161 0.539 0.132 -0.251 -0.759 -1.172 -1.227
0.0015467 -1.00000 10.04139 0.8560082912 2.4368476868    0.781  1.756  3.7358  2.470    4  0.000  0.513     0.00     0.00 -1    -1e-30      0.00 7.390e-01 2.594e-01 2.699e-04 8.884e-05 7.035e-04 -1.000 1.566e-03 0.381 1.174 1.161 0.538 0.131 -0.252 -0.761 -1.173 -1.229
0.0015467 -1.00000 10.04139 0.8560233116 2.4368522167    0.781  1.756  3.7357  2.470    4  0.000  0.513     0.00     0.00 -1    -1e-30      0.00 7.390e-01 2.594e-01 2.699e-04 8.884e-05 7.035e-04 -1.000 1.566e-03 0.380 1.173 1.160 0.537 0.129 -0.254 -0.762 -1.175 -1.231
0.0015467 -1.00000 10.04139 0.8560860753 2.4368710518    0.781  1.759  3.7353  2.465    4  0.000  0.513     0.00     0.00 -1    -1e-30      0.00 7.390e-01 2.594e-01 2.699e-04 8.884e-05 7.035e-04 -1.000 1.566e-03 0.373 1.171 1.156 0.532 0.123 -0.261 -0.770 -1.184 -1.240
0.0015467 -1.00000 10.04139 0.8561473489 2.4368894100    0.781  1.762  3.7348  2.460    4  0.000  0.513     0.00     0.00 -1    -1e-30      0.00 7.390e-01 2.594e-01 2.699e-04 8.884e-05 7.035e-04 -1.000 1.566e-03 0.366 1.169 1.152 0.525 0.116 -0.269 -0.780 -1.195 -1.251
0.0015467 -1.00000 10.04139 0.8562103510 2.4369082451    0.781  1.765  3.7342  2.454    4  0.000  0.513     0.00     0.00 -1    -1e-30      0.00 7.390e-01 2.594e-01 2.699e-04 8.884e-05 7.035e-04 -1.000 1.566e-03 0.357 1.166 1.147 0.518 0.107 -0.279 -0.792 -1.208 -1.264
0.0015467 -1.00000 10.04139 0.8562713265 2.4369266033    0.781  1.769  3.7336  2.448    4  0.000  0.513     0.00     0.00 -1    -1e-30      0.00 7.390e-01 2.594e-01 2.699e-04 8.884e-05 7.035e-04 -1.000 1.566e-03 0.347 1.163 1.141 0.510 0.097 -0.290 -0.804 -1.222 -1.279
0.0015467 -1.00000 10.04139 0.8563339114 2.4369452000    0.782  1.774  3.7328  2.440    4  0.000  0.513     0.00     0.00 -1    -1e-30      0.00 7.390e-01 2.594e-01 2.699e-04 8.884e-05 7.035e-04 -1.000 1.566e-03 0.336 1.160 1.135 0.500 0.086 -0.302 -0.819 -1.239 -1.296
0.0015467 -1.00000 10.04139 0.8563945889 2.4369633198    0.782  1.779  3.7319  2.431    4  0.000  0.513     0.00     0.00 -1    -1e-30      0.00 7.390e-01 2.594e-01 2.699e-04 8.884e-05 7.035e-04 -1.000 1.566e-03 0.322 1.156 1.127 0.489 0.073 -0.317 -0.836 -1.258 -1.315
0.0015467 -1.00000 10.04139 0.8564555645 2.4369816780    0.782  1.785  3.7309  2.421    4  0.000  0.513     0.00     0.00 -1    -1e-30      0.00 7.390e-01 2.594e-01 2.699e-04 8.884e-05 7.035e-04 -1.000 1.566e-03 0.307 1.151 1.119 0.476 0.058 -0.334 -0.856 -1.280 -1.338
0.0015467 -1.00000 10.04139 0.8565165997 2.4369997978    0.782  1.792  3.7299  2.411    4  0.000  0.513     0.00     0.00 -1    -1e-30      0.00 7.390e-01 2.594e-01 2.699e-04 8.884e-05 7.035e-04 -1.000 1.566e-03 0.291 1.145 1.109 0.462 0.042 -0.351 -0.876 -1.303 -1.361
0.0015467 -1.00000 10.04139 0.8565775752 2.4370181561    0.782  1.799  3.7289  2.400    4  0.000  0.513     0.00     0.00 -1    -1e-30      0.00 7.390e-01 2.594e-01 2.699e-04 8.884e-05 7.035e-04 -1.000 1.566e-03 0.274 1.139 1.098 0.447 0.025 -0.370 -0.898 -1.327 -1.385
0.0015467 -1.00000 10.04139 0.8566379547 2.4370360374    0.782  1.795  3.7295  2.406    4  0.000  0.513     0.00     0.00 -1    -1e-30      0.00 7.390e-01 2.594e-01 2.699e-04 8.884e-05 7.035e-04 -1.000 1.566e-03 0.283 1.141 1.103 0.454 0.034 -0.360 -0.886 -1.314 -1.372
0.0015467 -1.00000 10.04139 0.8567004800 2.4370548725    0.782  1.812  3.7269  2.378    4  0.000  0.513     0.00     0.00 -1    -1e-30      0.00 7.390e-01 2.594e-01 2.699e-04 8.884e-05 7.035e-04 -1.000 1.566e-03 0.239 1.128 1.077 0.417 -0.009 -0.407 -0.940 -1.375 -1.434
0.0015467 -1.00000 10.04139 0.8567617536 2.4370729923    0.782  1.840  3.7231  2.336    4  0.000  0.513     0.00     0.00 -1    -1e-30      0.00 7.390e-01 2.594e-01 2.699e-04 8.884e-05 7.035e-04 -1.000 1.566e-03 0.171 1.103 1.035 0.359 -0.075 -0.480 -1.024 -1.468 -1.528
0.0015467 -1.00000 10.04139 0.8568041921 2.4370858669    0.782  1.876  3.7184  2.281    4  0.000  0.513     0.00     0.00 -1    -1e-30      0.00 7.390e-01 2.594e-01 2.699e-04 8.884e-05 7.035e-04 -1.000 1.566e-03 0.080 1.069 0.978 0.281 -0.163 -0.576 -1.134 -1.590 -1.652
0.0015467 -1.00000 10.04139 0.8568243980 2.4370918274    0.782  1.913  3.7138  2.225    4  0.000  0.513     0.00     0.00 -1    -1e-30      0.00 7.390e-01 2.594e-01 2.699e-04 8.884e-05 7.035e-04 -1.000 1.566e-03 -0.013 1.036 0.919 0.201 -0.253 -0.674 -1.246 -1.714 -1.778
0.0015467 -1.00000 10.04139 0.8568333983 2.4370944500    0.782  1.949  3.7095  2.172    4  0.000  0.513     0.00     0.00 -1    -1e-30      0.00 7.390e-01 2.594e-01 2.699e-04 8.884e-05 7.035e-04 -1.000 1.566e-03 -0.103 1.002 0.862 0.124 -0.339 -0.768 -1.353 -1.832 -1.897
0.0015467 -1.00000 10.04139 0.8568376899 2.4370958805    0.782  1.985  3.7054  2.120    4  0.000  0.513     0.00     0.00 -1    -1e-30      0.00 7.390e-01 2.594e-01 2.699e-04 8.884e-05 7.035e-04 -1.000 1.566e-03 -0.193 0.971 0.805 0.048 -0.425 -0.861 -1.459 -1.950 -2.016
0.0015467 -1.00000 10.04139 0.8568400145 2.4370963573    0.782  2.023  3.7013  2.065    4  0.000  0.513     0.00     0.00 -1    -1e-30      0.00 7.390e-01 2.594e-01 2.699e-04 8.884e-05 7.035e-04 -1.000 1.566e-03 -0.288 0.934 0.743 -0.034 -0.515 -0.960 -1.570 -2.072 -2.139
0.0015467 -1.00000 10.04139 0.8568413854 2.4370968342    0.782  2.059  3.6976  2.015    4  0.000  0.513     0.00     0.00 -1    -1e-30      0.00 7.390e-01 2.594e-01 2.699e-04 8.884e-05 7.035e-04 -1.000 1.566e-03 -0.377 0.900 0.684 -0.110 -0.600 -1.051 -1.674 -2.186 -2.255
0.0015467 -1.00000 10.04139 0.8568415046 2.4370968342    0.782  2.063  3.6971  2.008    7  0.000  0.513     0.00     0.00 -1 -9.82e-10      0.00 7.390e-01 2.578e-01 2.699e-04 8.884e-05 7.035e-04 -1.000 3.229e-03 -0.388 0.896 0.677 -0.119 -0.610 -1.062 -1.686 -2.200 -2.269
0.0015467 -1.00000 10.04139 0.8568423390 2.4370970726    0.782  2.094  3.6942  1.966    7  0.000  0.513     0.00     0.00 -1 -1.17e-09      0.00 7.390e-01 2.578e-01 2.699e-04 8.884e-05 7.035e-04 -1.000 3.229e-03 -0.465 0.869 0.627 -0.184 -0.683 -1.140 -1.774 -2.296 -2.365
0.0015467 -1.00000 10.04139 0.8568432927 2.4370975494    0.782  2.128  3.6911  1.920    7  0.000  0.513     0.00     0.00 -1 -1.43e-09      0.00 7.390e-01 2.578e-01 2.699e-04 8.884e-05 7.035e-04 -1.000 3.229e-03 -0.550 0.838 0.571 -0.257 -0.763 -1.227 -1.871 -2.402 -2.473
0.0015467 -1.00000 10.04139 0.8568443060 2.4370977879    0.782  2.157  3.6884  1.880    7  0.000  0.513     0.00     0.00 -1 -1.68e-09      0.00 7.390e-01 2.578e-01 2.699e-04 8.884e-05 7.035e-04 -1.000 3.229e-03 -0.623 0.813 0.523 -0.319 -0.832 -1.301 -1.954 -2.494 -2.565
0.0015467 -1.00000 10.04139 0.8568469286 2.4370985031    0.782  2.153  3.6888  1.886    7  0.000  0.513     0.00     0.00 -1 -1.64e-09      0.00 7.390e-01 2.578e-01 2.699e-04 8.884e-05 7.035e-04 -1.000 3.229e-03 -0.612 0.816 0.530 -0.310 -0.822 -1.290 -1.942 -2.480 -2.551
0.0015467 -1.00000 10.04139 0.8568495512 2.4370992184    0.782  2.141  3.6899  1.901    7  0.000  0.513     0.00     0.00 -1 -1.54e-09      0.00 7.390e-01 2.578e-01 2.699e-04 8.884e-05 7.035e-04 -1.000 3.229e-03 -0.583 0.825 0.549 -0.285 -0.795 -1.261 -1.909 -2.443 -2.514
0.0015467 -1.00000 10.04139 0.8568795323 2.4371082783    0.780  2.142  3.6898  1.899    7  0.000  0.513     0.00     0.00 -1 -1.57e-09      0.00 7.390e-01 2.578e-01 2.699e-04 8.884e-05 7.035e-04 -1.000 3.229e-03 -0.585 0.826 0.548 -0.287 -0.797 -1.263 -1.912 -2.447 -2.518
0.0015467 -1.00000 10.04139 0.8569053411 2.4371159077    0.778  2.187  3.6856  1.837    7  0.000  0.513     0.00     0.00 -1 -2.04e-09      0.00 7.390e-01 2.578e-01 2.699e-04 8.884e-05 7.035e-04 -1.000 3.229e-03 -0.696 0.798 0.479 -0.380 -0.901 -1.375 -2.039 -2.587 -2.659
0.0015467 -1.00000 10.04139 0.8569227457 2.4371211529    0.776  2.227  3.6819  1.781    7  0.000  0.513     0.00     0.00 -1 -2.56e-09      0.00 7.390e-01 2.578e-01 2.699e-04 8.884e-05 7.035e-04 -1.000 3.229e-03 -0.797 0.795 0.426 -0.470 -1.001 -1.480 -2.156 -2.713 -2.785
0.0015467 -1.00000 10.04139 0.8569375277 2.4371256828    0.775  2.267  3.6782  1.725    7  0.000  0.513     0.00     0.00 -1 -3.22e-09      0.00 7.390e-01 2.578e-01 2.699e-04 8.884e-05 7.035e-04 -1.000 3.229e-03 -0.896 0.789 0.373 -0.556 -1.098 -1.582 -2.270 -2.837 -2.908
0.0015467 -1.00000 10.04139 0.8569543362 2.4371306896    0.772  2.314  3.6740  1.660    7  0.000  0.513     0.00     0.00 -1 -4.26e-09      0.00 7.390e-01 2.578e-01 2.699e-04 8.884e-05 7.035e-04 -1.000 3.229e-03 -1.014 0.783 0.311 -0.656 -1.211 -1.702 -2.404 -2.982 -3.053
0.0015467 -1.00000 10.04139 0.8569697142 2.4371352196    0.769  2.356  3.6702  1.600    7  0.000  0.513     0.00     0.00 -1 -5.45e-09      0.00 7.390e-01 2.578e-01 2.699e-04 8.884e-05 7.035e-04 -1.000 3.229e-03 -1.121 0.778 0.256 -0.746 -1.312 -1.810 -2.525 -3.112 -3.184
0.0015467 -1.00000 10.04139 0.8569836020 2.4371392727    0.765  2.397  3.6666  1.543    7  0.000  0.513     0.00     0.00 -1 -6.92e-09      0.00 7.390e-01 2.578e-01 2.699e-04 8.884e-05 7.035e-04 -1.000 3.228e-03 -1.224 0.782 0.206 -0.830 -1.409 -1.913 -2.641 -3.236 -3.310
0.0015467 -1.00000 10.04139 0.8569960594 2.4371430874    0.761  2.438  3.6630  1.486    7  0.000  0.513     0.00     0.00 -1 -8.81e-09      0.00 7.390e-01 2.579e-01 2.698e-04 8.884e-05 7.035e-04 -1.000 3.161e-03 -1.325 0.775 0.153 -0.911 -1.500 -2.012 -2.753 -3.360 -3.435
0.0015467 -1.00000 10.04139 0.8570072651 2.4371464252    0.757  2.478  3.6596  1.430    7  0.000  0.512     0.00     0.00 -1  -1.1e-08      0.00 7.390e-01 2.579e-01 2.697e-04 8.886e-05 7.035e-04 -1.000 3.129e-03 -1.424 0.792 0.112 -0.990 -1.592 -2.110 -2.865 -3.480 -3.557
0.0015467 -1.00000 10.04139 0.8570173383 2.4371495247    0.752  2.517  3.6561  1.373    7  0.000  0.512     0.00     0.00 -1 -1.39e-08      0.00 7.390e-01 2.579e-01 2.693e-04 8.902e-05 7.035e-04 -1.000 3.129e-03 -1.523 0.807 0.069 -1.066 -1.680 -2.206 -2.975 -3.600 -3.679
0.0015467 -1.00000 10.04139 0.8570265174 2.4371521473    0.746  2.556  3.6526  1.317    7  0.000  0.509     0.00     0.00 -1 -1.76e-08      0.00 7.390e-01 2.579e-01 2.683e-04 8.971e-05 7.035e-04 -1.000 3.076e-03 -1.620 0.816 0.025 -1.138 -1.765 -2.299 -3.084 -3.719 -3.800
0.0015467 -1.00000 10.04139 0.8570349216 2.4371547699    0.739  2.595  3.6448  1.243    7  0.000  0.505     0.00     0.00 -1 -2.25e-08      0.00 7.390e-01 2.580e-01 2.661e-04 9.167e-05 7.035e-04 -1.000 3.029e-03 -1.718 0.934 0.039 -1.178 -1.830 -2.384 -3.201 -3.863 -3.950
0.0015467 -1.00000 10.04139 0.8570388556 2.4371557236    0.735  2.615  3.6410  1.205    7  0.000  0.502     0.00     0.00 -1 -2.56e-08      0.00 7.390e-01 2.580e-01 2.646e-04 9.342e-05 7.035e-04 -1.000 3.029e-03 -1.767 0.995 0.046 -1.197 -1.862 -2.426 -3.260 -3.935 -4.025
0.0015467 -1.00000 10.04139 0.8570463061 2.4371581078    0.726  2.653  3.6374  1.147    7  0.000  0.495     0.00     0.00 -1 -3.25e-08      0.00 7.390e-01 2.580e-01 2.611e-04 9.760e-05 7.035e-04 -1.000 3.018e-03 -1.864 1.018 0.009 -1.262 -1.942 -2.515 -3.366 -4.053 -4.146
0.0015467 -1.00000 10.04139 0.8570534587 2.4371602535    0.715  2.692  3.6340  1.088    7  0.000  0.488     0.00     0.00 -1 -4.11e-08      0.00 7.390e-01 2.580e-01 2.577e-04 1.017e-04 7.035e-04 -1.000 3.003e-03 -1.960 1.038 -0.030 -1.329 -2.022 -2.605 -3.471 -4.170 -4.265
0.0015467 -1.00000 10.04139 0.8570604324 2.4371623993    0.702  2.730  3.6305  1.028    7  0.000  0.482     0.00     0.00 -1 -5.34e-08      0.00 7.389e-01 2.581e-01 2.545e-04 1.055e-04 7.035e-04 -1.000 2.951e-03 -2.056 1.067 -0.064 -1.393 -2.101 -2.694 -3.576 -4.286 -4.385
0.0015467 -1.00000 10.04139 0.8570671082 2.4371643066    0.685  2.769  3.6271  0.965    7  0.000  0.477     0.00     0.00 -1 -6.97e-08      0.00 7.389e-01 2.582e-01 2.519e-04 1.088e-04 7.035e-04 -1.000 2.996e-03 -2.151 1.109 -0.092 -1.454 -2.177 -2.781 -3.679 -4.401 -4.503
0.0015467 -1.00000 10.04139 0.8570732474 2.4371662140    0.665  2.806  3.6239  0.902    7  0.000  0.472     0.00     0.00 -1 -9.21e-08      0.00 7.388e-01 2.582e-01 2.495e-04 1.117e-04 7.035e-04 -1.000 2.987e-03 -2.245 1.156 -0.117 -1.512 -2.252 -2.867 -3.781 -4.514 -4.619
0.0015467 -1.00000 10.04139 0.8570790291 2.4371678829    0.639  2.844  3.6212  0.836    7  0.000  0.468     0.00     0.00 -1 -1.24e-07      0.00 7.388e-01 2.583e-01 2.475e-04 1.142e-04 7.035e-04 -1.000 2.918e-03 -2.339 1.191 -0.149 -1.575 -2.330 -2.955 -3.883 -4.623 -4.732
0.0015467 -1.00000 10.04139 0.8570837379 2.4371693134    0.610  2.879  3.6194  0.774    7  0.000  0.465     0.00     0.00 -1 -1.71e-07      0.00 7.387e-01 2.583e-01 2.459e-04 1.163e-04 7.035e-04 -1.000 2.942e-03 -2.428 1.205 -0.189 -1.641 -2.407 -3.040 -3.977 -4.722 -4.833
0.0015467 -1.00000 10.04139 0.8570871949 2.4371702671    0.583  2.911  3.6199  0.725    7  0.000  0.463     0.00     0.00 -1 -2.29e-07      0.00 7.387e-01 2.584e-01 2.445e-04 1.179e-04 7.035e-04 -1.000 2.923e-03 -2.506 1.158 -0.258 -1.720 -2.489 -3.121 -4.058 -4.799 -4.909
0.0015467 -1.00000 10.04139 0.8570900559 2.4371712208    0.553  2.942  3.6254  0.692    7  0.000  0.460     0.00     0.00 -1  -3.1e-07      0.00 7.386e-01 2.585e-01 2.433e-04 1.195e-04 7.034e-04 -1.000 2.892e-03 -2.586 0.964 -0.405 -1.848 -2.601 -3.218 -4.131 -4.850 -4.955
0.0015467 -1.00000 10.04139 0.8570922017 2.4371716976    0.512  2.969  3.6490  0.726    7  0.000  0.458     0.00     0.00 -1 -3.88e-07      0.00 7.385e-01 2.585e-01 2.420e-04 1.210e-04 7.034e-04 -1.000 2.929e-03 -2.651 0.267 -0.810 -2.114 -2.788 -3.344 -4.150 -4.782 -4.868
0.0015467 -1.00000 10.04139 1.0965409279 2.4910964966    0.544 -4.315  3.6282  7.954    9  0.545  0.000     0.00     0.00 -1    -1e-30      0.00 7.252e-01 2.732e-01 2.244e-04 1.654e-04 7.173e-04 -1.000 1.584e-03 15.557 18.255 17.395 16.249 15.451 14.819 14.037 13.488 13.322
#isochrone terminated
