# File generated by CMD 3.3 (http://stev.oapd.inaf.it/cmd) on Wed May 20 08:44:15 CEST 2020
# isochrones based on PARSEC release v1.2S +  COLIBRI S_35
# Basic references: Bressan et al. (2012), MNRAS, 427, 127 + Chen et al. (2014, 2015), MNRAS, 444, 2525 + MNRAS, 452, 1068 + Tang et al. (2014), MNRAS, 445, 4287 + Marigo et al. (2017), ApJ, 835, 77 + Pastorelli al. (2019), MNRAS in press
# Thermal pulse cycles included 
# On RGB, assumed Reimers mass loss with efficiency eta=0.2
# Photometric system: <i>UBVRIJHK</i> (cf. Maiz-Apellaniz 2006 + Bessell 1990)
# Using YBC version of bolometric corrections as in Chen et al. (2019)
# O-rich circumstellar dpmod60alox40 dust from Groenewegen (2006)
# C-rich circumstellar AMCSIC15 dust from Groenewegen (2006)
# IMF: Kroupa (2001, 2002) + Kroupa et al. (2013) canonical two-part-power law IMF corrected for unresolved binaries 
# Kind of output: isochrone tables
# Zini     MH   logAge Mini        int_IMF         Mass   logL    logTe  logg  label   McoreTP C_O  period0 period1 pmode  Mloss  tau1m   X   Y   Xc  Xn  Xo  Cexcess  Z 	 mbolmag  Umag    Bmag    Vmag    Rmag    Imag    Jmag    Hmag    Kmag
0.0015467 -1.00000 10.07918 0.0900000036 1.0816895962    0.090 -3.239  3.4439  5.358    1  0.000  0.545     0.00     0.00 -1 -3.61e-17      0.00 7.449e-01 2.534e-01 2.929e-04 7.903e-05 7.168e-04 -1.000 1.629e-03 12.867 21.280 18.528 16.527 14.485 12.451 10.801 10.430 10.265
0.0015467 -1.00000 10.07918 0.0972700790 1.1478891373    0.097 -3.063  3.4687  5.316    1  0.000  0.545     0.00     0.00 -1 -6.18e-17      0.00 7.441e-01 2.543e-01 2.929e-04 7.903e-05 7.168e-04 -1.000 1.629e-03 12.427 19.677 17.304 15.369 13.671 11.908 10.440 9.993 9.815
0.0015467 -1.00000 10.07918 0.1000000015 1.1711064577    0.100 -3.000  3.4776  5.300    1  0.000  0.545     0.00     0.00 -1  -8.9e-17      0.00 7.437e-01 2.546e-01 2.929e-04 7.903e-05 7.168e-04 -1.000 1.629e-03 12.270 19.137 16.888 14.977 13.386 11.722 10.312 9.842 9.659
0.0015467 -1.00000 10.07918 0.1200000048 1.3193155527    0.120 -2.719  3.5109  5.231    1  0.000  0.545     0.00     0.00 -1 -1.68e-16      0.00 7.417e-01 2.567e-01 2.929e-04 7.903e-05 7.168e-04 -1.000 1.629e-03 11.567 17.093 15.307 13.524 12.244 10.938 9.716 9.185 8.983
0.0015467 -1.00000 10.07918 0.1400000006 1.4384527206    0.140 -2.534  3.5287  5.184    1  0.000  0.545     0.00     0.00 -1 -2.51e-16      0.00 7.401e-01 2.583e-01 2.929e-04 7.903e-05 7.168e-04 -1.000 1.629e-03 11.105 16.026 14.449 12.762 11.591 10.448 9.309 8.758 8.550
0.0015467 -1.00000 10.07918 0.1599999964 1.5372931957    0.160 -2.393  3.5399  5.146    1  0.000  0.545     0.00     0.00 -1  -3.4e-16      0.00 7.388e-01 2.596e-01 2.929e-04 7.904e-05 7.168e-04 -1.000 1.629e-03 10.751 15.336 13.872 12.252 11.135 10.081 8.989 8.429 8.219
0.0015467 -1.00000 10.07918 0.2000000179 1.6938792467    0.200 -2.172  3.5546  5.081    1  0.000  0.545     0.00     0.00 -1 -5.45e-16      0.00 7.373e-01 2.611e-01 2.929e-04 7.904e-05 7.168e-04 -1.000 1.629e-03 10.199 14.386 13.053 11.522 10.466 9.516 8.481 7.911 7.699
0.0015467 -1.00000 10.07918 0.2500000298 1.8403259516    0.250 -1.966  3.5661  5.019    1  0.000  0.545     0.00     0.00 -1 -1.98e-16      0.00 7.370e-01 2.614e-01 2.929e-04 7.904e-05 7.168e-04 -1.000 1.629e-03 9.685 13.585 12.347 10.883 9.871 8.996 8.002 7.425 7.212
0.0015467 -1.00000 10.07918 0.3000000417 1.9529141188    0.300 -1.808  3.5749  4.974    1  0.000  0.545     0.00     0.00 -1 -1.77e-18      0.00 7.371e-01 2.612e-01 2.929e-04 7.904e-05 7.168e-04 -1.000 1.629e-03 9.289 12.994 11.818 10.403 9.423 8.595 7.632 7.050 6.838
0.0015467 -1.00000 10.07918 0.3500000238 2.0434176922    0.350 -1.676  3.5822  4.939    1  0.000  0.545     0.00     0.00 -1 -1.52e-15      0.00 7.465e-01 2.519e-01 2.929e-04 7.903e-05 7.168e-04 -1.000 1.629e-03 8.960 12.511 11.385 10.009 9.055 8.263 7.324 6.738 6.529
0.0015467 -1.00000 10.07918 0.3528360426 2.0480413437    0.353 -1.667  3.5829  4.936    1  0.000  0.545     0.00     0.00 -1 -1.55e-15      0.00 7.465e-01 2.519e-01 2.929e-04 7.903e-05 7.168e-04 -1.000 1.629e-03 8.937 12.474 11.352 9.980 9.029 8.240 7.302 6.716 6.508
0.0015467 -1.00000 10.07918 0.4000000358 2.1185026169    0.400 -1.523  3.5935  4.889    1  0.000  0.545     0.00     0.00 -1 -2.14e-15      0.00 7.470e-01 2.514e-01 2.929e-04 7.903e-05 7.168e-04 -1.000 1.629e-03 8.578 11.900 10.849 9.534 8.621 7.878 6.973 6.381 6.180
0.0015467 -1.00000 10.07918 0.4499999881 2.1822810173    0.450 -1.345  3.6104  4.830    1  0.000  0.545     0.00     0.00 -1 -3.25e-15      0.00 7.470e-01 2.514e-01 2.929e-04 7.903e-05 7.168e-04 -1.000 1.629e-03 8.133 11.140 10.187 8.963 8.113 7.427 6.572 5.969 5.790
0.0015467 -1.00000 10.07918 0.4992236197 2.2366530895    0.499 -1.146  3.6369  4.782    1  0.000  0.545     0.00     0.00 -1 -5.17e-15      0.00 7.470e-01 2.514e-01 2.929e-04 7.903e-05 7.168e-04 -1.000 1.629e-03 7.636 10.185 9.367 8.284 7.531 6.930 6.142 5.531 5.393
0.0015467 -1.00000 10.07918 0.5000000000 2.2374541759    0.500 -1.143  3.6373  4.781    1  0.000  0.545     0.00     0.00 -1  -5.2e-15      0.00 7.470e-01 2.514e-01 2.929e-04 7.903e-05 7.168e-04 -1.000 1.629e-03 7.628 10.170 9.355 8.274 7.523 6.922 6.135 5.524 5.387
0.0015467 -1.00000 10.07918 0.5500000715 2.2836585045    0.550 -0.918  3.6704  4.730    1  0.000  0.544     0.00     0.00 -1 -8.83e-15      0.00 7.811e-01 2.174e-01 2.564e-04 6.921e-05 6.280e-04 -1.000 1.432e-03 7.065 8.976 8.401 7.493 6.869 6.363 5.668 5.105 5.004
0.0015467 -1.00000 10.07918 0.6000000238 2.3211214542    0.600 -0.711  3.7008  4.682    1  0.000  0.544     0.00     0.00 -1 -1.44e-14      0.00 7.889e-01 2.097e-01 2.488e-04 6.720e-05 6.100e-04 -1.000 1.388e-03 6.547 7.895 7.603 6.816 6.296 5.851 5.257 4.778 4.695
0.0015467 -1.00000 10.07918 0.6064124703 2.3254148960    0.606 -0.683  3.7050  4.676    1  0.000  0.544     0.00     0.00 -1 -1.53e-14      0.00 7.899e-01 2.087e-01 2.477e-04 6.691e-05 6.074e-04 -1.000 1.390e-03 6.479 7.760 7.503 6.731 6.224 5.785 5.205 4.737 4.657
0.0015467 -1.00000 10.07918 0.6233355403 2.3362591267    0.623 -0.612  3.7161  4.661    1  0.000  0.544     0.00     0.00 -1 -1.82e-14      0.00 7.929e-01 2.058e-01 2.448e-04 6.612e-05 6.004e-04 -1.000 1.362e-03 6.299 7.412 7.245 6.512 6.034 5.615 5.069 4.629 4.554
0.0015467 -1.00000 10.07918 0.6391171813 2.3457791805    0.639 -0.545  3.7262  4.645    1  0.000  0.543     0.00     0.00 -1 -1.93e-14      0.00 7.956e-01 2.030e-01 2.419e-04 6.536e-05 5.935e-04 -1.000 1.386e-03 6.131 7.105 7.011 6.315 5.861 5.459 4.942 4.527 4.457
0.0015467 -1.00000 10.07918 0.6499999762 2.3520355225    0.650 -0.498  3.7331  4.633    1  0.000  0.543     0.00     0.00 -1 -2.38e-14      0.00 7.977e-01 2.010e-01 2.399e-04 6.483e-05 5.887e-04 -1.000 1.337e-03 6.015 6.902 6.854 6.181 5.743 5.351 4.854 4.454 4.388
0.0015467 -1.00000 10.07918 0.6589986682 2.3570294380    0.659 -0.460  3.7382  4.621    1  0.000  0.543     0.00     0.00 -1 -2.62e-14      0.00 7.997e-01 1.990e-01 2.379e-04 6.431e-05 5.841e-04 -1.000 1.315e-03 5.919 6.745 6.729 6.074 5.646 5.262 4.779 4.391 4.327
0.0015467 -1.00000 10.07918 0.6724911332 2.3642299175    0.672 -0.401  3.7458  4.602    1  0.000  0.543     0.00     0.00 -1 -3.03e-14      0.00 8.028e-01 1.959e-01 2.349e-04 6.351e-05 5.769e-04 -1.000 1.305e-03 5.773 6.515 6.543 5.913 5.502 5.129 4.666 4.293 4.233
0.0015467 -1.00000 10.07918 0.6849575639 2.3705937862    0.685 -0.347  3.7525  4.582    1  0.000  0.543     0.00     0.00 -1 -2.38e-14      0.00 8.058e-01 1.929e-01 2.319e-04 6.273e-05 5.699e-04 -1.000 1.294e-03 5.636 6.307 6.371 5.764 5.368 5.007 4.560 4.199 4.144
0.0015467 -1.00000 10.07918 0.6971715093 2.3765757084    0.697 -0.292  3.7589  4.561    1  0.000  0.542     0.00     0.00 -1 -1.09e-14      0.00 8.089e-01 1.899e-01 2.290e-04 6.194e-05 5.629e-04 -1.000 1.264e-03 5.500 6.106 6.201 5.618 5.236 4.885 4.453 4.103 4.053
0.0015467 -1.00000 10.07918 0.6999999881 2.3779268265    0.700 -0.279  3.7604  4.556    1  0.000  0.542     0.00     0.00 -1 -4.16e-14      0.00 8.096e-01 1.891e-01 2.282e-04 6.175e-05 5.612e-04 -1.000 1.283e-03 5.468 6.060 6.161 5.584 5.205 4.856 4.428 4.080 4.031
0.0015467 -1.00000 10.07918 0.7025200129 2.3791201115    0.702 -0.268  3.7617  4.551    1  0.000  0.542     0.00     0.00 -1 -4.29e-14      0.00 8.104e-01 1.883e-01 2.273e-04 6.155e-05 5.595e-04 -1.000 1.296e-03 5.439 6.020 6.126 5.554 5.177 4.830 4.405 4.060 4.011
0.0015467 -1.00000 10.07918 0.7114205956 2.3832566738    0.711 -0.226  3.7661  4.532    1  0.000  0.540     0.00     0.00 -1 -4.79e-14      0.00 8.132e-01 1.856e-01 2.241e-04 6.082e-05 5.531e-04 -1.000 1.235e-03 5.335 5.878 6.002 5.445 5.077 4.737 4.323 3.984 3.939
0.0015467 -1.00000 10.07918 0.7200596333 2.3871593475    0.720 -0.185  3.7702  4.513    1  0.000  0.539     0.00     0.00 -1 -5.35e-14      0.00 8.160e-01 1.828e-01 2.209e-04 6.008e-05 5.466e-04 -1.000 1.203e-03 5.232 5.740 5.879 5.337 4.978 4.645 4.239 3.908 3.866
0.0015467 -1.00000 10.07918 0.7283614874 2.3908097744    0.728 -0.144  3.7741  4.492    1  0.000  0.537     0.00     0.00 -1 -5.98e-14      0.00 8.189e-01 1.799e-01 2.177e-04 5.935e-05 5.402e-04 -1.000 1.233e-03 5.129 5.607 5.759 5.232 4.880 4.553 4.156 3.831 3.791
0.0015467 -1.00000 10.07918 0.7393695712 2.3955049515    0.739 -0.088  3.7789  4.462    1  0.000  0.535     0.00     0.00 -1 -3.23e-15      0.00 8.229e-01 1.759e-01 2.134e-04 5.833e-05 5.312e-04 -1.000 1.205e-03 4.989 5.430 5.595 5.087 4.745 4.426 4.040 3.723 3.687
0.0015467 -1.00000 10.07918 0.7497119308 2.3997721672    0.749 -0.032  3.7832  4.429    1  0.000  0.533     0.00     0.00 -1 -7.16e-14      0.00 8.268e-01 1.720e-01 2.090e-04 5.731e-05 5.223e-04 -1.000 1.203e-03 4.850 5.265 5.437 4.945 4.611 4.299 3.923 3.612 3.579
0.0015467 -1.00000 10.07918 0.7500000000 2.3998889923    0.750 -0.030  3.7833  4.428    1  0.000  0.533     0.00     0.00 -1 -8.23e-14      0.00 8.270e-01 1.718e-01 2.089e-04 5.728e-05 5.220e-04 -1.000 1.203e-03 4.846 5.260 5.433 4.940 4.607 4.295 3.919 3.609 3.576
0.0015467 -1.00000 10.07918 0.7561737299 2.4023702145    0.756  0.004  3.7855  4.406    1  0.000  0.533     0.00     0.00 -1 -9.11e-14      0.00 8.300e-01 1.688e-01 2.060e-04 5.650e-05 5.150e-04 -1.000 1.196e-03 4.760 5.162 5.337 4.852 4.524 4.215 3.843 3.537 3.505
0.0015467 -1.00000 10.07918 0.7640047073 2.4054510593    0.763  0.051  3.7881  4.374    1  0.000  0.533     0.00     0.00 -1 -1.04e-13      0.00 8.338e-01 1.650e-01 2.023e-04 5.550e-05 5.060e-04 -1.000 1.185e-03 4.644 5.032 5.209 4.734 4.411 4.106 3.740 3.439 3.408
0.0015467 -1.00000 10.07918 0.7743600011 2.4094150066    0.774  0.115  3.7912  4.328    1  0.000  0.532     0.00     0.00 -1 -1.27e-13      0.00 8.388e-01 1.601e-01 1.974e-04 5.419e-05 4.943e-04 -1.000 1.117e-03 4.481 4.854 5.032 4.569 4.252 3.953 3.594 3.297 3.269
0.0015467 -1.00000 10.07918 0.7840639949 2.4130208492    0.783  0.180  3.7934  4.277    1  0.000  0.532     0.00     0.00 -1 -1.55e-13      0.00 8.429e-01 1.560e-01 1.933e-04 5.310e-05 4.846e-04 -1.000 1.103e-03 4.320 4.683 4.859 4.405 4.093 3.798 3.444 3.152 3.124
0.0015467 -1.00000 10.07918 0.7926220894 2.4161167145    0.792  0.241  3.7948  4.226    1  0.000  0.531     0.00     0.00 -1 -1.89e-13      0.00 8.447e-01 1.542e-01 1.914e-04 5.260e-05 4.802e-04 -1.000 1.129e-03 4.167 4.525 4.698 4.250 3.941 3.649 3.297 3.008 2.981
0.0015467 -1.00000 10.07918 0.7945462465 2.4168021679    0.794  0.256  3.7950  4.214    1  0.000  0.531     0.00     0.00 -1 -1.42e-14      0.00 8.450e-01 1.539e-01 1.912e-04 5.253e-05 4.795e-04 -1.000 1.137e-03 4.131 4.489 4.661 4.214 3.906 3.614 3.263 2.974 2.947
0.0015467 -1.00000 10.07918 0.7978438735 2.4179682732    0.797  0.282  3.7949  4.188    1  0.000  0.531     0.00     0.00 -1 -7.63e-14      0.00 8.453e-01 1.536e-01 1.909e-04 5.245e-05 4.789e-04 -1.000 1.137e-03 4.064 4.423 4.593 4.147 3.838 3.546 3.195 2.906 2.879
0.0015467 -1.00000 10.07918 0.8000000119 2.4187245369    0.799  0.301  3.7945  4.169    1  0.000  0.531     0.00     0.00 -1  -2.3e-13      0.00 8.455e-01 1.534e-01 1.907e-04 5.241e-05 4.785e-04 -1.000 1.118e-03 4.017 4.379 4.547 4.100 3.791 3.499 3.146 2.857 2.830
0.0015467 -1.00000 10.07918 0.8036515713 2.4199948311    0.802  0.333  3.7939  4.137    1  0.000  0.531     0.00     0.00 -1 -2.55e-13      0.00 8.452e-01 1.538e-01 1.913e-04 5.256e-05 4.799e-04 -1.000 1.089e-03 3.938 4.303 4.469 4.021 3.711 3.418 3.064 2.774 2.747
0.0015467 -1.00000 10.07918 0.8087474108 2.4217457771    0.807  0.382  3.7916  4.082    1  0.000  0.531     0.00     0.00 -1 -3.04e-13      0.00 8.440e-01 1.549e-01 1.931e-04 5.308e-05 4.846e-04 -1.000 1.131e-03 3.816 4.193 4.354 3.900 3.586 3.290 2.931 2.636 2.608
0.0015467 -1.00000 10.07918 0.8097284436 2.4220798016    0.808  0.392  3.7910  4.070    1  0.000  0.531     0.00     0.00 -1 -3.15e-13      0.00 8.437e-01 1.551e-01 1.934e-04 5.318e-05 4.855e-04 -1.000 1.140e-03 3.791 4.171 4.331 3.876 3.561 3.264 2.903 2.608 2.580
0.0015467 -1.00000 10.07918 0.8129560947 2.4231727123    0.812  0.428  3.7872  4.020    2  0.000  0.531     0.00     0.00 -1 -3.63e-13      0.00 8.410e-01 1.579e-01 1.976e-04 5.431e-05 4.958e-04 -1.000 1.145e-03 3.699 4.099 4.254 3.786 3.465 3.162 2.793 2.490 2.460
0.0015467 -1.00000 10.07918 0.8163912892 2.4243247509    0.815  0.472  3.7805  3.952    2  0.000  0.531     0.00     0.00 -1 -4.32e-13      0.00 8.323e-01 1.666e-01 2.093e-04 5.751e-05 5.249e-04 -1.000 1.185e-03 3.591 4.027 4.172 3.684 3.351 3.037 2.653 2.338 2.304
0.0015467 -1.00000 10.07918 0.8187477589 2.4251089096    0.817  0.504  3.7727  3.889    2  0.000  0.532     0.00     0.00 -1    -5e-13      0.00 8.150e-01 1.837e-01 2.279e-04 6.254e-05 5.704e-04 -1.000 1.288e-03 3.511 3.999 4.126 3.612 3.264 2.938 2.535 2.205 2.167
0.0015467 -1.00000 10.07918 0.8204788566 2.4256813526    0.819  0.528  3.7638  3.830    2  0.000  0.534     0.00     0.00 -1 -5.66e-13      0.00 7.950e-01 2.036e-01 2.459e-04 6.739e-05 6.139e-04 -1.000 1.387e-03 3.449 4.000 4.106 3.561 3.197 2.856 2.431 2.085 2.041
0.0015467 -1.00000 10.07918 0.8218962550 2.4261481762    0.820  0.552  3.7542  3.768    2  0.000  0.535     0.00     0.00 -1 -6.42e-13      0.00 7.804e-01 2.181e-01 2.584e-04 7.073e-05 6.436e-04 -1.000 1.465e-03 3.389 4.015 4.094 3.516 3.133 2.777 2.328 1.964 1.914
0.0015467 -1.00000 10.07918 0.8229976892 2.4265096188    0.821  0.581  3.7460  3.708    2  0.000  0.536     0.00     0.00 -1 -7.33e-13      0.00 7.723e-01 2.262e-01 2.654e-04 7.259e-05 6.601e-04 -1.000 1.485e-03 3.319 4.012 4.066 3.460 3.061 2.692 2.223 1.842 1.787
0.0015467 -1.00000 10.07918 0.8238890171 2.4268012047    0.822  0.614  3.7398  3.650    2  0.000  0.536     0.00     0.00 -1 -8.46e-13      0.00 7.674e-01 2.311e-01 2.696e-04 7.370e-05 6.701e-04 -1.000 1.499e-03 3.234 3.979 4.013 3.388 2.977 2.598 2.112 1.718 1.660
0.0015467 -1.00000 10.07918 0.8245944381 2.4270315170    0.823  0.649  3.7356  3.598    2  0.000  0.537     0.00     0.00 -1 -9.73e-13      0.00 7.642e-01 2.343e-01 2.722e-04 7.440e-05 6.763e-04 -1.000 1.543e-03 3.147 3.932 3.950 3.309 2.891 2.506 2.007 1.603 1.543
0.0015467 -1.00000 10.07918 0.8249440789 2.4271457195    0.823  0.669  3.7337  3.572    2  0.000  0.537     0.00     0.00 -1 -1.05e-12      0.00 7.627e-01 2.357e-01 2.733e-04 7.470e-05 6.790e-04 -1.000 1.566e-03 3.098 3.902 3.912 3.265 2.844 2.455 1.951 1.542 1.481
0.0015467 -1.00000 10.07918 0.8250667453 2.4271855354    0.823  0.677  3.7332  3.561    2  0.000  0.537     0.00     0.00 -1 -1.08e-12      0.00 7.623e-01 2.362e-01 2.736e-04 7.478e-05 6.797e-04 -1.000 1.566e-03 3.078 3.886 3.895 3.246 2.824 2.434 1.929 1.519 1.458
0.0015467 -1.00000 10.07918 0.8257120848 2.4273955822    0.824  0.721  3.7306  3.507    3  0.000  0.537     0.00     0.00 -1 -1.27e-12      0.00 7.598e-01 2.386e-01 2.751e-04 7.520e-05 6.834e-04 -1.000 1.561e-03 2.968 3.800 3.799 3.142 2.715 2.321 1.808 1.391 1.329
0.0015467 -1.00000 10.07918 0.8262557983 2.4275722504    0.824  0.762  3.7286  3.459    3  0.000  0.537     0.00     0.00 -1 -1.48e-12      0.00 7.578e-01 2.406e-01 2.763e-04 7.551e-05 6.862e-04 -1.000 1.535e-03 2.866 3.719 3.708 3.045 2.614 2.217 1.698 1.276 1.213
0.0015467 -1.00000 10.07918 0.8268591762 2.4277679920    0.825  0.811  3.7266  3.402    3  0.000  0.537     0.00     0.00 -1 -1.76e-12      0.00 7.556e-01 2.428e-01 2.773e-04 7.582e-05 6.888e-04 -1.000 1.577e-03 2.743 3.617 3.597 2.927 2.494 2.093 1.568 1.140 1.077
0.0015467 -1.00000 10.07918 0.8274167776 2.4279487133    0.825  0.860  3.7249  3.347    3  0.000  0.536     0.00     0.00 -1  -2.1e-12      0.00 7.535e-01 2.450e-01 2.779e-04 7.609e-05 6.909e-04 -1.000 1.547e-03 2.621 3.512 3.485 2.809 2.372 1.969 1.438 1.006 0.942
0.0015467 -1.00000 10.07918 0.8279762268 2.4281296730    0.826  0.913  3.7232  3.286    3  0.000  0.535     0.00     0.00 -1 -2.55e-12      0.00 7.513e-01 2.472e-01 2.780e-04 7.647e-05 6.927e-04 -1.000 1.551e-03 2.486 3.395 3.360 2.679 2.239 1.834 1.297 0.860 0.795
0.0015467 -1.00000 10.07918 0.8284716606 2.4282896519    0.826  0.966  3.7216  3.228    3  0.000  0.533     0.00     0.00 -1 -3.07e-12      0.00 7.493e-01 2.492e-01 2.774e-04 7.715e-05 6.941e-04 -1.000 1.545e-03 2.356 3.281 3.239 2.552 2.110 1.702 1.160 0.719 0.654
0.0015467 -1.00000 10.07918 0.8288919926 2.4284250736    0.827  1.014  3.7202  3.175    3  0.000  0.530     0.00     0.00 -1 -3.65e-12      0.00 7.476e-01 2.508e-01 2.762e-04 7.828e-05 6.951e-04 -1.000 1.577e-03 2.236 3.176 3.127 2.436 1.992 1.581 1.035 0.589 0.524
0.0015467 -1.00000 10.07918 0.8292209506 2.4285311699    0.827  1.054  3.7189  3.129    3  0.000  0.527     0.00     0.00 -1 -4.22e-12      0.00 7.463e-01 2.521e-01 2.748e-04 7.960e-05 6.957e-04 -1.000 1.578e-03 2.135 3.088 3.034 2.339 1.892 1.479 0.929 0.480 0.414
0.0015467 -1.00000 10.07918 0.8295852542 2.4286482334    0.827  1.102  3.7174  3.075    3  0.000  0.523     0.00     0.00 -1 -5.02e-12      0.00 7.450e-01 2.534e-01 2.729e-04 8.156e-05 6.964e-04 -1.000 1.582e-03 2.014 2.985 2.923 2.222 1.773 1.357 0.802 0.348 0.282
0.0015467 -1.00000 10.07918 0.8299334645 2.4287602901    0.827  1.153  3.7157  3.017    3  0.000  0.518     0.00     0.00 -1 -6.02e-12      0.00 7.438e-01 2.546e-01 2.708e-04 8.400e-05 6.970e-04 -1.000 1.596e-03 1.887 2.877 2.807 2.100 1.648 1.230 0.668 0.209 0.143
0.0015467 -1.00000 10.07918 0.8302488923 2.4288616180    0.828  1.204  3.7140  2.960    3  0.000  0.514     0.00     0.00 -1 -7.23e-12      0.00 7.429e-01 2.555e-01 2.688e-04 8.631e-05 6.974e-04 -1.000 1.609e-03 1.761 2.771 2.692 1.979 1.523 1.102 0.535 0.071 0.004
0.0015467 -1.00000 10.07918 0.8305242062 2.4289500713    0.828  1.252  3.7123  2.905    3  0.000  0.511     0.00     0.00 -1 -8.61e-12      0.00 7.422e-01 2.562e-01 2.674e-04 8.803e-05 6.978e-04 -1.000 1.563e-03 1.640 2.672 2.583 1.863 1.404 0.980 0.407 -0.063 -0.130
0.0015467 -1.00000 10.07918 0.8307731748 2.4290299416    0.828  1.300  3.7105  2.850    3  0.000  0.509     0.00     0.00 -1 -1.02e-11      0.00 7.417e-01 2.567e-01 2.663e-04 8.936e-05 6.979e-04 -1.000 1.572e-03 1.521 2.574 2.476 1.749 1.287 0.859 0.280 -0.195 -0.262
0.0015467 -1.00000 10.07918 0.8309970498 2.4291017056    0.828  1.346  3.7087  2.796    3  0.000  0.507     0.00     0.00 -1 -1.21e-11      0.00 7.413e-01 2.571e-01 2.655e-04 9.042e-05 6.981e-04 -1.000 1.600e-03 1.404 2.481 2.373 1.639 1.172 0.742 0.156 -0.324 -0.392
0.0015467 -1.00000 10.07918 0.8312049508 2.4291682243    0.828  1.394  3.7068  2.741    3  0.000  0.506     0.00     0.00 -1 -1.44e-11      0.00 7.412e-01 2.573e-01 2.651e-04 9.088e-05 6.982e-04 -1.000 1.565e-03 1.285 2.387 2.268 1.526 1.056 0.622 0.030 -0.456 -0.524
0.0015467 -1.00000 10.07918 0.8313889503 2.4292271137    0.828  1.440  3.7049  2.688    3  0.000  0.506     0.00     0.00 -1  -1.7e-11      0.00 7.411e-01 2.573e-01 2.649e-04 9.110e-05 6.982e-04 -1.000 1.592e-03 1.171 2.297 2.168 1.418 0.944 0.507 -0.091 -0.583 -0.652
0.0015467 -1.00000 10.07918 0.8315605521 2.4292819500    0.828  1.486  3.7029  2.633    3  0.000  0.506     0.00     0.00 -1 -2.02e-11      0.00 7.411e-01 2.573e-01 2.649e-04 9.116e-05 6.982e-04 -1.000 1.593e-03 1.054 2.207 2.066 1.309 0.831 0.389 -0.216 -0.714 -0.784
0.0015467 -1.00000 10.07918 0.8317122459 2.4293305874    0.828  1.531  3.7009  2.580    3  0.000  0.506     0.00     0.00 -1 -2.38e-11      0.00 7.411e-01 2.574e-01 2.649e-04 9.119e-05 6.982e-04 -1.000 1.593e-03 0.942 2.120 1.969 1.203 0.721 0.276 -0.336 -0.840 -0.910
0.0015467 -1.00000 10.07918 0.8318474293 2.4293737411    0.828  1.575  3.6989  2.529    3  0.000  0.506     0.00     0.00 -1 -2.79e-11      0.00 7.410e-01 2.574e-01 2.648e-04 9.123e-05 6.983e-04 -1.000 1.594e-03 0.834 2.038 1.875 1.102 0.616 0.167 -0.452 -0.962 -1.033
0.0015467 -1.00000 10.07918 0.8319728374 2.4294137955    0.828  1.618  3.6969  2.478    3  0.000  0.506     0.00     0.00 -1 -3.27e-11      0.00 7.410e-01 2.574e-01 2.648e-04 9.126e-05 6.983e-04 -1.000 1.594e-03 0.725 1.959 1.783 1.001 0.510 0.058 -0.568 -1.085 -1.156
0.0015467 -1.00000 10.07918 0.8320840597 2.4294493198    0.828  1.660  3.6949  2.428    3  0.000  0.506     0.00     0.00 -1 -3.82e-11      0.00 7.410e-01 2.574e-01 2.648e-04 9.128e-05 6.983e-04 -1.000 1.594e-03 0.620 1.888 1.695 0.904 0.408 -0.048 -0.681 -1.203 -1.275
0.0015467 -1.00000 10.07918 0.8321889639 2.4294829369    0.828  1.702  3.6928  2.377    3  0.000  0.506     0.00     0.00 -1 -4.47e-11      0.00 7.410e-01 2.574e-01 2.648e-04 9.131e-05 6.983e-04 -1.000 1.594e-03 0.514 1.816 1.607 0.805 0.305 -0.155 -0.795 -1.323 -1.396
0.0015467 -1.00000 10.07918 0.8322834969 2.4295132160    0.828  1.743  3.6907  2.327    3  0.000  0.506     0.00     0.00 -1 -5.19e-11      0.00 7.410e-01 2.574e-01 2.648e-04 9.133e-05 6.983e-04 -1.000 1.594e-03 0.412 1.748 1.523 0.711 0.205 -0.259 -0.905 -1.439 -1.512
0.0015467 -1.00000 10.07918 0.8323718309 2.4295413494    0.827  1.783  3.6886  2.279    3  0.000  0.506     0.00     0.00 -1 -6.02e-11      0.00 7.410e-01 2.574e-01 2.647e-04 9.135e-05 6.983e-04 -1.000 1.595e-03 0.312 1.684 1.441 0.619 0.108 -0.359 -1.013 -1.553 -1.627
0.0015467 -1.00000 10.07918 0.8324565291 2.4295682907    0.827  1.822  3.6866  2.232    3  0.000  0.506     0.00     0.00 -1 -6.95e-11      0.00 7.410e-01 2.574e-01 2.647e-04 9.137e-05 6.983e-04 -1.000 1.595e-03 0.215 1.625 1.364 0.531 0.016 -0.456 -1.116 -1.664 -1.738
0.0015467 -1.00000 10.07918 0.8325433731 2.4295961857    0.827  1.856  3.6849  2.191    3  0.000  0.506     0.00     0.00 -1  -7.9e-11      0.00 7.410e-01 2.574e-01 2.647e-04 9.140e-05 6.983e-04 -1.000 1.595e-03 0.129 1.571 1.294 0.453 -0.067 -0.542 -1.209 -1.762 -1.837
0.0015467 -1.00000 10.07918 0.8326222301 2.4296212196    0.827  1.878  3.6838  2.165    3  0.000  0.506     0.00     0.00 -1  -8.6e-11      0.00 7.410e-01 2.574e-01 2.647e-04 9.142e-05 6.983e-04 -1.000 1.595e-03 0.075 1.535 1.250 0.403 -0.119 -0.596 -1.267 -1.823 -1.898
0.0015467 -1.00000 10.07918 0.8327016234 2.4296464920    0.827  1.854  3.6856  2.196    3  0.000  0.506     0.00     0.00 -1 -7.91e-11      0.00 7.410e-01 2.574e-01 2.647e-04 9.143e-05 6.983e-04 -1.000 1.595e-03 0.136 1.564 1.294 0.456 -0.062 -0.536 -1.200 -1.750 -1.825
0.0015467 -1.00000 10.07918 0.8327156901 2.4296510220    0.827  1.849  3.6860  2.202    3  0.000  0.506     0.00     0.00 -1 -7.77e-11      0.00 7.410e-01 2.574e-01 2.647e-04 9.144e-05 6.983e-04 -1.000 1.595e-03 0.147 1.570 1.302 0.466 -0.051 -0.524 -1.187 -1.737 -1.811
0.0015467 -1.00000 10.07918 0.8327740431 2.4296696186    0.826  1.886  3.6840  2.158    3  0.000  0.506     0.00     0.00 -1  -8.8e-11      0.00 7.410e-01 2.574e-01 2.647e-04 9.145e-05 6.983e-04 -1.000 1.596e-03 0.056 1.514 1.229 0.383 -0.139 -0.615 -1.286 -1.842 -1.916
0.0015467 -1.00000 10.07918 0.8328384757 2.4296901226    0.826  1.927  3.6816  2.106    3  0.000  0.506     0.00     0.00 -1 -1.02e-10      0.00 7.410e-01 2.574e-01 2.647e-04 9.147e-05 6.983e-04 -1.000 1.596e-03 -0.048 1.453 1.148 0.290 -0.238 -0.719 -1.398 -1.962 -2.037
0.0015467 -1.00000 10.07918 0.8329007030 2.4297101498    0.826  1.969  3.6792  2.054    3  0.000  0.506     0.00     0.00 -1  -1.2e-10      0.00 7.410e-01 2.574e-01 2.646e-04 9.148e-05 6.984e-04 -1.000 1.596e-03 -0.154 1.391 1.065 0.195 -0.339 -0.825 -1.512 -2.084 -2.160
0.0015467 -1.00000 10.07918 0.8329575658 2.4297282696    0.826  2.011  3.6768  2.003    3  0.000  0.506     0.00     0.00 -1  -1.4e-10      0.00 7.410e-01 2.574e-01 2.646e-04 9.150e-05 6.984e-04 -1.000 1.596e-03 -0.257 1.334 0.986 0.103 -0.437 -0.928 -1.624 -2.203 -2.280
0.0015467 -1.00000 10.07918 0.8330113888 2.4297454357    0.825  2.053  3.6743  1.951    3  0.000  0.506     0.00     0.00 -1 -1.64e-10      0.00 7.410e-01 2.575e-01 2.646e-04 9.151e-05 6.984e-04 -1.000 1.596e-03 -0.362 1.305 0.917 0.005 -0.543 -1.037 -1.740 -2.324 -2.400
0.0015467 -1.00000 10.07918 0.8330599070 2.4297606945    0.825  2.093  3.6718  1.900    3  0.000  0.505     0.00     0.00 -1 -1.91e-10      0.00 7.409e-01 2.575e-01 2.646e-04 9.152e-05 6.984e-04 -1.000 1.596e-03 -0.463 1.273 0.850 -0.087 -0.643 -1.140 -1.851 -2.441 -2.517
0.0015467 -1.00000 10.07918 0.8331050873 2.4297752380    0.824  2.134  3.6693  1.849    3  0.000  0.505     0.00     0.00 -1 -2.22e-10      0.00 7.409e-01 2.575e-01 2.646e-04 9.153e-05 6.984e-04 -1.000 1.596e-03 -0.565 1.241 0.783 -0.179 -0.742 -1.243 -1.963 -2.559 -2.635
0.0015467 -1.00000 10.07918 0.8331463933 2.4297883511    0.824  2.174  3.6668  1.799    3  0.000  0.505     0.00     0.00 -1 -2.58e-10      0.00 7.409e-01 2.575e-01 2.646e-04 9.154e-05 6.984e-04 -1.000 1.596e-03 -0.666 1.216 0.719 -0.267 -0.839 -1.344 -2.073 -2.675 -2.751
0.0015467 -1.00000 10.07918 0.8331847787 2.4298005104    0.823  2.215  3.6642  1.748    3  0.000  0.505     0.00     0.00 -1 -3.01e-10      0.00 7.409e-01 2.575e-01 2.646e-04 9.155e-05 6.984e-04 -1.000 1.596e-03 -0.766 1.192 0.657 -0.355 -0.935 -1.445 -2.182 -2.791 -2.868
0.0015467 -1.00000 10.07918 0.8332195282 2.4298117161    0.823  2.254  3.6616  1.698    3  0.000  0.505     0.00     0.00 -1 -3.48e-10      0.00 7.409e-01 2.575e-01 2.646e-04 9.156e-05 6.984e-04 -1.000 1.596e-03 -0.864 1.172 0.598 -0.441 -1.028 -1.542 -2.290 -2.905 -2.982
0.0015467 -1.00000 10.07918 0.8332524300 2.4298222065    0.822  2.293  3.6590  1.648    3  0.000  0.505     0.00     0.00 -1 -4.05e-10      0.00 7.409e-01 2.575e-01 2.646e-04 9.157e-05 6.984e-04 -1.000 1.596e-03 -0.964 1.154 0.540 -0.526 -1.122 -1.641 -2.398 -3.020 -3.098
0.0015467 -1.00000 10.07918 0.8332824111 2.4298317432    0.822  2.332  3.6564  1.598    3  0.000  0.505     0.00     0.00 -1 -4.69e-10      0.00 7.409e-01 2.575e-01 2.646e-04 9.158e-05 6.984e-04 -1.000 1.596e-03 -1.061 1.125 0.477 -0.605 -1.210 -1.735 -2.503 -3.134 -3.214
0.0015467 -1.00000 10.07918 0.8333101273 2.4298405647    0.821  2.371  3.6538  1.548    3  0.000  0.505     0.00     0.00 -1 -5.42e-10      0.00 7.409e-01 2.575e-01 2.646e-04 9.158e-05 6.984e-04 -1.000 1.597e-03 -1.158 1.114 0.423 -0.687 -1.300 -1.830 -2.609 -3.246 -3.327
0.0015467 -1.00000 10.07918 0.8333356380 2.4298486710    0.820  2.409  3.6512  1.500    3  0.000  0.505     0.00     0.00 -1 -6.27e-10      0.00 7.409e-01 2.575e-01 2.646e-04 9.159e-05 6.984e-04 -1.000 1.597e-03 -1.253 1.107 0.372 -0.767 -1.388 -1.923 -2.712 -3.357 -3.439
0.0015467 -1.00000 10.07918 0.8333647847 2.4298579693    0.819  2.456  3.6478  1.439    3  0.000  0.505     0.00     0.00 -1 -7.49e-10      0.00 7.409e-01 2.575e-01 2.646e-04 9.160e-05 6.984e-04 -1.000 1.597e-03 -1.370 1.097 0.307 -0.859 -1.493 -2.036 -2.840 -3.495 -3.579
0.0015467 -1.00000 10.07918 0.8333866596 2.4298648834    0.818  2.494  3.6452  1.389    3  0.000  0.505     0.00     0.00 -1 -8.66e-10      0.00 7.409e-01 2.575e-01 2.646e-04 9.160e-05 6.984e-04 -1.000 1.597e-03 -1.466 1.090 0.255 -0.933 -1.577 -2.127 -2.943 -3.606 -3.693
0.0015467 -1.00000 10.07918 0.8334106803 2.4298725128    0.817  2.539  3.6419  1.331    3  0.000  0.505     0.00     0.00 -1 -1.03e-09      0.00 7.409e-01 2.575e-01 2.646e-04 9.161e-05 6.984e-04 -1.000 1.597e-03 -1.579 1.086 0.196 -1.019 -1.676 -2.235 -3.065 -3.739 -3.828
0.0015467 -1.00000 10.07918 0.8334333897 2.4298796654    0.816  2.585  3.6386  1.271    3  0.000  0.505     0.00     0.00 -1 -1.23e-09      0.00 7.409e-01 2.575e-01 2.646e-04 9.161e-05 6.984e-04 -1.000 1.597e-03 -1.694 1.084 0.136 -1.106 -1.776 -2.344 -3.189 -3.874 -3.966
0.0015467 -1.00000 10.07918 0.8334506154 2.4298851490    0.815  2.623  3.6359  1.222    3  0.000  0.505     0.00     0.00 -1 -1.42e-09      0.00 7.409e-01 2.575e-01 2.646e-04 9.162e-05 6.984e-04 -1.000 1.597e-03 -1.787 1.082 0.088 -1.176 -1.857 -2.433 -3.290 -3.984 -4.078
0.0015467 -1.00000 10.07918 0.8334693909 2.4298911095    0.814  2.667  3.6326  1.164    3  0.000  0.505     0.00     0.00 -1 -1.67e-09      0.00 7.409e-01 2.575e-01 2.646e-04 9.162e-05 6.984e-04 -1.000 1.597e-03 -1.897 1.087 0.035 -1.256 -1.950 -2.536 -3.407 -4.113 -4.210
0.0015467 -1.00000 10.07918 0.8334872723 2.4298968315    0.812  2.712  3.6292  1.105    3  0.000  0.505     0.00     0.00 -1 -1.99e-09      0.00 7.409e-01 2.575e-01 2.646e-04 9.163e-05 6.984e-04 -1.000 1.597e-03 -2.009 1.095 -0.018 -1.338 -2.046 -2.641 -3.528 -4.245 -4.345
0.0015467 -1.00000 10.07918 0.8335042000 2.4299023151    0.810  2.758  3.6258  1.044    3  0.000  0.505     0.00     0.00 -1 -2.37e-09      0.00 7.409e-01 2.575e-01 2.645e-04 9.163e-05 6.984e-04 -1.000 1.597e-03 -2.124 1.107 -0.070 -1.419 -2.142 -2.748 -3.650 -4.379 -4.482
0.0015467 -1.00000 10.07918 0.8335186839 2.4299068451    0.808  2.800  3.6225  0.988    3  0.000  0.505     0.00     0.00 -1  -2.8e-09      0.00 7.409e-01 2.575e-01 2.645e-04 9.163e-05 6.984e-04 -1.000 1.597e-03 -2.229 1.128 -0.113 -1.491 -2.228 -2.845 -3.763 -4.504 -4.610
0.0015467 -1.00000 10.07918 0.8335325718 2.4299113750    0.806  2.843  3.6191  0.930    3  0.000  0.505     0.00     0.00 -1  -3.3e-09      0.00 7.409e-01 2.575e-01 2.645e-04 9.164e-05 6.984e-04 -1.000 1.597e-03 -2.337 1.159 -0.152 -1.562 -2.316 -2.944 -3.879 -4.631 -4.740
0.0015467 -1.00000 10.07918 0.8335457444 2.4299154282    0.804  2.887  3.6157  0.871    3  0.000  0.505     0.00     0.00 -1 -3.92e-09      0.00 7.409e-01 2.575e-01 2.645e-04 9.164e-05 6.984e-04 -1.000 1.597e-03 -2.447 1.194 -0.189 -1.633 -2.405 -3.045 -3.997 -4.760 -4.874
0.0015467 -1.00000 10.07918 0.8335576057 2.4299192429    0.801  2.929  3.6124  0.814    3  0.000  0.505     0.00     0.00 -1 -4.63e-09      0.00 7.409e-01 2.575e-01 2.645e-04 9.164e-05 6.984e-04 -1.000 1.597e-03 -2.554 1.229 -0.224 -1.700 -2.489 -3.142 -4.111 -4.885 -5.002
0.0015467 -1.00000 10.07918 0.8335685134 2.4299228191    0.799  2.971  3.6090  0.757    3  0.000  0.505     0.00     0.00 -1 -5.45e-09      0.00 7.409e-01 2.575e-01 2.645e-04 9.165e-05 6.984e-04 -1.000 1.597e-03 -2.659 1.266 -0.256 -1.765 -2.572 -3.237 -4.223 -5.009 -5.130
0.0015467 -1.00000 10.07918 0.8335788250 2.4299259186    0.796  3.014  3.6057  0.700    3  0.000  0.505     0.00     0.00 -1 -6.42e-09      0.00 7.409e-01 2.575e-01 2.645e-04 9.165e-05 6.984e-04 -1.000 1.597e-03 -2.764 1.308 -0.285 -1.827 -2.653 -3.332 -4.334 -5.132 -5.257
0.0015467 -1.00000 10.07918 0.8335887194 2.4299292564    0.792  3.057  3.6023  0.642    3  0.000  0.505     0.00     0.00 -1  -7.6e-09      0.00 7.409e-01 2.575e-01 2.645e-04 9.165e-05 6.984e-04 -1.000 1.597e-03 -2.871 1.350 -0.315 -1.892 -2.736 -3.429 -4.448 -5.258 -5.387
0.0015467 -1.00000 10.07918 0.8335973024 2.4299318790    0.789  3.097  3.5990  0.586    3  0.000  0.505     0.00     0.00 -1  -8.9e-09      0.00 7.409e-01 2.575e-01 2.645e-04 9.165e-05 6.984e-04 -1.000 1.597e-03 -2.971 1.396 -0.339 -1.948 -2.812 -3.517 -4.554 -5.375 -5.509
0.0015467 -1.00000 10.07918 0.8336057067 2.4299345016    0.785  3.138  3.5957  0.529    3  0.000  0.505     0.00     0.00 -1 -1.05e-08      0.00 7.409e-01 2.575e-01 2.645e-04 9.166e-05 6.984e-04 -1.000 1.597e-03 -3.075 1.442 -0.363 -2.005 -2.889 -3.609 -4.663 -5.496 -5.635
0.0015467 -1.00000 10.07918 0.8336136937 2.4299371243    0.780  3.180  3.5924  0.472    3  0.000  0.505     0.00     0.00 -1 -1.24e-08      0.00 7.409e-01 2.575e-01 2.645e-04 9.166e-05 6.984e-04 -1.000 1.597e-03 -3.179 1.494 -0.380 -2.059 -2.964 -3.701 -4.773 -5.617 -5.761
0.0015467 -1.00000 10.07918 0.8336209655 2.4299395084    0.775  3.220  3.5890  0.416    3  0.000  0.505     0.00     0.00 -1 -1.45e-08      0.00 7.409e-01 2.575e-01 2.645e-04 9.166e-05 6.984e-04 -1.000 1.597e-03 -3.279 1.552 -0.389 -2.107 -3.035 -3.789 -4.880 -5.735 -5.884
0.0015467 -1.00000 10.07918 0.8336276412 2.4299414158    0.770  3.259  3.5857  0.361    3  0.000  0.505     0.00     0.00 -1  -1.7e-08      0.00 7.409e-01 2.575e-01 2.645e-04 9.166e-05 6.984e-04 -1.000 1.597e-03 -3.377 1.610 -0.395 -2.149 -3.101 -3.874 -4.983 -5.849 -6.003
0.0015467 -1.00000 10.07918 0.8336338997 2.4299435616    0.764  3.297  3.5825  0.306    3  0.000  0.505     0.00     0.00 -1 -1.98e-08      0.00 7.409e-01 2.575e-01 2.645e-04 9.166e-05 6.984e-04 -1.000 1.597e-03 -3.472 1.667 -0.399 -2.190 -3.165 -3.956 -5.084 -5.960 -6.119
0.0015467 -1.00000 10.07918 0.8336400390 2.4299454689    0.757  3.334  3.5794  0.253    3  0.000  0.505     0.00     0.00 -1  -2.3e-08      0.00 7.409e-01 2.575e-01 2.645e-04 9.166e-05 6.984e-04 -1.000 1.597e-03 -3.564 1.720 -0.402 -2.229 -3.227 -4.036 -5.182 -6.068 -6.232
0.0015467 -1.00000 10.07918 0.8336414099 2.4299459457    0.756  3.341  3.5787  0.242    3  0.000  0.505     0.00     0.00 -1 -2.39e-08      0.00 7.409e-01 2.575e-01 2.645e-04 9.166e-05 6.984e-04 -1.000 1.597e-03 -3.583 1.732 -0.401 -2.235 -3.238 -4.052 -5.202 -6.091 -6.256
0.0015467 -1.00000 10.07918 0.8336414099 2.4299459457    0.756  1.726  3.7331  2.475    4  0.000  0.513     0.00     0.00 -1    -1e-30      0.00 7.390e-01 2.594e-01 2.699e-04 8.883e-05 7.035e-04 -1.000 1.566e-03 0.454 1.272 1.252 0.619 0.206 -0.182 -0.698 -1.118 -1.174
0.0015467 -1.00000 10.07918 0.8336932659 2.4299623966    0.756  1.742  3.7319  2.454    4  0.000  0.513     0.00     0.00 -1    -1e-30      0.00 7.390e-01 2.594e-01 2.699e-04 8.883e-05 7.035e-04 -1.000 1.566e-03 0.414 1.244 1.219 0.581 0.165 -0.225 -0.744 -1.167 -1.224
0.0015467 -1.00000 10.07918 0.8337424397 2.4299781322    0.756  1.745  3.7318  2.450    4  0.000  0.513     0.00     0.00 -1    -1e-30      0.00 7.390e-01 2.594e-01 2.699e-04 8.883e-05 7.035e-04 -1.000 1.566e-03 0.407 1.239 1.213 0.574 0.158 -0.232 -0.752 -1.174 -1.232
0.0015467 -1.00000 10.07918 0.8337910771 2.4299936295    0.756  1.747  3.7319  2.449    4  0.000  0.513     0.00     0.00 -1    -1e-30      0.00 7.390e-01 2.594e-01 2.699e-04 8.883e-05 7.035e-04 -1.000 1.566e-03 0.403 1.235 1.208 0.570 0.154 -0.236 -0.755 -1.177 -1.234
0.0015467 -1.00000 10.07918 0.8338413239 2.4300096035    0.756  1.747  3.7323  2.450    4  0.000  0.513     0.00     0.00 -1    -1e-30      0.00 7.390e-01 2.594e-01 2.699e-04 8.883e-05 7.035e-04 -1.000 1.566e-03 0.402 1.230 1.205 0.568 0.153 -0.236 -0.755 -1.176 -1.233
0.0015467 -1.00000 10.07918 0.8338914514 2.4300253391    0.756  1.747  3.7328  2.453    4  0.000  0.513     0.00     0.00 -1    -1e-30      0.00 7.390e-01 2.594e-01 2.699e-04 8.883e-05 7.035e-04 -1.000 1.566e-03 0.403 1.226 1.203 0.568 0.154 -0.234 -0.751 -1.171 -1.228
0.0015467 -1.00000 10.07918 0.8339421153 2.4300415516    0.756  1.746  3.7335  2.457    4  0.000  0.513     0.00     0.00 -1    -1e-30      0.00 7.390e-01 2.594e-01 2.699e-04 8.883e-05 7.035e-04 -1.000 1.566e-03 0.406 1.222 1.201 0.569 0.156 -0.231 -0.746 -1.164 -1.220
0.0015467 -1.00000 10.07918 0.8339924812 2.4300575256    0.756  1.744  3.7342  2.461    4  0.000  0.513     0.00     0.00 -1    -1e-30      0.00 7.390e-01 2.594e-01 2.699e-04 8.883e-05 7.035e-04 -1.000 1.566e-03 0.409 1.218 1.199 0.570 0.160 -0.226 -0.739 -1.156 -1.212
0.0015467 -1.00000 10.07918 0.8340433836 2.4300737381    0.756  1.743  3.7350  2.466    4  0.000  0.513     0.00     0.00 -1    -1e-30      0.00 7.390e-01 2.594e-01 2.699e-04 8.883e-05 7.035e-04 -1.000 1.566e-03 0.413 1.214 1.198 0.572 0.163 -0.221 -0.732 -1.146 -1.202
0.0015467 -1.00000 10.07918 0.8340952396 2.4300901890    0.756  1.741  3.7358  2.470    4  0.000  0.513     0.00     0.00 -1    -1e-30      0.00 7.390e-01 2.594e-01 2.699e-04 8.883e-05 7.035e-04 -1.000 1.566e-03 0.417 1.210 1.197 0.574 0.166 -0.217 -0.725 -1.138 -1.193
0.0015467 -1.00000 10.07918 0.8341479897 2.4301068783    0.756  1.740  3.7365  2.475    4  0.000  0.513     0.00     0.00 -1    -1e-30      0.00 7.390e-01 2.594e-01 2.699e-04 8.883e-05 7.035e-04 -1.000 1.566e-03 0.420 1.206 1.196 0.576 0.170 -0.212 -0.719 -1.129 -1.185
0.0015467 -1.00000 10.07918 0.8341957927 2.4301221371    0.756  1.739  3.7371  2.478    4  0.000  0.513     0.00     0.00 -1    -1e-30      0.00 7.390e-01 2.594e-01 2.699e-04 8.883e-05 7.035e-04 -1.000 1.566e-03 0.423 1.203 1.194 0.577 0.172 -0.209 -0.713 -1.123 -1.178
0.0015467 -1.00000 10.07918 0.8342489004 2.4301390648    0.756  1.738  3.7378  2.482    4  0.000  0.513     0.00     0.00 -1    -1e-30      0.00 7.390e-01 2.594e-01 2.699e-04 8.883e-05 7.035e-04 -1.000 1.566e-03 0.425 1.199 1.193 0.578 0.175 -0.205 -0.708 -1.116 -1.170
0.0015467 -1.00000 10.07918 0.8343003392 2.4301552773    0.756  1.737  3.7383  2.485    4  0.000  0.513     0.00     0.00 -1    -1e-30      0.00 7.390e-01 2.594e-01 2.699e-04 8.883e-05 7.035e-04 -1.000 1.566e-03 0.427 1.196 1.191 0.579 0.176 -0.203 -0.704 -1.110 -1.165
0.0015467 -1.00000 10.07918 0.8343504667 2.4301712513    0.757  1.737  3.7387  2.487    4  0.000  0.513     0.00     0.00 -1    -1e-30      0.00 7.390e-01 2.594e-01 2.699e-04 8.883e-05 7.035e-04 -1.000 1.566e-03 0.429 1.193 1.190 0.579 0.177 -0.201 -0.701 -1.106 -1.160
0.0015467 -1.00000 10.07918 0.8343560696 2.4301729202    0.757  1.736  3.7388  2.488    4  0.000  0.513     0.00     0.00 -1    -1e-30      0.00 7.390e-01 2.594e-01 2.699e-04 8.883e-05 7.035e-04 -1.000 1.566e-03 0.429 1.193 1.190 0.579 0.178 -0.201 -0.700 -1.105 -1.160
0.0015467 -1.00000 10.07918 0.8344008327 2.4301872253    0.757  1.736  3.7391  2.489    4  0.000  0.513     0.00     0.00 -1    -1e-30      0.00 7.390e-01 2.594e-01 2.699e-04 8.883e-05 7.035e-04 -1.000 1.566e-03 0.429 1.190 1.188 0.579 0.178 -0.200 -0.698 -1.103 -1.157
0.0015467 -1.00000 10.07918 0.8344483376 2.4302022457    0.757  1.736  3.7394  2.490    4  0.000  0.513     0.00     0.00 -1    -1e-30      0.00 7.390e-01 2.594e-01 2.699e-04 8.883e-05 7.035e-04 -1.000 1.566e-03 0.430 1.188 1.187 0.579 0.178 -0.199 -0.697 -1.101 -1.155
0.0015467 -1.00000 10.07918 0.8344985843 2.4302182198    0.757  1.736  3.7395  2.491    4  0.000  0.513     0.00     0.00 -1    -1e-30      0.00 7.390e-01 2.594e-01 2.699e-04 8.883e-05 7.035e-04 -1.000 1.566e-03 0.429 1.186 1.185 0.578 0.177 -0.199 -0.697 -1.100 -1.154
0.0015467 -1.00000 10.07918 0.8345458508 2.4302332401    0.757  1.737  3.7396  2.490    4  0.000  0.513     0.00     0.00 -1    -1e-30      0.00 7.390e-01 2.594e-01 2.699e-04 8.883e-05 7.035e-04 -1.000 1.566e-03 0.427 1.184 1.183 0.576 0.176 -0.201 -0.698 -1.101 -1.155
0.0015467 -1.00000 10.07918 0.8346000910 2.4302504063    0.757  1.738  3.7396  2.489    4  0.000  0.513     0.00     0.00 -1    -1e-30      0.00 7.390e-01 2.594e-01 2.699e-04 8.883e-05 7.035e-04 -1.000 1.566e-03 0.425 1.181 1.180 0.573 0.173 -0.204 -0.701 -1.104 -1.158
0.0015467 -1.00000 10.07918 0.8346500397 2.4302663803    0.757  1.739  3.7394  2.487    4  0.000  0.513     0.00     0.00 -1    -1e-30      0.00 7.390e-01 2.594e-01 2.699e-04 8.883e-05 7.035e-04 -1.000 1.566e-03 0.422 1.180 1.178 0.570 0.170 -0.207 -0.705 -1.109 -1.163
0.0015467 -1.00000 10.07918 0.8346990943 2.4302818775    0.757  1.741  3.7391  2.484    4  0.000  0.513     0.00     0.00 -1    -1e-30      0.00 7.390e-01 2.594e-01 2.699e-04 8.883e-05 7.035e-04 -1.000 1.566e-03 0.417 1.179 1.176 0.567 0.166 -0.212 -0.711 -1.115 -1.169
0.0015467 -1.00000 10.07918 0.8347226381 2.4302892685    0.757  1.742  3.7390  2.483    4  0.000  0.513     0.00     0.00 -1    -1e-30      0.00 7.390e-01 2.594e-01 2.699e-04 8.883e-05 7.035e-04 -1.000 1.566e-03 0.415 1.178 1.174 0.565 0.163 -0.214 -0.714 -1.118 -1.172
0.0015467 -1.00000 10.07918 0.8347440362 2.4302961826    0.757  1.743  3.7388  2.481    4  0.000  0.513     0.00     0.00 -1    -1e-30      0.00 7.390e-01 2.594e-01 2.699e-04 8.883e-05 7.035e-04 -1.000 1.566e-03 0.412 1.177 1.173 0.562 0.161 -0.217 -0.717 -1.122 -1.177
0.0015467 -1.00000 10.07918 0.8347889781 2.4303104877    0.757  1.745  3.7383  2.477    4  0.000  0.513     0.00     0.00 -1    -1e-30      0.00 7.390e-01 2.594e-01 2.699e-04 8.883e-05 7.035e-04 -1.000 1.566e-03 0.406 1.176 1.170 0.558 0.155 -0.224 -0.725 -1.131 -1.186
0.0015467 -1.00000 10.07918 0.8348339796 2.4303245544    0.757  1.748  3.7378  2.472    4  0.000  0.513     0.00     0.00 -1    -1e-30      0.00 7.390e-01 2.594e-01 2.699e-04 8.883e-05 7.035e-04 -1.000 1.566e-03 0.399 1.174 1.166 0.552 0.148 -0.232 -0.734 -1.142 -1.197
0.0015467 -1.00000 10.07918 0.8348793387 2.4303390980    0.757  1.751  3.7372  2.466    4  0.000  0.513     0.00     0.00 -1    -1e-30      0.00 7.390e-01 2.594e-01 2.699e-04 8.883e-05 7.035e-04 -1.000 1.566e-03 0.391 1.172 1.162 0.545 0.140 -0.241 -0.745 -1.154 -1.209
0.0015467 -1.00000 10.07918 0.8349251151 2.4303536415    0.757  1.755  3.7365  2.460    4  0.000  0.513     0.00     0.00 -1    -1e-30      0.00 7.390e-01 2.594e-01 2.699e-04 8.883e-05 7.035e-04 -1.000 1.566e-03 0.382 1.170 1.157 0.537 0.131 -0.251 -0.757 -1.167 -1.223
0.0015467 -1.00000 10.07918 0.8349692225 2.4303674698    0.757  1.759  3.7358  2.454    4  0.000  0.513     0.00     0.00 -1    -1e-30      0.00 7.390e-01 2.594e-01 2.699e-04 8.883e-05 7.035e-04 -1.000 1.566e-03 0.373 1.167 1.152 0.530 0.122 -0.261 -0.769 -1.182 -1.237
0.0015467 -1.00000 10.07918 0.8350134492 2.4303815365    0.757  1.764  3.7350  2.445    4  0.000  0.513     0.00     0.00 -1    -1e-30      0.00 7.390e-01 2.594e-01 2.699e-04 8.883e-05 7.035e-04 -1.000 1.566e-03 0.360 1.164 1.145 0.519 0.110 -0.275 -0.785 -1.200 -1.256
0.0015467 -1.00000 10.07918 0.8350581527 2.4303956032    0.757  1.769  3.7342  2.437    4  0.000  0.513     0.00     0.00 -1    -1e-30      0.00 7.390e-01 2.594e-01 2.699e-04 8.883e-05 7.035e-04 -1.000 1.566e-03 0.348 1.159 1.138 0.509 0.098 -0.288 -0.801 -1.217 -1.273
0.0015467 -1.00000 10.07918 0.8351025581 2.4304096699    0.757  1.775  3.7331  2.426    4  0.000  0.513     0.00     0.00 -1    -1e-30      0.00 7.390e-01 2.594e-01 2.699e-04 8.883e-05 7.035e-04 -1.000 1.566e-03 0.332 1.155 1.129 0.495 0.082 -0.306 -0.822 -1.241 -1.298
0.0015467 -1.00000 10.07918 0.8351480961 2.4304242134    0.757  1.784  3.7316  2.412    4  0.000  0.513     0.00     0.00 -1    -1e-30      0.00 7.390e-01 2.594e-01 2.699e-04 8.883e-05 7.035e-04 -1.000 1.566e-03 0.310 1.148 1.117 0.477 0.060 -0.330 -0.850 -1.273 -1.330
0.0015467 -1.00000 10.07918 0.8351922035 2.4304382801    0.757  1.790  3.7305  2.401    4  0.000  0.513     0.00     0.00 -1    -1e-30      0.00 7.390e-01 2.594e-01 2.699e-04 8.883e-05 7.035e-04 -1.000 1.566e-03 0.294 1.143 1.107 0.463 0.045 -0.348 -0.871 -1.296 -1.353
0.0015467 -1.00000 10.07918 0.8352389932 2.4304530621    0.758  1.806  3.7282  2.376    4  0.000  0.513     0.00     0.00 -1    -1e-30      0.00 7.390e-01 2.594e-01 2.699e-04 8.883e-05 7.035e-04 -1.000 1.566e-03 0.255 1.130 1.084 0.429 0.006 -0.390 -0.920 -1.351 -1.409
0.0015467 -1.00000 10.07918 0.8352835774 2.4304671288    0.758  1.831  3.7246  2.337    4  0.000  0.513     0.00     0.00 -1    -1e-30      0.00 7.390e-01 2.594e-01 2.699e-04 8.883e-05 7.035e-04 -1.000 1.566e-03 0.192 1.108 1.045 0.375 -0.055 -0.458 -0.998 -1.437 -1.497
0.0015467 -1.00000 10.07918 0.8353166580 2.4304776192    0.758  1.867  3.7199  2.282    4  0.000  0.513     0.00     0.00 -1    -1e-30      0.00 7.390e-01 2.594e-01 2.699e-04 8.883e-05 7.035e-04 -1.000 1.566e-03 0.103 1.075 0.989 0.299 -0.142 -0.552 -1.106 -1.557 -1.619
0.0015467 -1.00000 10.07918 0.8353327513 2.4304826260    0.758  1.903  3.7152  2.227    4  0.000  0.513     0.00     0.00 -1    -1e-30      0.00 7.390e-01 2.594e-01 2.699e-04 8.883e-05 7.035e-04 -1.000 1.566e-03 0.012 1.044 0.933 0.221 -0.230 -0.649 -1.216 -1.680 -1.743
0.0015467 -1.00000 10.07918 0.8353397250 2.4304850101    0.758  1.938  3.7109  2.175    4  0.000  0.513     0.00     0.00 -1    -1e-30      0.00 7.390e-01 2.594e-01 2.699e-04 8.883e-05 7.035e-04 -1.000 1.566e-03 -0.076 1.012 0.878 0.146 -0.314 -0.741 -1.322 -1.797 -1.861
0.0015467 -1.00000 10.07918 0.8353431225 2.4304859638    0.758  1.974  3.7067  2.122    4  0.000  0.513     0.00     0.00 -1    -1e-30      0.00 7.390e-01 2.594e-01 2.699e-04 8.883e-05 7.035e-04 -1.000 1.566e-03 -0.166 0.981 0.821 0.070 -0.400 -0.834 -1.428 -1.915 -1.981
0.0015467 -1.00000 10.07918 0.8353449106 2.4304864407    0.758  2.009  3.7028  2.072    4  0.000  0.513     0.00     0.00 -1    -1e-30      0.00 7.390e-01 2.594e-01 2.699e-04 8.883e-05 7.035e-04 -1.000 1.566e-03 -0.252 0.950 0.767 -0.003 -0.481 -0.922 -1.528 -2.025 -2.093
0.0015467 -1.00000 10.07918 0.8353459239 2.4304869175    0.758  2.040  3.6995  2.027    4  0.000  0.513     0.00     0.00 -1    -1e-30      0.00 7.390e-01 2.594e-01 2.699e-04 8.883e-05 7.035e-04 -1.000 1.566e-03 -0.331 0.919 0.715 -0.070 -0.556 -1.004 -1.620 -2.127 -2.195
0.0015467 -1.00000 10.07918 0.8353461623 2.4304869175    0.758  2.050  3.6985  2.014    7  0.000  0.513     0.00     0.00 -1    -1e-09      0.00 7.390e-01 2.578e-01 2.699e-04 8.883e-05 7.035e-04 -1.000 3.229e-03 -0.354 0.911 0.700 -0.090 -0.578 -1.028 -1.647 -2.157 -2.225
0.0015467 -1.00000 10.07918 0.8353471160 2.4304871559    0.758  2.091  3.6945  1.956    7  0.000  0.513     0.00     0.00 -1 -1.28e-09      0.00 7.390e-01 2.578e-01 2.699e-04 8.883e-05 7.035e-04 -1.000 3.229e-03 -0.457 0.875 0.633 -0.178 -0.676 -1.133 -1.766 -2.287 -2.357
0.0015467 -1.00000 10.07918 0.8353478909 2.4304873943    0.758  2.128  3.6909  1.905    7  0.000  0.513     0.00     0.00 -1 -1.57e-09      0.00 7.390e-01 2.578e-01 2.699e-04 8.883e-05 7.035e-04 -1.000 3.229e-03 -0.551 0.843 0.572 -0.257 -0.764 -1.228 -1.873 -2.405 -2.475
0.0015467 -1.00000 10.07918 0.8353486657 2.4304876328    0.757  2.162  3.6876  1.857    7  0.000  0.513     0.00     0.00 -1 -1.92e-09      0.00 7.390e-01 2.578e-01 2.699e-04 8.883e-05 7.035e-04 -1.000 3.229e-03 -0.636 0.818 0.519 -0.328 -0.843 -1.314 -1.971 -2.513 -2.584
0.0015467 -1.00000 10.07918 0.8353495002 2.4304881096    0.757  2.191  3.6849  1.817    7  0.000  0.513     0.00     0.00 -1 -2.27e-09      0.00 7.390e-01 2.578e-01 2.699e-04 8.883e-05 7.035e-04 -1.000 3.229e-03 -0.709 0.809 0.477 -0.392 -0.915 -1.389 -2.055 -2.605 -2.676
0.0015467 -1.00000 10.07918 0.8353508711 2.4304883480    0.757  2.209  3.6833  1.793    7  0.000  0.513     0.00     0.00 -1 -2.52e-09      0.00 7.390e-01 2.578e-01 2.699e-04 8.883e-05 7.035e-04 -1.000 3.229e-03 -0.753 0.805 0.452 -0.431 -0.959 -1.435 -2.106 -2.660 -2.731
0.0015467 -1.00000 10.07918 0.8353526592 2.4304890633    0.757  2.181  3.6860  1.833    7  0.000  0.513     0.00     0.00 -1 -2.13e-09      0.00 7.390e-01 2.578e-01 2.699e-04 8.883e-05 7.035e-04 -1.000 3.229e-03 -0.682 0.803 0.489 -0.366 -0.886 -1.360 -2.022 -2.570 -2.642
0.0015467 -1.00000 10.07918 0.8353548646 2.4304897785    0.757  2.156  3.6883  1.866    7  0.000  0.513     0.00     0.00 -1 -1.86e-09      0.00 7.390e-01 2.578e-01 2.699e-04 8.883e-05 7.035e-04 -1.000 3.229e-03 -0.621 0.821 0.528 -0.316 -0.830 -1.299 -1.953 -2.493 -2.564
0.0015467 -1.00000 10.07918 0.8353632689 2.4304924011    0.756  2.132  3.6906  1.900    7  0.000  0.513     0.00     0.00 -1 -1.62e-09      0.00 7.390e-01 2.578e-01 2.699e-04 8.883e-05 7.035e-04 -1.000 3.229e-03 -0.559 0.839 0.567 -0.264 -0.772 -1.237 -1.882 -2.415 -2.485
0.0015467 -1.00000 10.07918 0.8353891969 2.4305005074    0.754  2.164  3.6874  1.853    7  0.000  0.513     0.00     0.00 -1 -1.97e-09      0.00 7.390e-01 2.578e-01 2.699e-04 8.883e-05 7.035e-04 -1.000 3.229e-03 -0.640 0.818 0.517 -0.332 -0.848 -1.319 -1.976 -2.519 -2.590
0.0015467 -1.00000 10.07918 0.8354055285 2.4305057526    0.752  2.203  3.6837  1.798    7  0.000  0.513     0.00     0.00 -1 -2.48e-09      0.00 7.390e-01 2.578e-01 2.699e-04 8.883e-05 7.035e-04 -1.000 3.229e-03 -0.737 0.812 0.464 -0.417 -0.943 -1.419 -2.088 -2.641 -2.712
0.0015467 -1.00000 10.07918 0.8354238272 2.4305114746    0.749  2.251  3.6792  1.731    7  0.000  0.513     0.00     0.00 -1 -3.28e-09      0.00 7.390e-01 2.578e-01 2.699e-04 8.883e-05 7.035e-04 -1.000 3.229e-03 -0.857 0.804 0.399 -0.521 -1.060 -1.542 -2.227 -2.791 -2.862
0.0015467 -1.00000 10.07918 0.8354403973 2.4305167198    0.746  2.295  3.6752  1.668    7  0.000  0.513     0.00     0.00 -1 -4.29e-09      0.00 7.390e-01 2.578e-01 2.699e-04 8.883e-05 7.035e-04 -1.000 3.229e-03 -0.968 0.799 0.341 -0.615 -1.167 -1.656 -2.354 -2.928 -3.000
0.0015467 -1.00000 10.07918 0.8354548216 2.4305212498    0.743  2.338  3.6714  1.609    7  0.000  0.513     0.00     0.00 -1 -5.49e-09      0.00 7.390e-01 2.578e-01 2.699e-04 8.883e-05 7.035e-04 -1.000 3.229e-03 -1.074 0.796 0.287 -0.705 -1.268 -1.763 -2.474 -3.057 -3.130
0.0015467 -1.00000 10.07918 0.8354675174 2.4305253029    0.739  2.379  3.6677  1.550    7  0.000  0.513     0.00     0.00 -1 -7.06e-09      0.00 7.390e-01 2.578e-01 2.699e-04 8.883e-05 7.035e-04 -1.000 3.217e-03 -1.178 0.799 0.237 -0.791 -1.366 -1.868 -2.591 -3.184 -3.257
0.0015467 -1.00000 10.07918 0.8354787230 2.4305288792    0.734  2.420  3.6641  1.492    7  0.000  0.513     0.00     0.00 -1 -8.97e-09      0.00 7.390e-01 2.579e-01 2.698e-04 8.884e-05 7.035e-04 -1.000 3.143e-03 -1.280 0.788 0.182 -0.872 -1.458 -1.968 -2.705 -3.309 -3.384
0.0015467 -1.00000 10.07918 0.8354884982 2.4305319786    0.729  2.460  3.6606  1.435    7  0.000  0.512     0.00     0.00 -1 -1.14e-08      0.00 7.390e-01 2.579e-01 2.697e-04 8.885e-05 7.035e-04 -1.000 3.129e-03 -1.381 0.806 0.140 -0.953 -1.551 -2.068 -2.819 -3.431 -3.507
0.0015467 -1.00000 10.07918 0.8354974389 2.4305348396    0.724  2.501  3.6570  1.377    7  0.000  0.512     0.00     0.00 -1 -1.44e-08      0.00 7.390e-01 2.579e-01 2.694e-04 8.898e-05 7.035e-04 -1.000 3.117e-03 -1.481 0.827 0.099 -1.031 -1.642 -2.166 -2.932 -3.553 -3.631
0.0015467 -1.00000 10.07918 0.8355054855 2.4305374622    0.717  2.540  3.6534  1.319    7  0.000  0.509     0.00     0.00 -1 -1.84e-08      0.00 7.390e-01 2.580e-01 2.683e-04 8.961e-05 7.035e-04 -1.000 3.041e-03 -1.581 0.837 0.054 -1.104 -1.728 -2.261 -3.042 -3.675 -3.756
0.0015467 -1.00000 10.07918 0.8355129361 2.4305398464    0.709  2.581  3.6484  1.254    7  0.000  0.505     0.00     0.00 -1 -2.38e-08      0.00 7.390e-01 2.580e-01 2.660e-04 9.177e-05 7.035e-04 -1.000 3.029e-03 -1.682 0.883 0.028 -1.168 -1.810 -2.355 -3.157 -3.806 -3.890
0.0015467 -1.00000 10.07918 0.8355182409 2.4305415154    0.702  2.611  3.6404  1.187    7  0.000  0.499     0.00     0.00 -1  -2.9e-08      0.00 7.390e-01 2.580e-01 2.633e-04 9.475e-05 7.035e-04 -1.000 3.020e-03 -1.757 1.030 0.068 -1.181 -1.849 -2.415 -3.252 -3.929 -4.019
0.0015467 -1.00000 10.07918 0.8355247378 2.4305434227    0.691  2.651  3.6369  1.127    7  0.000  0.491     0.00     0.00 -1 -3.72e-08      0.00 7.390e-01 2.580e-01 2.593e-04 9.960e-05 7.035e-04 -1.000 2.993e-03 -1.856 1.048 0.027 -1.251 -1.933 -2.508 -3.360 -4.049 -4.142
0.0015467 -1.00000 10.07918 0.8355310559 2.4305455685    0.678  2.690  3.6334  1.065    7  0.000  0.484     0.00     0.00 -1 -4.87e-08      0.00 7.390e-01 2.581e-01 2.556e-04 1.041e-04 7.035e-04 -1.000 2.932e-03 -1.956 1.072 -0.012 -1.319 -2.015 -2.600 -3.469 -4.169 -4.265
0.0015467 -1.00000 10.07918 0.8355371356 2.4305474758    0.661  2.730  3.6301  1.000    7  0.000  0.478     0.00     0.00 -1 -6.43e-08      0.00 7.389e-01 2.581e-01 2.523e-04 1.081e-04 7.035e-04 -1.000 2.992e-03 -2.055 1.097 -0.051 -1.387 -2.097 -2.692 -3.576 -4.287 -4.386
0.0015467 -1.00000 10.07918 0.8355430365 2.4305491447    0.639  2.770  3.6269  0.933    7  0.000  0.472     0.00     0.00 -1 -8.77e-08      0.00 7.389e-01 2.581e-01 2.495e-04 1.116e-04 7.035e-04 -1.000 2.968e-03 -2.155 1.140 -0.081 -1.452 -2.179 -2.785 -3.685 -4.406 -4.508
0.0015467 -1.00000 10.07918 0.8355482221 2.4305508137    0.612  2.809  3.6247  0.867    7  0.000  0.467     0.00     0.00 -1 -1.21e-07      0.00 7.389e-01 2.582e-01 2.469e-04 1.147e-04 7.035e-04 -1.000 2.901e-03 -2.252 1.158 -0.124 -1.524 -2.263 -2.877 -3.789 -4.516 -4.621
0.0015467 -1.00000 10.07918 0.8355530500 2.4305524826    0.577  2.849  3.6246  0.801    7  0.000  0.463     0.00     0.00 -1 -1.74e-07      0.00 7.388e-01 2.582e-01 2.448e-04 1.173e-04 7.034e-04 -1.000 2.929e-03 -2.352 1.121 -0.199 -1.617 -2.362 -2.979 -3.892 -4.618 -4.723
0.0015467 -1.00000 10.07918 0.8355568051 2.4305536747    0.538  2.887  3.6330  0.766    7  0.000  0.460     0.00     0.00 -1 -2.54e-07      0.00 7.388e-01 2.583e-01 2.430e-04 1.195e-04 7.034e-04 -1.000 2.899e-03 -2.448 0.837 -0.403 -1.785 -2.506 -3.100 -3.976 -4.668 -4.766
0.0015467 -1.00000 10.07918 0.8355582356 2.4305541515    0.508  2.905  3.6553  0.812    7  0.000  0.458     0.00     0.00 -1 -2.91e-07      0.00 7.388e-01 2.583e-01 2.418e-04 1.210e-04 7.033e-04 -1.000 2.921e-03 -2.492 0.211 -0.759 -2.006 -2.655 -3.194 -3.971 -4.585 -4.665
0.0015467 -1.00000 10.07918 1.0965409279 2.4910964966    0.544 -4.464  3.5913  7.955    9  0.545  0.000     0.00     0.00 -1    -1e-30      0.00 7.252e-01 2.732e-01 2.244e-04 1.654e-04 7.173e-04 -1.000 1.584e-03 15.929 19.478 18.324 16.936 15.975 15.186 14.293 13.756 13.574
#isochrone terminated
