# File generated by CMD 3.3 (http://stev.oapd.inaf.it/cmd) on Wed May 20 08:43:52 CEST 2020
# isochrones based on PARSEC release v1.2S +  COLIBRI S_35
# Basic references: Bressan et al. (2012), MNRAS, 427, 127 + Chen et al. (2014, 2015), MNRAS, 444, 2525 + MNRAS, 452, 1068 + Tang et al. (2014), MNRAS, 445, 4287 + Marigo et al. (2017), ApJ, 835, 77 + Pastorelli al. (2019), MNRAS in press
# Thermal pulse cycles included 
# On RGB, assumed Reimers mass loss with efficiency eta=0.2
# Photometric system: <i>UBVRIJHK</i> (cf. Maiz-Apellaniz 2006 + Bessell 1990)
# Using YBC version of bolometric corrections as in Chen et al. (2019)
# O-rich circumstellar dpmod60alox40 dust from Groenewegen (2006)
# C-rich circumstellar AMCSIC15 dust from Groenewegen (2006)
# IMF: Kroupa (2001, 2002) + Kroupa et al. (2013) canonical two-part-power law IMF corrected for unresolved binaries 
# Kind of output: isochrone tables
# Zini     MH   logAge Mini        int_IMF         Mass   logL    logTe  logg  label   McoreTP C_O  period0 period1 pmode  Mloss  tau1m   X   Y   Xc  Xn  Xo  Cexcess  Z 	 mbolmag  Umag    Bmag    Vmag    Rmag    Imag    Jmag    Hmag    Kmag
0.0015467 -1.00000 10.11394 0.0900000036 1.0816895962    0.090 -3.238  3.4439  5.358    1  0.000  0.545     0.00     0.00 -1 -9.08e-18      0.00 7.447e-01 2.536e-01 2.929e-04 7.903e-05 7.168e-04 -1.000 1.629e-03 12.866 21.274 18.524 16.523 14.483 12.450 10.800 10.428 10.263
0.0015467 -1.00000 10.11394 0.0969896987 1.1454566717    0.097 -3.069  3.4679  5.317    1  0.000  0.545     0.00     0.00 -1 -3.34e-17      0.00 7.438e-01 2.545e-01 2.929e-04 7.903e-05 7.168e-04 -1.000 1.629e-03 12.442 19.729 17.344 15.407 13.698 11.927 10.453 10.008 9.830
0.0015467 -1.00000 10.11394 0.1000000015 1.1711064577    0.100 -3.000  3.4777  5.300    1  0.000  0.545     0.00     0.00 -1 -8.91e-17      0.00 7.434e-01 2.549e-01 2.929e-04 7.903e-05 7.168e-04 -1.000 1.629e-03 12.269 19.132 16.884 14.974 13.384 11.720 10.311 9.841 9.658
0.0015467 -1.00000 10.11394 0.1200000048 1.3193155527    0.120 -2.718  3.5110  5.231    1  0.000  0.545     0.00     0.00 -1 -1.68e-16      0.00 7.412e-01 2.571e-01 2.929e-04 7.903e-05 7.168e-04 -1.000 1.629e-03 11.565 17.089 15.303 13.521 12.241 10.936 9.715 9.183 8.982
0.0015467 -1.00000 10.11394 0.1400000006 1.4384527206    0.140 -2.533  3.5288  5.184    1  0.000  0.545     0.00     0.00 -1 -2.52e-16      0.00 7.395e-01 2.589e-01 2.929e-04 7.903e-05 7.168e-04 -1.000 1.629e-03 11.103 16.021 14.445 12.759 11.588 10.446 9.307 8.756 8.548
0.0015467 -1.00000 10.11394 0.1599999964 1.5372931957    0.160 -2.391  3.5400  5.145    1  0.000  0.545     0.00     0.00 -1 -2.97e-16      0.00 7.382e-01 2.602e-01 2.929e-04 7.904e-05 7.168e-04 -1.000 1.629e-03 10.748 15.330 13.867 12.248 11.131 10.078 8.986 8.426 8.216
0.0015467 -1.00000 10.11394 0.2000000179 1.6938792467    0.200 -2.169  3.5547  5.079    1  0.000  0.545     0.00     0.00 -1 -5.49e-16      0.00 7.366e-01 2.617e-01 2.929e-04 7.904e-05 7.168e-04 -1.000 1.629e-03 10.194 14.378 13.046 11.515 10.460 9.510 8.475 7.905 7.694
0.0015467 -1.00000 10.11394 0.2500000298 1.8403259516    0.250 -1.964  3.5662  5.017    1  0.000  0.545     0.00     0.00 -1 -1.09e-17      0.00 7.363e-01 2.620e-01 2.929e-04 7.904e-05 7.168e-04 -1.000 1.629e-03 9.680 13.578 12.341 10.877 9.866 8.990 7.997 7.420 7.207
0.0015467 -1.00000 10.11394 0.3000000417 1.9529141188    0.300 -1.806  3.5749  4.973    1  0.000  0.545     0.00     0.00 -1 -2.87e-20      0.00 7.365e-01 2.619e-01 2.929e-04 7.904e-05 7.168e-04 -1.000 1.629e-03 9.285 12.988 11.813 10.398 9.418 8.591 7.628 7.046 6.834
0.0015467 -1.00000 10.11394 0.3500000238 2.0434176922    0.350 -1.674  3.5823  4.938    1  0.000  0.545     0.00     0.00 -1 -2.85e-16      0.00 7.464e-01 2.519e-01 2.929e-04 7.903e-05 7.168e-04 -1.000 1.629e-03 8.956 12.506 11.380 10.005 9.051 8.259 7.320 6.734 6.525
0.0015467 -1.00000 10.11394 0.4000000358 2.1185026169    0.400 -1.521  3.5937  4.888    1  0.000  0.545     0.00     0.00 -1 -2.13e-15      0.00 7.470e-01 2.514e-01 2.929e-04 7.903e-05 7.168e-04 -1.000 1.629e-03 8.573 11.892 10.842 9.527 8.615 7.872 6.968 6.376 6.175
0.0015467 -1.00000 10.11394 0.4499999881 2.1822810173    0.450 -1.342  3.6108  4.828    1  0.000  0.545     0.00     0.00 -1 -3.29e-15      0.00 7.470e-01 2.514e-01 2.929e-04 7.903e-05 7.168e-04 -1.000 1.629e-03 8.125 11.126 10.174 8.953 8.103 7.419 6.564 5.962 5.783
0.0015467 -1.00000 10.11394 0.5000000000 2.2374541759    0.500 -1.138  3.6381  4.779    1  0.000  0.545     0.00     0.00 -1 -5.28e-15      0.00 7.470e-01 2.514e-01 2.929e-04 7.903e-05 7.168e-04 -1.000 1.629e-03 7.614 10.142 9.331 8.255 7.507 6.909 6.124 5.513 5.377
0.0015467 -1.00000 10.11394 0.5500000715 2.2836585045    0.550 -0.909  3.6716  4.725    1  0.000  0.544     0.00     0.00 -1 -9.07e-15      0.00 7.838e-01 2.148e-01 2.535e-04 6.845e-05 6.211e-04 -1.000 1.375e-03 7.041 8.928 8.365 7.463 6.843 6.339 5.649 5.088 4.988
0.0015467 -1.00000 10.11394 0.5530348420 2.2861552238    0.553 -0.895  3.6736  4.722    1  0.000  0.544     0.00     0.00 -1 -9.36e-15      0.00 7.844e-01 2.143e-01 2.530e-04 6.831e-05 6.199e-04 -1.000 1.376e-03 7.008 8.857 8.311 7.418 6.806 6.306 5.622 5.066 4.967
0.0015467 -1.00000 10.11394 0.6000000238 2.3211214542    0.600 -0.697  3.7027  4.675    1  0.000  0.544     0.00     0.00 -1  -1.5e-14      0.00 7.921e-01 2.065e-01 2.454e-04 6.630e-05 6.018e-04 -1.000 1.399e-03 6.512 7.830 7.554 6.774 6.259 5.817 5.230 4.755 4.673
0.0015467 -1.00000 10.11394 0.6025680900 2.3228535652    0.602 -0.686  3.7044  4.673    1  0.000  0.544     0.00     0.00 -1 -1.54e-14      0.00 7.926e-01 2.060e-01 2.449e-04 6.617e-05 6.007e-04 -1.000 1.397e-03 6.484 7.775 7.513 6.739 6.230 5.790 5.208 4.738 4.657
0.0015467 -1.00000 10.11394 0.6178474426 2.3328173161    0.618 -0.619  3.7146  4.658    1  0.000  0.543     0.00     0.00 -1 -1.33e-14      0.00 7.954e-01 2.033e-01 2.421e-04 6.541e-05 5.939e-04 -1.000 1.385e-03 6.317 7.452 7.273 6.535 6.054 5.632 5.081 4.637 4.562
0.0015467 -1.00000 10.11394 0.6327182651 2.3419849873    0.632 -0.554  3.7243  4.642    1  0.000  0.543     0.00     0.00 -1 -2.41e-16      0.00 7.982e-01 2.005e-01 2.393e-04 6.466e-05 5.871e-04 -1.000 1.319e-03 6.154 7.152 7.046 6.343 5.885 5.479 4.957 4.537 4.467
0.0015467 -1.00000 10.11394 0.6466116905 2.3501136303    0.646 -0.493  3.7332  4.626    1  0.000  0.543     0.00     0.00 -1 -2.17e-15      0.00 8.009e-01 1.978e-01 2.365e-04 6.393e-05 5.806e-04 -1.000 1.303e-03 6.002 6.886 6.840 6.167 5.730 5.338 4.841 4.442 4.375
0.0015467 -1.00000 10.11394 0.6499999762 2.3520355225    0.650 -0.478  3.7354  4.622    1  0.000  0.543     0.00     0.00 -1 -2.53e-14      0.00 8.015e-01 1.972e-01 2.358e-04 6.375e-05 5.790e-04 -1.000 1.303e-03 5.964 6.823 6.790 6.125 5.692 5.303 4.812 4.418 4.352
0.0015467 -1.00000 10.11394 0.6575399041 2.3562304974    0.657 -0.444  3.7397  4.611    1  0.000  0.543     0.00     0.00 -1 -2.75e-14      0.00 8.033e-01 1.954e-01 2.341e-04 6.328e-05 5.748e-04 -1.000 1.304e-03 5.880 6.688 6.682 6.032 5.608 5.225 4.747 4.362 4.298
0.0015467 -1.00000 10.11394 0.6697239876 2.3627803326    0.669 -0.389  3.7466  4.591    1  0.000  0.543     0.00     0.00 -1 -1.45e-14      0.00 8.064e-01 1.923e-01 2.311e-04 6.250e-05 5.678e-04 -1.000 1.296e-03 5.743 6.475 6.508 5.881 5.472 5.101 4.640 4.268 4.209
0.0015467 -1.00000 10.11394 0.6816614270 2.3689372540    0.681 -0.334  3.7532  4.570    1  0.000  0.542     0.00     0.00 -1 -7.13e-18      0.00 8.095e-01 1.893e-01 2.281e-04 6.170e-05 5.607e-04 -1.000 1.246e-03 5.606 6.270 6.337 5.733 5.338 4.978 4.533 4.172 4.118
0.0015467 -1.00000 10.11394 0.6922883987 2.3742132187    0.692 -0.284  3.7588  4.550    1  0.000  0.542     0.00     0.00 -1 -1.42e-16      0.00 8.123e-01 1.864e-01 2.254e-04 6.097e-05 5.542e-04 -1.000 1.266e-03 5.481 6.088 6.182 5.599 5.217 4.866 4.434 4.083 4.033
0.0015467 -1.00000 10.11394 0.6999999881 2.3779268265    0.700 -0.247  3.7628  4.533    1  0.000  0.542     0.00     0.00 -1 -4.59e-14      0.00 8.145e-01 1.843e-01 2.233e-04 6.042e-05 5.493e-04 -1.000 1.225e-03 5.388 5.959 6.070 5.502 5.128 4.783 4.360 4.016 3.969
0.0015467 -1.00000 10.11394 0.7044430375 2.3800239563    0.704 -0.225  3.7650  4.523    1  0.000  0.541     0.00     0.00 -1 -4.87e-14      0.00 8.159e-01 1.829e-01 2.216e-04 6.004e-05 5.459e-04 -1.000 1.203e-03 5.334 5.885 6.005 5.445 5.075 4.733 4.316 3.976 3.930
0.0015467 -1.00000 10.11394 0.7125643492 2.3837795258    0.712 -0.184  3.7690  4.503    1  0.000  0.540     0.00     0.00 -1 -5.44e-14      0.00 8.188e-01 1.800e-01 2.184e-04 5.932e-05 5.396e-04 -1.000 1.216e-03 5.230 5.748 5.883 5.337 4.976 4.640 4.232 3.898 3.855
0.0015467 -1.00000 10.11394 0.7233330607 2.3886103630    0.723 -0.127  3.7740  4.473    1  0.000  0.538     0.00     0.00 -1 -2.61e-17      0.00 8.226e-01 1.761e-01 2.141e-04 5.831e-05 5.307e-04 -1.000 1.204e-03 5.088 5.567 5.717 5.191 4.839 4.512 4.115 3.790 3.750
0.0015467 -1.00000 10.11394 0.7334505916 2.3930006027    0.733 -0.071  3.7785  4.440    1  0.000  0.536     0.00     0.00 -1  -2.9e-17      0.00 8.265e-01 1.723e-01 2.099e-04 5.732e-05 5.220e-04 -1.000 1.203e-03 4.948 5.392 5.555 5.046 4.704 4.384 3.997 3.679 3.643
0.0015467 -1.00000 10.11394 0.7427623868 2.3969199657    0.742 -0.016  3.7824  4.406    1  0.000  0.534     0.00     0.00 -1 -3.77e-16      0.00 8.303e-01 1.685e-01 2.059e-04 5.636e-05 5.136e-04 -1.000 1.198e-03 4.810 5.230 5.400 4.905 4.571 4.257 3.879 3.568 3.534
0.0015467 -1.00000 10.11394 0.7500000000 2.3998889923    0.749  0.029  3.7852  4.376    1  0.000  0.533     0.00     0.00 -1    -1e-13      0.00 8.333e-01 1.655e-01 2.027e-04 5.560e-05 5.068e-04 -1.000 1.187e-03 4.697 5.101 5.274 4.790 4.461 4.152 3.779 3.473 3.441
0.0015467 -1.00000 10.11394 0.7574551105 2.4028792381    0.757  0.078  3.7875  4.341    1  0.000  0.533     0.00     0.00 -1 -1.16e-13      0.00 8.370e-01 1.619e-01 1.991e-04 5.463e-05 4.982e-04 -1.000 1.133e-03 4.576 4.967 5.142 4.666 4.342 4.037 3.670 3.367 3.337
0.0015467 -1.00000 10.11394 0.7669463158 2.4065895081    0.766  0.144  3.7900  4.291    1  0.000  0.532     0.00     0.00 -1 -1.42e-13      0.00 8.413e-01 1.576e-01 1.948e-04 5.349e-05 4.880e-04 -1.000 1.105e-03 4.411 4.791 4.965 4.499 4.180 3.880 3.518 3.219 3.190
0.0015467 -1.00000 10.11394 0.7753167748 2.4097752571    0.774  0.206  3.7914  4.239    1  0.000  0.532     0.00     0.00 -1 -1.73e-13      0.00 8.431e-01 1.558e-01 1.930e-04 5.300e-05 4.836e-04 -1.000 1.119e-03 4.254 4.628 4.800 4.341 4.025 3.727 3.368 3.073 3.045
0.0015467 -1.00000 10.11394 0.7771987915 2.4104807377    0.776  0.221  3.7917  4.226    1  0.000  0.532     0.00     0.00 -1 -2.64e-18      0.00 8.434e-01 1.555e-01 1.927e-04 5.294e-05 4.831e-04 -1.000 1.124e-03 4.217 4.590 4.761 4.303 3.988 3.691 3.332 3.037 3.009
0.0015467 -1.00000 10.11394 0.7803685069 2.4116599560    0.779  0.248  3.7916  4.200    1  0.000  0.532     0.00     0.00 -1 -1.36e-17      0.00 8.436e-01 1.552e-01 1.925e-04 5.287e-05 4.825e-04 -1.000 1.125e-03 4.150 4.524 4.693 4.235 3.921 3.623 3.264 2.969 2.941
0.0015467 -1.00000 10.11394 0.7867181897 2.4139893055    0.786  0.306  3.7903  4.140    1  0.000  0.531     0.00     0.00 -1 -1.36e-16      0.00 8.440e-01 1.549e-01 1.923e-04 5.282e-05 4.821e-04 -1.000 1.097e-03 4.004 4.385 4.550 4.090 3.773 3.474 3.112 2.816 2.787
0.0015467 -1.00000 10.11394 0.7918078899 2.4158253670    0.791  0.358  3.7879  4.082    1  0.000  0.531     0.00     0.00 -1 -4.91e-16      0.00 8.434e-01 1.554e-01 1.935e-04 5.316e-05 4.852e-04 -1.000 1.140e-03 3.876 4.271 4.430 3.963 3.643 3.340 2.972 2.671 2.641
0.0015467 -1.00000 10.11394 0.7934873104 2.4164254665    0.792  0.378  3.7859  4.055    2  0.000  0.531     0.00     0.00 -1 -1.96e-15      0.00 8.418e-01 1.570e-01 1.959e-04 5.383e-05 4.914e-04 -1.000 1.141e-03 3.826 4.232 4.387 3.915 3.591 3.285 2.913 2.609 2.577
0.0015467 -1.00000 10.11394 0.7967973351 2.4175994396    0.795  0.419  3.7807  3.994    2  0.000  0.531     0.00     0.00 -1 -3.03e-14      0.00 8.353e-01 1.635e-01 2.050e-04 5.633e-05 5.140e-04 -1.000 1.161e-03 3.722 4.155 4.304 3.815 3.482 3.168 2.784 2.469 2.436
0.0015467 -1.00000 10.11394 0.7991954088 2.4184427261    0.798  0.452  3.7746  3.938    2  0.000  0.532     0.00     0.00 -1 -2.26e-13      0.00 8.230e-01 1.758e-01 2.190e-04 6.013e-05 5.485e-04 -1.000 1.226e-03 3.639 4.113 4.247 3.739 3.394 3.071 2.673 2.347 2.310
0.0015467 -1.00000 10.11394 0.8000000119 2.4187245369    0.799  0.464  3.7720  3.916    2  0.000  0.532     0.00     0.00 -1 -4.47e-13      0.00 8.164e-01 1.824e-01 2.259e-04 6.201e-05 5.655e-04 -1.000 1.267e-03 3.610 4.102 4.230 3.712 3.363 3.035 2.631 2.300 2.261
0.0015467 -1.00000 10.11394 0.8003943563 2.4188623428    0.799  0.470  3.7707  3.905    2  0.000  0.533     0.00     0.00 -1 -4.59e-13      0.00 8.131e-01 1.856e-01 2.294e-04 6.293e-05 5.738e-04 -1.000 1.287e-03 3.595 4.096 4.221 3.699 3.347 3.018 2.610 2.277 2.237
0.0015467 -1.00000 10.11394 0.8020413518 2.4194364548    0.801  0.496  3.7622  3.847    2  0.000  0.534     0.00     0.00 -1 -5.21e-13      0.00 7.948e-01 2.038e-01 2.459e-04 6.739e-05 6.138e-04 -1.000 1.374e-03 3.530 4.092 4.196 3.644 3.277 2.934 2.505 2.156 2.112
0.0015467 -1.00000 10.11394 0.8033900857 2.4199044704    0.802  0.521  3.7531  3.785    2  0.000  0.535     0.00     0.00 -1 -5.93e-13      0.00 7.815e-01 2.170e-01 2.573e-04 7.044e-05 6.410e-04 -1.000 1.448e-03 3.466 4.101 4.177 3.595 3.210 2.852 2.401 2.035 1.984
0.0015467 -1.00000 10.11394 0.8044382930 2.4202668667    0.803  0.551  3.7452  3.725    2  0.000  0.536     0.00     0.00 -1 -6.79e-13      0.00 7.737e-01 2.248e-01 2.640e-04 7.222e-05 6.568e-04 -1.000 1.470e-03 3.392 4.092 4.144 3.535 3.135 2.764 2.293 1.911 1.856
0.0015467 -1.00000 10.11394 0.8052865267 2.4205594063    0.804  0.585  3.7393  3.667    2  0.000  0.536     0.00     0.00 -1 -7.85e-13      0.00 7.688e-01 2.297e-01 2.682e-04 7.334e-05 6.668e-04 -1.000 1.474e-03 3.306 4.057 4.089 3.461 3.050 2.670 2.182 1.788 1.729
0.0015467 -1.00000 10.11394 0.8059579730 2.4207904339    0.804  0.621  3.7353  3.616    2  0.000  0.536     0.00     0.00 -1 -9.03e-13      0.00 7.656e-01 2.329e-01 2.708e-04 7.403e-05 6.730e-04 -1.000 1.525e-03 3.218 4.008 4.023 3.382 2.963 2.576 2.077 1.673 1.612
0.0015467 -1.00000 10.11394 0.8062908053 2.4209048748    0.805  0.640  3.7334  3.589    2  0.000  0.537     0.00     0.00 -1 -9.73e-13      0.00 7.641e-01 2.343e-01 2.720e-04 7.434e-05 6.758e-04 -1.000 1.566e-03 3.170 3.977 3.985 3.337 2.915 2.526 2.022 1.612 1.551
0.0015467 -1.00000 10.11394 0.8064094782 2.4209456444    0.805  0.648  3.7329  3.579    2  0.000  0.537     0.00     0.00 -1    -1e-12      0.00 7.636e-01 2.348e-01 2.723e-04 7.443e-05 6.766e-04 -1.000 1.566e-03 3.150 3.962 3.968 3.319 2.896 2.505 1.999 1.589 1.527
0.0015467 -1.00000 10.11394 0.8070343733 2.4211599827    0.805  0.692  3.7303  3.525    3  0.000  0.537     0.00     0.00 -1 -1.18e-12      0.00 7.611e-01 2.373e-01 2.740e-04 7.488e-05 6.806e-04 -1.000 1.565e-03 3.039 3.875 3.872 3.214 2.786 2.392 1.878 1.461 1.398
0.0015467 -1.00000 10.11394 0.8075608611 2.4213402271    0.806  0.733  3.7283  3.476    3  0.000  0.537     0.00     0.00 -1 -1.37e-12      0.00 7.591e-01 2.394e-01 2.752e-04 7.521e-05 6.835e-04 -1.000 1.531e-03 2.937 3.793 3.782 3.117 2.686 2.288 1.768 1.346 1.283
0.0015467 -1.00000 10.11394 0.8081450462 2.4215400219    0.806  0.782  3.7264  3.420    3  0.000  0.537     0.00     0.00 -1 -1.63e-12      0.00 7.568e-01 2.416e-01 2.763e-04 7.553e-05 6.863e-04 -1.000 1.569e-03 2.814 3.691 3.670 2.999 2.565 2.164 1.638 1.210 1.146
0.0015467 -1.00000 10.11394 0.8086849451 2.4217243195    0.807  0.831  3.7247  3.364    3  0.000  0.537     0.00     0.00 -1 -1.95e-12      0.00 7.548e-01 2.437e-01 2.771e-04 7.580e-05 6.885e-04 -1.000 1.535e-03 2.692 3.586 3.557 2.880 2.443 2.040 1.508 1.076 1.011
0.0015467 -1.00000 10.11394 0.8092266917 2.4219090939    0.807  0.885  3.7230  3.304    3  0.000  0.536     0.00     0.00 -1 -2.37e-12      0.00 7.526e-01 2.459e-01 2.775e-04 7.611e-05 6.905e-04 -1.000 1.561e-03 2.557 3.469 3.433 2.750 2.310 1.904 1.367 0.930 0.865
0.0015467 -1.00000 10.11394 0.8097064495 2.4220724106    0.808  0.937  3.7215  3.246    3  0.000  0.535     0.00     0.00 -1 -2.85e-12      0.00 7.507e-01 2.478e-01 2.774e-04 7.654e-05 6.919e-04 -1.000 1.535e-03 2.427 3.354 3.311 2.624 2.181 1.773 1.231 0.789 0.724
0.0015467 -1.00000 10.11394 0.8101134300 2.4222106934    0.808  0.985  3.7201  3.192    3  0.000  0.533     0.00     0.00 -1 -3.38e-12      0.00 7.490e-01 2.494e-01 2.767e-04 7.720e-05 6.930e-04 -1.000 1.570e-03 2.307 3.248 3.199 2.507 2.062 1.652 1.105 0.659 0.594
0.0015467 -1.00000 10.11394 0.8104320168 2.4223189354    0.808  1.026  3.7188  3.147    3  0.000  0.531     0.00     0.00 -1 -3.92e-12      0.00 7.478e-01 2.506e-01 2.759e-04 7.799e-05 6.937e-04 -1.000 1.547e-03 2.205 3.160 3.105 2.409 1.962 1.549 0.999 0.549 0.484
0.0015467 -1.00000 10.11394 0.8107847571 2.4224386215    0.809  1.074  3.7174  3.093    3  0.000  0.528     0.00     0.00 -1 -4.66e-12      0.00 7.465e-01 2.519e-01 2.746e-04 7.924e-05 6.945e-04 -1.000 1.572e-03 2.084 3.055 2.993 2.292 1.842 1.427 0.872 0.418 0.352
0.0015467 -1.00000 10.11394 0.8111220002 2.4225528240    0.809  1.125  3.7157  3.035    3  0.000  0.524     0.00     0.00 -1  -5.6e-12      0.00 7.453e-01 2.531e-01 2.730e-04 8.088e-05 6.951e-04 -1.000 1.587e-03 1.957 2.947 2.877 2.170 1.717 1.299 0.738 0.279 0.213
0.0015467 -1.00000 10.11394 0.8114274144 2.4226562977    0.809  1.176  3.7140  2.978    3  0.000  0.521     0.00     0.00 -1 -6.72e-12      0.00 7.444e-01 2.540e-01 2.715e-04 8.249e-05 6.956e-04 -1.000 1.612e-03 1.830 2.840 2.762 2.048 1.592 1.171 0.604 0.141 0.074
0.0015467 -1.00000 10.11394 0.8116940260 2.4227466583    0.809  1.225  3.7123  2.923    3  0.000  0.518     0.00     0.00 -1 -8.01e-12      0.00 7.437e-01 2.547e-01 2.703e-04 8.385e-05 6.959e-04 -1.000 1.572e-03 1.709 2.739 2.652 1.932 1.472 1.048 0.476 0.007 -0.060
0.0015467 -1.00000 10.11394 0.8119351268 2.4228279591    0.809  1.272  3.7106  2.868    3  0.000  0.516     0.00     0.00 -1 -9.52e-12      0.00 7.432e-01 2.552e-01 2.694e-04 8.497e-05 6.961e-04 -1.000 1.585e-03 1.589 2.641 2.544 1.817 1.355 0.927 0.349 -0.125 -0.193
0.0015467 -1.00000 10.11394 0.8121519089 2.4229013920    0.809  1.319  3.7088  2.814    3  0.000  0.515     0.00     0.00 -1 -1.13e-11      0.00 7.428e-01 2.556e-01 2.687e-04 8.579e-05 6.963e-04 -1.000 1.581e-03 1.471 2.547 2.439 1.706 1.239 0.809 0.224 -0.255 -0.323
0.0015467 -1.00000 10.11394 0.8123532534 2.4229693413    0.809  1.367  3.7070  2.759    3  0.000  0.514     0.00     0.00 -1 -1.34e-11      0.00 7.427e-01 2.558e-01 2.683e-04 8.622e-05 6.964e-04 -1.000 1.554e-03 1.352 2.451 2.333 1.592 1.122 0.689 0.098 -0.388 -0.456
0.0015467 -1.00000 10.11394 0.8125314116 2.4230294228    0.809  1.413  3.7051  2.705    3  0.000  0.514     0.00     0.00 -1 -1.59e-11      0.00 7.426e-01 2.559e-01 2.681e-04 8.643e-05 6.964e-04 -1.000 1.555e-03 1.237 2.361 2.232 1.483 1.010 0.572 -0.025 -0.516 -0.585
0.0015467 -1.00000 10.11394 0.8126975894 2.4230854511    0.809  1.460  3.7031  2.650    3  0.000  0.514     0.00     0.00 -1 -1.89e-11      0.00 7.426e-01 2.559e-01 2.681e-04 8.649e-05 6.964e-04 -1.000 1.555e-03 1.119 2.269 2.129 1.373 0.895 0.454 -0.151 -0.648 -0.718
0.0015467 -1.00000 10.11394 0.8128445148 2.4231350422    0.809  1.506  3.7011  2.597    3  0.000  0.514     0.00     0.00 -1 -2.23e-11      0.00 7.426e-01 2.559e-01 2.681e-04 8.652e-05 6.964e-04 -1.000 1.556e-03 1.005 2.180 2.030 1.266 0.784 0.339 -0.272 -0.775 -0.846
0.0015467 -1.00000 10.11394 0.8129754663 2.4231791496    0.809  1.550  3.6991  2.545    3  0.000  0.513     0.00     0.00 -1 -2.62e-11      0.00 7.425e-01 2.559e-01 2.680e-04 8.656e-05 6.964e-04 -1.000 1.556e-03 0.895 2.096 1.935 1.163 0.677 0.228 -0.390 -0.899 -0.970
0.0015467 -1.00000 10.11394 0.8130968213 2.4232201576    0.809  1.594  3.6971  2.492    3  0.000  0.513     0.00     0.00 -1 -3.08e-11      0.00 7.425e-01 2.559e-01 2.680e-04 8.659e-05 6.964e-04 -1.000 1.556e-03 0.784 2.014 1.840 1.060 0.569 0.117 -0.508 -1.024 -1.096
0.0015467 -1.00000 10.11394 0.8132045865 2.4232563972    0.809  1.637  3.6951  2.441    3  0.000  0.513     0.00     0.00 -1 -3.61e-11      0.00 7.425e-01 2.559e-01 2.680e-04 8.661e-05 6.965e-04 -1.000 1.556e-03 0.677 1.941 1.751 0.960 0.465 0.010 -0.622 -1.144 -1.216
0.0015467 -1.00000 10.11394 0.8133062124 2.4232907295    0.809  1.680  3.6930  2.390    3  0.000  0.513     0.00     0.00 -1 -4.23e-11      0.00 7.425e-01 2.559e-01 2.680e-04 8.664e-05 6.965e-04 -1.000 1.556e-03 0.569 1.868 1.661 0.860 0.360 -0.100 -0.739 -1.266 -1.339
0.0015467 -1.00000 10.11394 0.8133977056 2.4233214855    0.809  1.722  3.6909  2.339    3  0.000  0.513     0.00     0.00 -1 -4.93e-11      0.00 7.425e-01 2.559e-01 2.680e-04 8.666e-05 6.965e-04 -1.000 1.557e-03 0.465 1.798 1.574 0.763 0.258 -0.205 -0.851 -1.385 -1.458
0.0015467 -1.00000 10.11394 0.8134832978 2.4233503342    0.809  1.763  3.6888  2.290    3  0.000  0.513     0.00     0.00 -1 -5.74e-11      0.00 7.425e-01 2.559e-01 2.680e-04 8.668e-05 6.965e-04 -1.000 1.557e-03 0.362 1.732 1.490 0.669 0.159 -0.309 -0.962 -1.502 -1.576
0.0015467 -1.00000 10.11394 0.8135653138 2.4233777523    0.809  1.803  3.6867  2.241    3  0.000  0.513     0.00     0.00 -1 -6.66e-11      0.00 7.425e-01 2.559e-01 2.679e-04 8.670e-05 6.965e-04 -1.000 1.557e-03 0.262 1.669 1.409 0.578 0.062 -0.409 -1.070 -1.617 -1.691
0.0015467 -1.00000 10.11394 0.8136493564 2.4234061241    0.808  1.841  3.6848  2.196    3  0.000  0.513     0.00     0.00 -1 -7.66e-11      0.00 7.425e-01 2.560e-01 2.679e-04 8.672e-05 6.965e-04 -1.000 1.557e-03 0.168 1.610 1.334 0.492 -0.028 -0.503 -1.170 -1.724 -1.798
0.0015467 -1.00000 10.11394 0.8137257099 2.4234318733    0.808  1.861  3.6838  2.171    3  0.000  0.513     0.00     0.00 -1 -8.31e-11      0.00 7.425e-01 2.560e-01 2.679e-04 8.674e-05 6.965e-04 -1.000 1.557e-03 0.117 1.576 1.291 0.445 -0.077 -0.554 -1.225 -1.782 -1.857
0.0015467 -1.00000 10.11394 0.8137978315 2.4234559536    0.808  1.840  3.6855  2.199    3  0.000  0.513     0.00     0.00 -1 -7.72e-11      0.00 7.425e-01 2.560e-01 2.679e-04 8.676e-05 6.965e-04 -1.000 1.557e-03 0.170 1.601 1.330 0.491 -0.027 -0.501 -1.166 -1.717 -1.791
0.0015467 -1.00000 10.11394 0.8138105869 2.4234602451    0.808  1.836  3.6858  2.204    3  0.000  0.513     0.00     0.00 -1 -7.61e-11      0.00 7.425e-01 2.560e-01 2.679e-04 8.676e-05 6.965e-04 -1.000 1.557e-03 0.180 1.606 1.337 0.500 -0.018 -0.491 -1.155 -1.705 -1.779
0.0015467 -1.00000 10.11394 0.8138648272 2.4234786034    0.808  1.872  3.6838  2.160    3  0.000  0.513     0.00     0.00 -1  -8.6e-11      0.00 7.425e-01 2.560e-01 2.679e-04 8.678e-05 6.965e-04 -1.000 1.558e-03 0.090 1.551 1.265 0.418 -0.104 -0.581 -1.252 -1.809 -1.884
0.0015467 -1.00000 10.11394 0.8139247894 2.4234986305    0.807  1.913  3.6815  2.110    3  0.000  0.513     0.00     0.00 -1    -1e-10      0.00 7.425e-01 2.560e-01 2.679e-04 8.679e-05 6.965e-04 -1.000 1.558e-03 -0.013 1.489 1.184 0.325 -0.203 -0.685 -1.364 -1.929 -2.004
0.0015467 -1.00000 10.11394 0.8139826655 2.4235181808    0.807  1.956  3.6791  2.057    3  0.000  0.513     0.00     0.00 -1 -1.17e-10      0.00 7.425e-01 2.560e-01 2.679e-04 8.681e-05 6.965e-04 -1.000 1.558e-03 -0.119 1.427 1.101 0.230 -0.304 -0.790 -1.478 -2.051 -2.127
0.0015467 -1.00000 10.11394 0.8140355349 2.4235358238    0.807  1.997  3.6767  2.006    3  0.000  0.513     0.00     0.00 -1 -1.37e-10      0.00 7.425e-01 2.560e-01 2.679e-04 8.682e-05 6.965e-04 -1.000 1.558e-03 -0.223 1.370 1.022 0.138 -0.402 -0.894 -1.590 -2.170 -2.247
0.0015467 -1.00000 10.11394 0.8140856028 2.4235527515    0.806  2.039  3.6742  1.954    3  0.000  0.513     0.00     0.00 -1  -1.6e-10      0.00 7.425e-01 2.560e-01 2.679e-04 8.683e-05 6.965e-04 -1.000 1.558e-03 -0.328 1.340 0.952 0.040 -0.509 -1.002 -1.706 -2.291 -2.367
0.0015467 -1.00000 10.11394 0.8141307235 2.4235680103    0.806  2.080  3.6717  1.903    3  0.000  0.513     0.00     0.00 -1 -1.86e-10      0.00 7.424e-01 2.560e-01 2.678e-04 8.684e-05 6.966e-04 -1.000 1.558e-03 -0.430 1.307 0.884 -0.053 -0.608 -1.106 -1.818 -2.408 -2.484
0.0015467 -1.00000 10.11394 0.8141726851 2.4235820770    0.806  2.121  3.6692  1.852    3  0.000  0.513     0.00     0.00 -1 -2.17e-10      0.00 7.424e-01 2.560e-01 2.678e-04 8.685e-05 6.966e-04 -1.000 1.558e-03 -0.531 1.276 0.818 -0.144 -0.707 -1.209 -1.929 -2.526 -2.602
0.0015467 -1.00000 10.11394 0.8142111301 2.4235949516    0.805  2.161  3.6667  1.802    3  0.000  0.513     0.00     0.00 -1 -2.52e-10      0.00 7.424e-01 2.560e-01 2.678e-04 8.686e-05 6.966e-04 -1.000 1.558e-03 -0.632 1.250 0.754 -0.233 -0.804 -1.310 -2.039 -2.642 -2.718
0.0015467 -1.00000 10.11394 0.8142468333 2.4236068726    0.805  2.201  3.6641  1.751    3  0.000  0.513     0.00     0.00 -1 -2.94e-10      0.00 7.424e-01 2.560e-01 2.678e-04 8.687e-05 6.966e-04 -1.000 1.558e-03 -0.733 1.226 0.692 -0.321 -0.901 -1.411 -2.149 -2.758 -2.835
0.0015467 -1.00000 10.11394 0.8142791390 2.4236178398    0.804  2.240  3.6616  1.701    3  0.000  0.513     0.00     0.00 -1 -3.41e-10      0.00 7.424e-01 2.560e-01 2.678e-04 8.688e-05 6.966e-04 -1.000 1.558e-03 -0.831 1.206 0.632 -0.407 -0.994 -1.509 -2.256 -2.872 -2.949
0.0015467 -1.00000 10.11394 0.8143097162 2.4236280918    0.803  2.280  3.6589  1.651    3  0.000  0.513     0.00     0.00 -1 -3.96e-10      0.00 7.424e-01 2.560e-01 2.678e-04 8.689e-05 6.966e-04 -1.000 1.559e-03 -0.931 1.188 0.573 -0.493 -1.089 -1.608 -2.365 -2.988 -3.066
0.0015467 -1.00000 10.11394 0.8143376112 2.4236373901    0.803  2.319  3.6563  1.601    3  0.000  0.513     0.00     0.00 -1 -4.59e-10      0.00 7.424e-01 2.560e-01 2.678e-04 8.690e-05 6.966e-04 -1.000 1.559e-03 -1.028 1.157 0.510 -0.572 -1.177 -1.702 -2.470 -3.102 -3.181
0.0015467 -1.00000 10.11394 0.8143634200 2.4236459732    0.802  2.358  3.6537  1.551    3  0.000  0.513     0.00     0.00 -1 -5.31e-10      0.00 7.424e-01 2.560e-01 2.678e-04 8.690e-05 6.966e-04 -1.000 1.559e-03 -1.125 1.146 0.456 -0.654 -1.267 -1.797 -2.576 -3.214 -3.295
0.0015467 -1.00000 10.11394 0.8143871427 2.4236540794    0.801  2.396  3.6511  1.502    3  0.000  0.513     0.00     0.00 -1 -6.13e-10      0.00 7.424e-01 2.560e-01 2.678e-04 8.691e-05 6.966e-04 -1.000 1.559e-03 -1.220 1.139 0.404 -0.733 -1.355 -1.890 -2.680 -3.324 -3.407
0.0015467 -1.00000 10.11394 0.8144142032 2.4236631393    0.800  2.443  3.6478  1.441    3  0.000  0.513     0.00     0.00 -1 -7.34e-10      0.00 7.424e-01 2.560e-01 2.678e-04 8.692e-05 6.966e-04 -1.000 1.559e-03 -1.338 1.129 0.339 -0.826 -1.460 -2.004 -2.808 -3.463 -3.548
0.0015467 -1.00000 10.11394 0.8144345880 2.4236700535    0.800  2.482  3.6451  1.392    3  0.000  0.513     0.00     0.00 -1 -8.49e-10      0.00 7.424e-01 2.560e-01 2.678e-04 8.692e-05 6.966e-04 -1.000 1.559e-03 -1.434 1.123 0.287 -0.901 -1.545 -2.096 -2.911 -3.575 -3.662
0.0015467 -1.00000 10.11394 0.8144569397 2.4236774445    0.798  2.527  3.6418  1.332    3  0.000  0.513     0.00     0.00 -1 -1.01e-09      0.00 7.424e-01 2.560e-01 2.678e-04 8.693e-05 6.966e-04 -1.000 1.559e-03 -1.548 1.118 0.227 -0.988 -1.645 -2.204 -3.034 -3.709 -3.798
0.0015467 -1.00000 10.11394 0.8144780397 2.4236845970    0.797  2.574  3.6385  1.272    3  0.000  0.513     0.00     0.00 -1 -1.21e-09      0.00 7.424e-01 2.560e-01 2.678e-04 8.693e-05 6.966e-04 -1.000 1.559e-03 -1.664 1.115 0.167 -1.076 -1.746 -2.315 -3.159 -3.845 -3.937
0.0015467 -1.00000 10.11394 0.8144940734 2.4236898422    0.796  2.611  3.6357  1.223    3  0.000  0.513     0.00     0.00 -1 -1.39e-09      0.00 7.424e-01 2.560e-01 2.678e-04 8.694e-05 6.966e-04 -1.000 1.559e-03 -1.758 1.114 0.119 -1.146 -1.827 -2.404 -3.261 -3.956 -4.050
0.0015467 -1.00000 10.11394 0.8145115376 2.4236958027    0.795  2.655  3.6324  1.164    3  0.000  0.513     0.00     0.00 -1 -1.65e-09      0.00 7.424e-01 2.560e-01 2.678e-04 8.694e-05 6.966e-04 -1.000 1.559e-03 -1.869 1.118 0.065 -1.227 -1.922 -2.508 -3.380 -4.086 -4.183
0.0015467 -1.00000 10.11394 0.8145281672 2.4237012863    0.793  2.701  3.6290  1.105    3  0.000  0.513     0.00     0.00 -1 -1.97e-09      0.00 7.424e-01 2.560e-01 2.678e-04 8.694e-05 6.966e-04 -1.000 1.559e-03 -1.982 1.126 0.011 -1.310 -2.018 -2.614 -3.501 -4.219 -4.319
0.0015467 -1.00000 10.11394 0.8145439625 2.4237065315    0.791  2.747  3.6256  1.043    3  0.000  0.513     0.00     0.00 -1 -2.35e-09      0.00 7.424e-01 2.560e-01 2.678e-04 8.695e-05 6.966e-04 -1.000 1.559e-03 -2.098 1.138 -0.041 -1.392 -2.115 -2.721 -3.625 -4.355 -4.458
0.0015467 -1.00000 10.11394 0.8145573735 2.4237110615    0.789  2.790  3.6223  0.986    3  0.000  0.513     0.00     0.00 -1 -2.77e-09      0.00 7.424e-01 2.560e-01 2.678e-04 8.695e-05 6.966e-04 -1.000 1.559e-03 -2.205 1.159 -0.085 -1.464 -2.203 -2.820 -3.739 -4.480 -4.587
0.0015467 -1.00000 10.11394 0.8145703077 2.4237155914    0.787  2.834  3.6189  0.928    3  0.000  0.513     0.00     0.00 -1 -3.28e-09      0.00 7.424e-01 2.560e-01 2.678e-04 8.695e-05 6.966e-04 -1.000 1.559e-03 -2.314 1.191 -0.124 -1.537 -2.292 -2.920 -3.857 -4.609 -4.719
0.0015467 -1.00000 10.11394 0.8145825863 2.4237196445    0.785  2.878  3.6154  0.868    3  0.000  0.513     0.00     0.00 -1  -3.9e-09      0.00 7.424e-01 2.560e-01 2.678e-04 8.696e-05 6.966e-04 -1.000 1.559e-03 -2.426 1.226 -0.162 -1.608 -2.381 -3.023 -3.976 -4.740 -4.854
0.0015467 -1.00000 10.11394 0.8145935535 2.4237232208    0.782  2.921  3.6120  0.810    3  0.000  0.513     0.00     0.00 -1 -4.62e-09      0.00 7.424e-01 2.560e-01 2.678e-04 8.696e-05 6.966e-04 -1.000 1.559e-03 -2.534 1.262 -0.197 -1.676 -2.467 -3.121 -4.091 -4.867 -4.985
0.0015467 -1.00000 10.11394 0.8146037459 2.4237267971    0.779  2.964  3.6087  0.752    3  0.000  0.513     0.00     0.00 -1 -5.46e-09      0.00 7.424e-01 2.560e-01 2.678e-04 8.696e-05 6.966e-04 -1.000 1.559e-03 -2.640 1.300 -0.230 -1.742 -2.551 -3.218 -4.205 -4.992 -5.114
0.0015467 -1.00000 10.11394 0.8146132827 2.4237298965    0.776  3.007  3.6053  0.694    3  0.000  0.513     0.00     0.00 -1 -6.45e-09      0.00 7.424e-01 2.560e-01 2.678e-04 8.697e-05 6.966e-04 -1.000 1.559e-03 -2.747 1.342 -0.260 -1.805 -2.634 -3.314 -4.318 -5.118 -5.243
0.0015467 -1.00000 10.11394 0.8146225214 2.4237329960    0.773  3.051  3.6018  0.634    3  0.000  0.513     0.00     0.00 -1 -7.66e-09      0.00 7.424e-01 2.560e-01 2.678e-04 8.697e-05 6.966e-04 -1.000 1.559e-03 -2.857 1.386 -0.290 -1.871 -2.718 -3.412 -4.435 -5.246 -5.376
0.0015467 -1.00000 10.11394 0.8146305680 2.4237356186    0.769  3.092  3.5985  0.578    3  0.000  0.513     0.00     0.00 -1    -9e-09      0.00 7.424e-01 2.560e-01 2.678e-04 8.697e-05 6.966e-04 -1.000 1.559e-03 -2.959 1.431 -0.314 -1.928 -2.795 -3.503 -4.542 -5.365 -5.500
0.0015467 -1.00000 10.11394 0.8146383762 2.4237382412    0.765  3.134  3.5951  0.520    3  0.000  0.513     0.00     0.00 -1 -1.06e-08      0.00 7.424e-01 2.560e-01 2.678e-04 8.697e-05 6.966e-04 -1.000 1.559e-03 -3.065 1.478 -0.338 -1.987 -2.874 -3.597 -4.654 -5.489 -5.628
0.0015467 -1.00000 10.11394 0.8146457076 2.4237408638    0.760  3.176  3.5917  0.461    3  0.000  0.513     0.00     0.00 -1 -1.26e-08      0.00 7.424e-01 2.560e-01 2.678e-04 8.697e-05 6.966e-04 -1.000 1.559e-03 -3.171 1.534 -0.354 -2.041 -2.950 -3.690 -4.766 -5.613 -5.757
0.0015467 -1.00000 10.11394 0.8146525025 2.4237430096    0.755  3.218  3.5882  0.403    3  0.000  0.513     0.00     0.00 -1 -1.49e-08      0.00 7.424e-01 2.560e-01 2.678e-04 8.697e-05 6.966e-04 -1.000 1.559e-03 -3.274 1.594 -0.363 -2.089 -3.022 -3.781 -4.876 -5.733 -5.883
0.0015467 -1.00000 10.11394 0.8146587014 2.4237451553    0.749  3.257  3.5849  0.347    3  0.000  0.513     0.00     0.00 -1 -1.74e-08      0.00 7.424e-01 2.560e-01 2.678e-04 8.698e-05 6.966e-04 -1.000 1.559e-03 -3.374 1.653 -0.368 -2.132 -3.090 -3.868 -4.982 -5.850 -6.006
0.0015467 -1.00000 10.11394 0.8146645427 2.4237470627    0.743  3.297  3.5816  0.291    3  0.000  0.513     0.00     0.00 -1 -2.05e-08      0.00 7.424e-01 2.560e-01 2.678e-04 8.698e-05 6.966e-04 -1.000 1.559e-03 -3.472 1.710 -0.373 -2.175 -3.157 -3.953 -5.085 -5.965 -6.125
0.0015467 -1.00000 10.11394 0.8146702647 2.4237489700    0.736  3.334  3.5784  0.236    3  0.000  0.513     0.00     0.00 -1 -2.39e-08      0.00 7.424e-01 2.560e-01 2.678e-04 8.698e-05 6.966e-04 -1.000 1.559e-03 -3.566 1.764 -0.374 -2.212 -3.217 -4.034 -5.185 -6.075 -6.241
0.0015467 -1.00000 10.11394 0.8146715760 2.4237494469    0.734  3.342  3.5777  0.224    3  0.000  0.513     0.00     0.00 -1 -2.47e-08      0.00 7.424e-01 2.560e-01 2.678e-04 8.698e-05 6.966e-04 -1.000 1.559e-03 -3.586 1.776 -0.374 -2.219 -3.230 -4.051 -5.207 -6.098 -6.265
0.0015467 -1.00000 10.11394 0.8146715760 2.4237494469    0.734  1.715  3.7366  2.487    4  0.000  0.513     0.00     0.00 -1    -1e-30      0.00 7.390e-01 2.594e-01 2.699e-04 8.883e-05 7.035e-04 -1.000 1.566e-03 0.482 1.266 1.257 0.638 0.231 -0.151 -0.657 -1.068 -1.123
0.0015467 -1.00000 10.11394 0.8147180080 2.4237649441    0.734  1.730  3.7355  2.468    4  0.000  0.513     0.00     0.00 -1    -1e-30      0.00 7.390e-01 2.594e-01 2.699e-04 8.883e-05 7.035e-04 -1.000 1.566e-03 0.446 1.242 1.228 0.604 0.196 -0.188 -0.697 -1.110 -1.166
0.0015467 -1.00000 10.11394 0.8147654533 2.4237809181    0.734  1.733  3.7353  2.464    4  0.000  0.513     0.00     0.00 -1    -1e-30      0.00 7.390e-01 2.594e-01 2.699e-04 8.883e-05 7.035e-04 -1.000 1.566e-03 0.436 1.235 1.219 0.595 0.186 -0.198 -0.707 -1.121 -1.177
0.0015467 -1.00000 10.11394 0.8148136735 2.4237971306    0.734  1.735  3.7355  2.463    4  0.000  0.513     0.00     0.00 -1    -1e-30      0.00 7.390e-01 2.594e-01 2.699e-04 8.883e-05 7.035e-04 -1.000 1.566e-03 0.433 1.230 1.215 0.591 0.183 -0.201 -0.710 -1.123 -1.179
0.0015467 -1.00000 10.11394 0.8148635626 2.4238138199    0.734  1.735  3.7359  2.464    4  0.000  0.513     0.00     0.00 -1    -1e-30      0.00 7.390e-01 2.594e-01 2.699e-04 8.883e-05 7.035e-04 -1.000 1.566e-03 0.432 1.225 1.212 0.589 0.182 -0.201 -0.709 -1.122 -1.177
0.0015467 -1.00000 10.11394 0.8149120808 2.4238300323    0.734  1.735  3.7364  2.467    4  0.000  0.513     0.00     0.00 -1    -1e-30      0.00 7.390e-01 2.594e-01 2.699e-04 8.883e-05 7.035e-04 -1.000 1.566e-03 0.433 1.221 1.209 0.589 0.183 -0.199 -0.706 -1.117 -1.172
0.0015467 -1.00000 10.11394 0.8149610162 2.4238464832    0.734  1.734  3.7372  2.471    4  0.000  0.513     0.00     0.00 -1    -1e-30      0.00 7.390e-01 2.594e-01 2.699e-04 8.883e-05 7.035e-04 -1.000 1.566e-03 0.436 1.217 1.207 0.590 0.185 -0.196 -0.700 -1.109 -1.164
0.0015467 -1.00000 10.11394 0.8150109649 2.4238631725    0.734  1.732  3.7380  2.476    4  0.000  0.513     0.00     0.00 -1    -1e-30      0.00 7.390e-01 2.594e-01 2.699e-04 8.883e-05 7.035e-04 -1.000 1.566e-03 0.440 1.212 1.206 0.592 0.189 -0.191 -0.693 -1.099 -1.154
0.0015467 -1.00000 10.11394 0.8150603175 2.4238798618    0.734  1.730  3.7389  2.481    4  0.000  0.513     0.00     0.00 -1    -1e-30      0.00 7.390e-01 2.594e-01 2.699e-04 8.883e-05 7.035e-04 -1.000 1.566e-03 0.444 1.208 1.204 0.594 0.193 -0.185 -0.685 -1.089 -1.144
0.0015467 -1.00000 10.11394 0.8151104450 2.4238965511    0.735  1.729  3.7397  2.486    4  0.000  0.513     0.00     0.00 -1    -1e-30      0.00 7.390e-01 2.594e-01 2.699e-04 8.883e-05 7.035e-04 -1.000 1.566e-03 0.448 1.204 1.203 0.596 0.197 -0.180 -0.677 -1.080 -1.134
0.0015467 -1.00000 10.11394 0.8151578307 2.4239125252    0.735  1.727  3.7405  2.491    4  0.000  0.513     0.00     0.00 -1    -1e-30      0.00 7.390e-01 2.594e-01 2.699e-04 8.883e-05 7.035e-04 -1.000 1.566e-03 0.452 1.201 1.202 0.598 0.200 -0.175 -0.670 -1.071 -1.124
0.0015467 -1.00000 10.11394 0.8152083755 2.4239294529    0.735  1.726  3.7413  2.495    4  0.000  0.513     0.00     0.00 -1    -1e-30      0.00 7.390e-01 2.594e-01 2.699e-04 8.883e-05 7.035e-04 -1.000 1.566e-03 0.455 1.198 1.200 0.600 0.203 -0.171 -0.663 -1.062 -1.115
0.0015467 -1.00000 10.11394 0.8152580261 2.4239459038    0.735  1.725  3.7420  2.499    4  0.000  0.513     0.00     0.00 -1    -1e-30      0.00 7.390e-01 2.594e-01 2.699e-04 8.883e-05 7.035e-04 -1.000 1.566e-03 0.458 1.196 1.199 0.601 0.206 -0.167 -0.658 -1.055 -1.107
0.0015467 -1.00000 10.11394 0.8153045177 2.4239616394    0.735  1.724  3.7425  2.502    4  0.000  0.513     0.00     0.00 -1    -1e-30      0.00 7.390e-01 2.594e-01 2.699e-04 8.883e-05 7.035e-04 -1.000 1.566e-03 0.460 1.194 1.198 0.602 0.208 -0.164 -0.653 -1.049 -1.101
0.0015467 -1.00000 10.11394 0.8153535128 2.4239778519    0.735  1.723  3.7430  2.505    4  0.000  0.513     0.00     0.00 -1    -1e-30      0.00 7.390e-01 2.594e-01 2.699e-04 8.883e-05 7.035e-04 -1.000 1.566e-03 0.462 1.192 1.197 0.603 0.209 -0.161 -0.649 -1.043 -1.096
0.0015467 -1.00000 10.11394 0.8153649569 2.4239819050    0.735  1.723  3.7431  2.506    4  0.000  0.513     0.00     0.00 -1    -1e-30      0.00 7.390e-01 2.594e-01 2.699e-04 8.883e-05 7.035e-04 -1.000 1.566e-03 0.463 1.192 1.196 0.603 0.209 -0.161 -0.648 -1.042 -1.094
0.0015467 -1.00000 10.11394 0.8153746724 2.4239850044    0.735  1.723  3.7432  2.506    4  0.000  0.513     0.00     0.00 -1    -1e-30      0.00 7.390e-01 2.594e-01 2.699e-04 8.883e-05 7.035e-04 -1.000 1.566e-03 0.463 1.191 1.196 0.603 0.210 -0.161 -0.648 -1.041 -1.094
0.0015467 -1.00000 10.11394 0.8154240847 2.4240016937    0.735  1.723  3.7436  2.508    4  0.000  0.513     0.00     0.00 -1    -1e-30      0.00 7.390e-01 2.594e-01 2.699e-04 8.883e-05 7.035e-04 -1.000 1.566e-03 0.463 1.190 1.195 0.602 0.210 -0.160 -0.646 -1.038 -1.090
0.0015467 -1.00000 10.11394 0.8154743910 2.4240183830    0.735  1.723  3.7438  2.509    4  0.000  0.513     0.00     0.00 -1    -1e-30      0.00 7.390e-01 2.594e-01 2.699e-04 8.883e-05 7.035e-04 -1.000 1.566e-03 0.463 1.188 1.193 0.602 0.210 -0.159 -0.645 -1.037 -1.089
0.0015467 -1.00000 10.11394 0.8155232072 2.4240348339    0.735  1.723  3.7439  2.509    4  0.000  0.513     0.00     0.00 -1    -1e-30      0.00 7.390e-01 2.594e-01 2.699e-04 8.883e-05 7.035e-04 -1.000 1.566e-03 0.462 1.186 1.191 0.600 0.209 -0.160 -0.645 -1.037 -1.089
0.0015467 -1.00000 10.11394 0.8155716062 2.4240510464    0.735  1.724  3.7439  2.508    4  0.000  0.513     0.00     0.00 -1    -1e-30      0.00 7.390e-01 2.594e-01 2.699e-04 8.883e-05 7.035e-04 -1.000 1.566e-03 0.460 1.184 1.190 0.599 0.207 -0.162 -0.647 -1.039 -1.091
0.0015467 -1.00000 10.11394 0.8156195879 2.4240670204    0.735  1.725  3.7437  2.506    4  0.000  0.513     0.00     0.00 -1    -1e-30      0.00 7.390e-01 2.594e-01 2.699e-04 8.883e-05 7.035e-04 -1.000 1.566e-03 0.457 1.183 1.188 0.596 0.204 -0.165 -0.651 -1.043 -1.095
0.0015467 -1.00000 10.11394 0.8156701922 2.4240839481    0.735  1.727  3.7434  2.503    4  0.000  0.513     0.00     0.00 -1    -1e-30      0.00 7.390e-01 2.594e-01 2.699e-04 8.883e-05 7.035e-04 -1.000 1.566e-03 0.453 1.181 1.185 0.593 0.200 -0.170 -0.656 -1.050 -1.102
0.0015467 -1.00000 10.11394 0.8157209158 2.4241008759    0.735  1.729  3.7429  2.499    4  0.000  0.513     0.00     0.00 -1    -1e-30      0.00 7.390e-01 2.594e-01 2.699e-04 8.883e-05 7.035e-04 -1.000 1.566e-03 0.448 1.179 1.182 0.588 0.194 -0.176 -0.664 -1.059 -1.111
0.0015467 -1.00000 10.11394 0.8157331347 2.4241049290    0.735  1.729  3.7429  2.499    4  0.000  0.513     0.00     0.00 -1    -1e-30      0.00 7.390e-01 2.594e-01 2.699e-04 8.883e-05 7.035e-04 -1.000 1.566e-03 0.447 1.178 1.182 0.587 0.194 -0.177 -0.665 -1.060 -1.113
0.0015467 -1.00000 10.11394 0.8157547116 2.4241120815    0.735  1.731  3.7426  2.496    4  0.000  0.513     0.00     0.00 -1    -1e-30      0.00 7.390e-01 2.594e-01 2.699e-04 8.883e-05 7.035e-04 -1.000 1.566e-03 0.443 1.177 1.180 0.584 0.190 -0.181 -0.670 -1.066 -1.118
0.0015467 -1.00000 10.11394 0.8158001900 2.4241273403    0.735  1.734  3.7419  2.490    4  0.000  0.513     0.00     0.00 -1    -1e-30      0.00 7.390e-01 2.594e-01 2.699e-04 8.883e-05 7.035e-04 -1.000 1.566e-03 0.436 1.175 1.177 0.579 0.183 -0.189 -0.680 -1.077 -1.130
0.0015467 -1.00000 10.11394 0.8158457279 2.4241425991    0.735  1.737  3.7411  2.484    4  0.000  0.513     0.00     0.00 -1    -1e-30      0.00 7.390e-01 2.594e-01 2.699e-04 8.883e-05 7.035e-04 -1.000 1.566e-03 0.427 1.172 1.173 0.572 0.175 -0.199 -0.692 -1.091 -1.145
0.0015467 -1.00000 10.11394 0.8158917427 2.4241580963    0.735  1.741  3.7403  2.477    4  0.000  0.513     0.00     0.00 -1    -1e-30      0.00 7.390e-01 2.594e-01 2.699e-04 8.883e-05 7.035e-04 -1.000 1.566e-03 0.418 1.169 1.168 0.564 0.166 -0.210 -0.705 -1.106 -1.160
0.0015467 -1.00000 10.11394 0.8159382939 2.4241735935    0.735  1.745  3.7394  2.469    4  0.000  0.513     0.00     0.00 -1    -1e-30      0.00 7.390e-01 2.594e-01 2.699e-04 8.883e-05 7.035e-04 -1.000 1.566e-03 0.407 1.167 1.163 0.555 0.155 -0.222 -0.720 -1.123 -1.177
0.0015467 -1.00000 10.11394 0.8159830570 2.4241886139    0.736  1.750  3.7385  2.461    4  0.000  0.513     0.00     0.00 -1    -1e-30      0.00 7.390e-01 2.594e-01 2.699e-04 8.883e-05 7.035e-04 -1.000 1.566e-03 0.395 1.165 1.157 0.546 0.143 -0.235 -0.736 -1.141 -1.195
0.0015467 -1.00000 10.11394 0.8160281181 2.4242036343    0.736  1.755  3.7375  2.452    4  0.000  0.513     0.00     0.00 -1    -1e-30      0.00 7.390e-01 2.594e-01 2.699e-04 8.883e-05 7.035e-04 -1.000 1.566e-03 0.382 1.162 1.151 0.535 0.131 -0.249 -0.753 -1.160 -1.215
0.0015467 -1.00000 10.11394 0.8160736561 2.4242188931    0.736  1.760  3.7366  2.442    4  0.000  0.513     0.00     0.00 -1    -1e-30      0.00 7.390e-01 2.594e-01 2.699e-04 8.883e-05 7.035e-04 -1.000 1.566e-03 0.369 1.158 1.143 0.524 0.118 -0.264 -0.770 -1.180 -1.235
0.0015467 -1.00000 10.11394 0.8161190152 2.4242339134    0.736  1.766  3.7357  2.434    4  0.000  0.513     0.00     0.00 -1    -1e-30      0.00 7.390e-01 2.594e-01 2.699e-04 8.883e-05 7.035e-04 -1.000 1.566e-03 0.356 1.154 1.136 0.513 0.105 -0.278 -0.787 -1.199 -1.255
0.0015467 -1.00000 10.11394 0.8161655068 2.4242494106    0.736  1.771  3.7348  2.425    4  0.000  0.513     0.00     0.00 -1    -1e-30      0.00 7.390e-01 2.594e-01 2.699e-04 8.883e-05 7.035e-04 -1.000 1.566e-03 0.342 1.149 1.128 0.501 0.091 -0.294 -0.805 -1.219 -1.275
0.0015467 -1.00000 10.11394 0.8162106872 2.4242646694    0.736  1.775  3.7339  2.417    4  0.000  0.513     0.00     0.00 -1    -1e-30      0.00 7.390e-01 2.594e-01 2.699e-04 8.883e-05 7.035e-04 -1.000 1.566e-03 0.331 1.148 1.123 0.492 0.081 -0.306 -0.819 -1.236 -1.292
0.0015467 -1.00000 10.11394 0.8162586093 2.4242806435    0.736  1.792  3.7312  2.389    4  0.000  0.513     0.00     0.00 -1    -1e-30      0.00 7.390e-01 2.594e-01 2.699e-04 8.883e-05 7.035e-04 -1.000 1.566e-03 0.289 1.133 1.098 0.456 0.039 -0.352 -0.873 -1.296 -1.354
0.0015467 -1.00000 10.11394 0.8163043261 2.4242959023    0.736  1.818  3.7274  2.348    4  0.000  0.513     0.00     0.00 -1    -1e-30      0.00 7.390e-01 2.594e-01 2.699e-04 8.883e-05 7.035e-04 -1.000 1.566e-03 0.224 1.111 1.059 0.400 -0.024 -0.422 -0.954 -1.386 -1.445
0.0015467 -1.00000 10.11394 0.8163383603 2.4243071079    0.736  1.854  3.7225  2.292    4  0.000  0.513     0.00     0.00 -1    -1e-30      0.00 7.390e-01 2.594e-01 2.699e-04 8.883e-05 7.035e-04 -1.000 1.566e-03 0.134 1.078 1.003 0.323 -0.112 -0.518 -1.064 -1.509 -1.570
0.0015467 -1.00000 10.11394 0.8163549304 2.4243128300    0.736  1.892  3.7174  2.234    4  0.000  0.513     0.00     0.00 -1    -1e-30      0.00 7.390e-01 2.594e-01 2.699e-04 8.883e-05 7.035e-04 -1.000 1.566e-03 0.040 1.046 0.945 0.242 -0.204 -0.619 -1.179 -1.637 -1.700
0.0015467 -1.00000 10.11394 0.8163620830 2.4243152142    0.736  1.928  3.7128  2.180    4  0.000  0.513     0.00     0.00 -1    -1e-30      0.00 7.390e-01 2.594e-01 2.699e-04 8.883e-05 7.035e-04 -1.000 1.566e-03 -0.050 1.015 0.889 0.166 -0.290 -0.713 -1.288 -1.758 -1.822
0.0015467 -1.00000 10.11394 0.8163655996 2.4243161678    0.736  1.966  3.7082  2.124    4  0.000  0.513     0.00     0.00 -1    -1e-30      0.00 7.390e-01 2.594e-01 2.699e-04 8.883e-05 7.035e-04 -1.000 1.566e-03 -0.144 0.983 0.831 0.087 -0.379 -0.811 -1.400 -1.882 -1.948
0.0015467 -1.00000 10.11394 0.8163673878 2.4243168831    0.736  2.000  3.7042  2.073    4  0.000  0.513     0.00     0.00 -1    -1e-30      0.00 7.390e-01 2.594e-01 2.699e-04 8.883e-05 7.035e-04 -1.000 1.566e-03 -0.231 0.953 0.777 0.013 -0.462 -0.901 -1.502 -1.996 -2.062
0.0015467 -1.00000 10.11394 0.8163684607 2.4243171215    0.736  2.034  3.7005  2.025    4  0.000  0.513     0.00     0.00 -1    -1e-30      0.00 7.390e-01 2.594e-01 2.699e-04 8.883e-05 7.035e-04 -1.000 1.566e-03 -0.315 0.921 0.722 -0.059 -0.542 -0.988 -1.601 -2.104 -2.172
0.0015467 -1.00000 10.11394 0.8163687587 2.4243173599    0.736  2.045  3.6993  2.009    7  0.000  0.513     0.00     0.00 -1 -1.07e-09      0.00 7.390e-01 2.578e-01 2.699e-04 8.883e-05 7.035e-04 -1.000 3.229e-03 -0.343 0.911 0.705 -0.082 -0.568 -1.016 -1.633 -2.140 -2.208
0.0015467 -1.00000 10.11394 0.8163696527 2.4243175983    0.736  2.086  3.6953  1.952    7  0.000  0.513     0.00     0.00 -1 -1.37e-09      0.00 7.390e-01 2.578e-01 2.699e-04 8.883e-05 7.035e-04 -1.000 3.229e-03 -0.445 0.877 0.639 -0.169 -0.665 -1.121 -1.751 -2.270 -2.339
0.0015467 -1.00000 10.11394 0.8163704872 2.4243178368    0.736  2.123  3.6916  1.900    7  0.000  0.513     0.00     0.00 -1 -1.68e-09      0.00 7.390e-01 2.578e-01 2.699e-04 8.883e-05 7.035e-04 -1.000 3.229e-03 -0.538 0.846 0.580 -0.247 -0.752 -1.215 -1.857 -2.387 -2.457
0.0015467 -1.00000 10.11394 0.8163712621 2.4243180752    0.736  2.153  3.6888  1.859    7  0.000  0.513     0.00     0.00 -1    -2e-09      0.00 7.390e-01 2.578e-01 2.699e-04 8.883e-05 7.035e-04 -1.000 3.229e-03 -0.611 0.823 0.532 -0.309 -0.822 -1.290 -1.942 -2.480 -2.551
0.0015467 -1.00000 10.11394 0.8163720965 2.4243185520    0.736  2.165  3.6877  1.843    7  0.000  0.513     0.00     0.00 -1 -2.15e-09      0.00 7.390e-01 2.578e-01 2.699e-04 8.883e-05 7.035e-04 -1.000 3.229e-03 -0.642 0.814 0.513 -0.335 -0.850 -1.321 -1.977 -2.519 -2.590
0.0015467 -1.00000 10.11394 0.8163733482 2.4243187904    0.735  2.162  3.6881  1.846    7  0.000  0.513     0.00     0.00 -1 -2.12e-09      0.00 7.390e-01 2.578e-01 2.699e-04 8.883e-05 7.035e-04 -1.000 3.229e-03 -0.636 0.813 0.515 -0.330 -0.845 -1.315 -1.970 -2.510 -2.582
0.0015467 -1.00000 10.11394 0.8163756728 2.4243197441    0.735  2.143  3.6899  1.874    7  0.000  0.513     0.00     0.00 -1 -1.89e-09      0.00 7.390e-01 2.578e-01 2.699e-04 8.883e-05 7.035e-04 -1.000 3.229e-03 -0.587 0.827 0.546 -0.289 -0.799 -1.265 -1.913 -2.447 -2.518
0.0015467 -1.00000 10.11394 0.8163794279 2.4243209362    0.735  2.134  3.6907  1.885    7  0.000  0.513     0.00     0.00 -1  -1.8e-09      0.00 7.390e-01 2.578e-01 2.699e-04 8.883e-05 7.035e-04 -1.000 3.229e-03 -0.566 0.835 0.560 -0.272 -0.779 -1.244 -1.889 -2.421 -2.492
0.0015467 -1.00000 10.11394 0.8164024949 2.4243285656    0.733  2.140  3.6900  1.875    7  0.000  0.513     0.00     0.00 -1 -1.88e-09      0.00 7.390e-01 2.578e-01 2.699e-04 8.883e-05 7.035e-04 -1.000 3.229e-03 -0.581 0.832 0.551 -0.284 -0.794 -1.260 -1.908 -2.441 -2.512
0.0015467 -1.00000 10.11394 0.8164191842 2.4243340492    0.731  2.172  3.6870  1.830    7  0.000  0.513     0.00     0.00 -1 -2.27e-09      0.00 7.390e-01 2.578e-01 2.699e-04 8.883e-05 7.035e-04 -1.000 3.229e-03 -0.659 0.811 0.503 -0.348 -0.866 -1.338 -1.997 -2.541 -2.613
0.0015467 -1.00000 10.11394 0.8164368868 2.4243400097    0.729  2.220  3.6823  1.762    7  0.000  0.513     0.00     0.00 -1 -3.01e-09      0.00 7.390e-01 2.578e-01 2.699e-04 8.883e-05 7.035e-04 -1.000 3.229e-03 -0.779 0.811 0.441 -0.454 -0.984 -1.462 -2.137 -2.693 -2.764
0.0015467 -1.00000 10.11394 0.8164539933 2.4243457317    0.726  2.271  3.6775  1.690    7  0.000  0.513     0.00     0.00 -1 -4.07e-09      0.00 7.390e-01 2.578e-01 2.699e-04 8.883e-05 7.035e-04 -1.000 3.229e-03 -0.908 0.806 0.374 -0.564 -1.109 -1.595 -2.285 -2.853 -2.924
0.0015467 -1.00000 10.11394 0.8164690733 2.4243507385    0.722  2.316  3.6734  1.626    7  0.000  0.513     0.00     0.00 -1 -5.31e-09      0.00 7.390e-01 2.578e-01 2.699e-04 8.883e-05 7.035e-04 -1.000 3.229e-03 -1.019 0.803 0.317 -0.659 -1.216 -1.708 -2.412 -2.990 -3.062
0.0015467 -1.00000 10.11394 0.8164824247 2.4243552685    0.718  2.358  3.6695  1.566    7  0.000  0.513     0.00     0.00 -1 -6.86e-09      0.00 7.390e-01 2.578e-01 2.699e-04 8.883e-05 7.035e-04 -1.000 3.212e-03 -1.126 0.804 0.265 -0.748 -1.318 -1.816 -2.534 -3.121 -3.194
0.0015467 -1.00000 10.11394 0.8164940476 2.4243590832    0.713  2.400  3.6658  1.506    7  0.000  0.513     0.00     0.00 -1  -8.8e-09      0.00 7.390e-01 2.579e-01 2.698e-04 8.884e-05 7.035e-04 -1.000 3.156e-03 -1.230 0.812 0.216 -0.833 -1.414 -1.920 -2.651 -3.248 -3.321
0.0015467 -1.00000 10.11394 0.8165042996 2.4243626595    0.708  2.440  3.6622  1.448    7  0.000  0.512     0.00     0.00 -1 -1.13e-08      0.00 7.390e-01 2.579e-01 2.698e-04 8.884e-05 7.035e-04 -1.000 3.129e-03 -1.331 0.808 0.165 -0.912 -1.505 -2.019 -2.764 -3.372 -3.448
0.0015467 -1.00000 10.11394 0.8165134788 2.4243655205    0.702  2.481  3.6585  1.390    7  0.000  0.512     0.00     0.00 -1 -1.44e-08      0.00 7.390e-01 2.579e-01 2.695e-04 8.893e-05 7.035e-04 -1.000 3.125e-03 -1.432 0.833 0.126 -0.991 -1.598 -2.118 -2.878 -3.494 -3.572
0.0015467 -1.00000 10.11394 0.8165218234 2.4243683815    0.695  2.521  3.6550  1.331    7  0.000  0.510     0.00     0.00 -1 -1.84e-08      0.00 7.390e-01 2.579e-01 2.686e-04 8.942e-05 7.035e-04 -1.000 3.074e-03 -1.532 0.846 0.082 -1.067 -1.686 -2.215 -2.989 -3.617 -3.697
0.0015467 -1.00000 10.11394 0.8165293932 2.4243710041    0.687  2.561  3.6502  1.267    7  0.000  0.506     0.00     0.00 -1 -2.37e-08      0.00 7.390e-01 2.580e-01 2.665e-04 9.122e-05 7.035e-04 -1.000 3.029e-03 -1.633 0.885 0.052 -1.133 -1.768 -2.309 -3.104 -3.747 -3.830
0.0015467 -1.00000 10.11394 0.8165347576 2.4243726730    0.680  2.592  3.6446  1.209    7  0.000  0.501     0.00     0.00 -1  -2.9e-08      0.00 7.390e-01 2.580e-01 2.640e-04 9.380e-05 7.035e-04 -1.000 3.024e-03 -1.709 0.967 0.057 -1.166 -1.820 -2.375 -3.194 -3.856 -3.943
0.0015467 -1.00000 10.11394 0.8165414333 2.4243750572    0.668  2.632  3.6384  1.137    7  0.000  0.493     0.00     0.00 -1 -3.78e-08      0.00 7.390e-01 2.580e-01 2.599e-04 9.868e-05 7.035e-04 -1.000 2.981e-03 -1.809 1.053 0.052 -1.216 -1.893 -2.464 -3.310 -3.993 -4.085
0.0015467 -1.00000 10.11394 0.8165477514 2.4243769646    0.654  2.671  3.6349  1.074    7  0.000  0.485     0.00     0.00 -1 -4.94e-08      0.00 7.390e-01 2.581e-01 2.558e-04 1.036e-04 7.035e-04 -1.000 2.949e-03 -1.908 1.078 0.014 -1.284 -1.975 -2.556 -3.418 -4.113 -4.208
0.0015467 -1.00000 10.11394 0.8165537715 2.4243791103    0.636  2.711  3.6318  1.010    7  0.000  0.478     0.00     0.00 -1  -6.6e-08      0.00 7.389e-01 2.581e-01 2.522e-04 1.080e-04 7.035e-04 -1.000 2.971e-03 -2.007 1.096 -0.029 -1.355 -2.058 -2.649 -3.525 -4.230 -4.327
0.0015467 -1.00000 10.11394 0.8165597916 2.4243810177    0.612  2.751  3.6293  0.943    7  0.000  0.472     0.00     0.00 -1 -9.08e-08      0.00 7.389e-01 2.582e-01 2.490e-04 1.120e-04 7.035e-04 -1.000 2.931e-03 -2.108 1.115 -0.073 -1.429 -2.146 -2.745 -3.634 -4.346 -4.446
0.0015467 -1.00000 10.11394 0.8165652156 2.4243829250    0.581  2.791  3.6291  0.879    7  0.000  0.466     0.00     0.00 -1 -1.29e-07      0.00 7.389e-01 2.582e-01 2.462e-04 1.154e-04 7.035e-04 -1.000 2.910e-03 -2.208 1.077 -0.148 -1.521 -2.245 -2.846 -3.737 -4.448 -4.549
0.0015467 -1.00000 10.11394 0.8165701628 2.4243845940    0.542  2.832  3.6359  0.836    7  0.000  0.461     0.00     0.00 -1 -1.91e-07      0.00 7.388e-01 2.583e-01 2.437e-04 1.184e-04 7.034e-04 -1.000 2.899e-03 -2.309 0.840 -0.328 -1.677 -2.382 -2.967 -3.828 -4.512 -4.607
0.0015467 -1.00000 10.11394 0.8165724277 2.4243853092    0.508  2.852  3.6502  0.845    7  0.000  0.458     0.00     0.00 -1 -2.32e-07      0.00 7.388e-01 2.583e-01 2.421e-04 1.205e-04 7.034e-04 -1.000 2.896e-03 -2.361 0.435 -0.572 -1.841 -2.502 -3.052 -3.850 -4.482 -4.566
0.0015467 -1.00000 10.11394 1.0965409279 2.4910964966    0.544 -4.603  3.5566  7.955    9  0.545  0.000     0.00     0.00 -1    -1e-30      0.00 7.252e-01 2.732e-01 2.244e-04 1.654e-04 7.173e-04 -1.000 1.584e-03 16.277 20.791 19.293 17.677 16.569 15.551 14.531 14.000 13.830
#isochrone terminated
