# File generated by CMD 3.3 (http://stev.oapd.inaf.it/cmd) on Wed May 20 08:44:37 CEST 2020
# isochrones based on PARSEC release v1.2S +  COLIBRI S_35
# Basic references: Bressan et al. (2012), MNRAS, 427, 127 + Chen et al. (2014, 2015), MNRAS, 444, 2525 + MNRAS, 452, 1068 + Tang et al. (2014), MNRAS, 445, 4287 + Marigo et al. (2017), ApJ, 835, 77 + Pastorelli al. (2019), MNRAS in press
# Thermal pulse cycles included 
# On RGB, assumed Reimers mass loss with efficiency eta=0.2
# Photometric system: <i>UBVRIJHK</i> (cf. Maiz-Apellaniz 2006 + Bessell 1990)
# Using YBC version of bolometric corrections as in Chen et al. (2019)
# O-rich circumstellar dpmod60alox40 dust from Groenewegen (2006)
# C-rich circumstellar AMCSIC15 dust from Groenewegen (2006)
# IMF: Kroupa (2001, 2002) + Kroupa et al. (2013) canonical two-part-power law IMF corrected for unresolved binaries 
# Kind of output: isochrone tables
# Zini     MH   logAge Mini        int_IMF         Mass   logL    logTe  logg  label   McoreTP C_O  period0 period1 pmode  Mloss  tau1m   X   Y   Xc  Xn  Xo  Cexcess  Z 	 mbolmag  Umag    Bmag    Vmag    Rmag    Imag    Jmag    Hmag    Kmag
0.0015467 -1.00000 10.14613 0.0900000036 1.0816895962    0.090 -3.238  3.4440  5.358    1  0.000  0.545     0.00     0.00 -1 -1.15e-18      0.00 7.445e-01 2.538e-01 2.929e-04 7.903e-05 7.168e-04 -1.000 1.629e-03 12.864 21.269 18.520 16.519 14.480 12.448 10.799 10.427 10.262
0.0015467 -1.00000 10.14613 0.0966928005 1.1428709030    0.097 -3.075  3.4670  5.319    1  0.000  0.545     0.00     0.00 -1 -1.61e-17      0.00 7.436e-01 2.548e-01 2.929e-04 7.903e-05 7.168e-04 -1.000 1.629e-03 12.458 19.785 17.387 15.448 13.728 11.946 10.466 10.024 9.846
0.0015467 -1.00000 10.14613 0.1000000015 1.1711064577    0.100 -2.999  3.4778  5.300    1  0.000  0.545     0.00     0.00 -1 -3.66e-17      0.00 7.432e-01 2.552e-01 2.929e-04 7.903e-05 7.168e-04 -1.000 1.629e-03 12.268 19.127 16.880 14.970 13.381 11.719 10.310 9.840 9.657
0.0015467 -1.00000 10.14613 0.1200000048 1.3193155527    0.120 -2.718  3.5111  5.231    1  0.000  0.545     0.00     0.00 -1 -1.69e-16      0.00 7.408e-01 2.576e-01 2.929e-04 7.903e-05 7.168e-04 -1.000 1.629e-03 11.564 17.084 15.300 13.518 12.239 10.935 9.714 9.182 8.980
0.0015467 -1.00000 10.14613 0.1400000006 1.4384527206    0.140 -2.532  3.5289  5.184    1  0.000  0.545     0.00     0.00 -1 -2.53e-16      0.00 7.389e-01 2.594e-01 2.929e-04 7.903e-05 7.168e-04 -1.000 1.629e-03 11.101 16.016 14.441 12.755 11.585 10.444 9.305 8.754 8.547
0.0015467 -1.00000 10.14613 0.1599999964 1.5372931957    0.160 -2.390  3.5401  5.144    1  0.000  0.545     0.00     0.00 -1 -1.25e-17      0.00 7.375e-01 2.609e-01 2.929e-04 7.904e-05 7.168e-04 -1.000 1.629e-03 10.745 15.323 13.861 12.243 11.127 10.074 8.983 8.423 8.213
0.0015467 -1.00000 10.14613 0.2000000179 1.6938792467    0.200 -2.167  3.5547  5.077    1  0.000  0.545     0.00     0.00 -1 -1.02e-16      0.00 7.360e-01 2.624e-01 2.929e-04 7.904e-05 7.168e-04 -1.000 1.629e-03 10.188 14.370 13.039 11.509 10.454 9.505 8.470 7.900 7.689
0.0015467 -1.00000 10.14613 0.2500000298 1.8403259516    0.250 -1.962  3.5662  5.015    1  0.000  0.545     0.00     0.00 -1 -3.03e-20      0.00 7.357e-01 2.626e-01 2.929e-04 7.904e-05 7.168e-04 -1.000 1.629e-03 9.675 13.572 12.335 10.872 9.861 8.986 7.993 7.415 7.203
0.0015467 -1.00000 10.14613 0.3000000417 1.9529141188    0.300 -1.804  3.5750  4.971    1  0.000  0.545     0.00     0.00 -1 -4.66e-22      0.00 7.359e-01 2.625e-01 2.929e-04 7.904e-05 7.168e-04 -1.000 1.629e-03 9.281 12.983 11.808 10.394 9.414 8.587 7.624 7.042 6.830
0.0015467 -1.00000 10.14613 0.3500000238 2.0434176922    0.350 -1.673  3.5824  4.937    1  0.000  0.545     0.00     0.00 -1 -5.27e-18      0.00 7.464e-01 2.520e-01 2.929e-04 7.903e-05 7.168e-04 -1.000 1.629e-03 8.952 12.500 11.376 10.000 9.047 8.256 7.317 6.730 6.522
0.0015467 -1.00000 10.14613 0.4000000358 2.1185026169    0.400 -1.519  3.5938  4.886    1  0.000  0.545     0.00     0.00 -1 -8.96e-16      0.00 7.470e-01 2.514e-01 2.929e-04 7.903e-05 7.168e-04 -1.000 1.629e-03 8.567 11.884 10.835 9.521 8.610 7.867 6.964 6.371 6.170
0.0015467 -1.00000 10.14613 0.4499999881 2.1822810173    0.450 -1.339  3.6111  4.826    1  0.000  0.545     0.00     0.00 -1 -1.76e-15      0.00 7.470e-01 2.514e-01 2.929e-04 7.903e-05 7.168e-04 -1.000 1.629e-03 8.117 11.111 10.161 8.942 8.094 7.411 6.557 5.954 5.776
0.0015467 -1.00000 10.14613 0.5000000000 2.2374541759    0.500 -1.132  3.6390  4.777    1  0.000  0.545     0.00     0.00 -1 -2.72e-16      0.00 7.470e-01 2.514e-01 2.929e-04 7.903e-05 7.168e-04 -1.000 1.629e-03 7.601 10.114 9.307 8.235 7.490 6.895 6.113 5.502 5.367
0.0015467 -1.00000 10.14613 0.5500000715 2.2836585045    0.550 -0.899  3.6729  4.720    1  0.000  0.544     0.00     0.00 -1 -6.41e-15      0.00 7.865e-01 2.121e-01 2.507e-04 6.770e-05 6.143e-04 -1.000 1.385e-03 7.017 8.880 8.327 7.431 6.816 6.315 5.629 5.071 4.972
0.0015467 -1.00000 10.14613 0.6000000238 2.3211214542    0.600 -0.682  3.7046  4.669    1  0.000  0.544     0.00     0.00 -1 -3.35e-15      0.00 7.953e-01 2.033e-01 2.421e-04 6.540e-05 5.938e-04 -1.000 1.381e-03 6.475 7.762 7.503 6.730 6.221 5.782 5.201 4.731 4.651
0.0015467 -1.00000 10.14613 0.6132177114 2.3298583031    0.613 -0.623  3.7136  4.655    1  0.000  0.543     0.00     0.00 -1 -1.14e-18      0.00 7.979e-01 2.008e-01 2.395e-04 6.471e-05 5.875e-04 -1.000 1.337e-03 6.327 7.476 7.290 6.549 6.065 5.641 5.087 4.641 4.565
0.0015467 -1.00000 10.14613 0.6267000437 2.3383350372    0.626 -0.562  3.7225  4.639    1  0.000  0.543     0.00     0.00 -1 -9.53e-22      0.00 8.006e-01 1.981e-01 2.367e-04 6.398e-05 5.811e-04 -1.000 1.303e-03 6.175 7.196 7.078 6.369 5.907 5.499 4.971 4.547 4.475
0.0015467 -1.00000 10.14613 0.6402417421 2.3464372158    0.640 -0.501  3.7314  4.623    1  0.000  0.543     0.00     0.00 -1 -2.06e-17      0.00 8.033e-01 1.954e-01 2.339e-04 6.323e-05 5.744e-04 -1.000 1.283e-03 6.022 6.927 6.870 6.192 5.751 5.356 4.854 4.450 4.383
0.0015467 -1.00000 10.14613 0.6499999762 2.3520355225    0.650 -0.456  3.7377  4.610    1  0.000  0.543     0.00     0.00 -1  -1.4e-14      0.00 8.054e-01 1.933e-01 2.318e-04 6.268e-05 5.694e-04 -1.000 1.302e-03 5.910 6.741 6.723 6.066 5.638 5.253 4.768 4.378 4.314
0.0015467 -1.00000 10.14613 0.6559220552 2.3553397655    0.656 -0.429  3.7411  4.600    1  0.000  0.543     0.00     0.00 -1 -9.15e-15      0.00 8.069e-01 1.918e-01 2.303e-04 6.228e-05 5.659e-04 -1.000 1.299e-03 5.842 6.633 6.636 5.991 5.570 5.189 4.714 4.332 4.269
0.0015467 -1.00000 10.14613 0.6676091552 2.3616631031    0.667 -0.374  3.7478  4.579    1  0.000  0.542     0.00     0.00 -1    -8e-21      0.00 8.100e-01 1.888e-01 2.273e-04 6.149e-05 5.588e-04 -1.000 1.229e-03 5.704 6.423 6.463 5.840 5.434 5.065 4.606 4.236 4.178
0.0015467 -1.00000 10.14613 0.6780134439 2.3670821190    0.678 -0.323  3.7536  4.559    1  0.000  0.542     0.00     0.00 -1 -2.98e-21      0.00 8.128e-01 1.859e-01 2.246e-04 6.076e-05 5.522e-04 -1.000 1.265e-03 5.579 6.237 6.307 5.705 5.311 4.952 4.507 4.148 4.094
0.0015467 -1.00000 10.14613 0.6883394122 2.3722746372    0.688 -0.272  3.7592  4.537    1  0.000  0.542     0.00     0.00 -1 -7.79e-18      0.00 8.158e-01 1.830e-01 2.218e-04 6.000e-05 5.454e-04 -1.000 1.218e-03 5.451 6.054 6.150 5.568 5.187 4.836 4.405 4.055 4.005
0.0015467 -1.00000 10.14613 0.6976609230 2.3768103123    0.697 -0.224  3.7640  4.514    1  0.000  0.542     0.00     0.00 -1 -8.84e-15      0.00 8.185e-01 1.803e-01 2.191e-04 5.931e-05 5.392e-04 -1.000 1.203e-03 5.331 5.891 6.007 5.443 5.072 4.729 4.309 3.966 3.920
0.0015467 -1.00000 10.14613 0.6999999881 2.3779268265    0.700 -0.212  3.7652  4.508    1  0.000  0.542     0.00     0.00 -1  -4.5e-15      0.00 8.192e-01 1.796e-01 2.184e-04 5.913e-05 5.376e-04 -1.000 1.203e-03 5.300 5.850 5.970 5.411 5.042 4.700 4.283 3.943 3.897
0.0015467 -1.00000 10.14613 0.7087958455 2.3820490837    0.708 -0.164  3.7695  4.482    1  0.000  0.540     0.00     0.00 -1 -3.02e-19      0.00 8.224e-01 1.764e-01 2.148e-04 5.830e-05 5.303e-04 -1.000 1.204e-03 5.180 5.694 5.830 5.287 4.926 4.592 4.185 3.852 3.809
0.0015467 -1.00000 10.14613 0.7187095284 2.3865566254    0.718 -0.107  3.7742  4.450    1  0.000  0.538     0.00     0.00 -1 -2.09e-20      0.00 8.262e-01 1.726e-01 2.107e-04 5.732e-05 5.218e-04 -1.000 1.203e-03 5.038 5.516 5.666 5.140 4.790 4.463 4.066 3.741 3.701
0.0015467 -1.00000 10.14613 0.7278337479 2.3905806541    0.727 -0.052  3.7782  4.416    1  0.000  0.537     0.00     0.00 -1 -3.85e-21      0.00 8.299e-01 1.689e-01 2.067e-04 5.639e-05 5.135e-04 -1.000 1.188e-03 4.899 5.346 5.507 4.998 4.655 4.335 3.947 3.629 3.592
0.0015467 -1.00000 10.14613 0.7357456088 2.3939771652    0.735 -0.000  3.7815  4.383    1  0.000  0.535     0.00     0.00 -1 -1.89e-18      0.00 8.332e-01 1.657e-01 2.032e-04 5.555e-05 5.062e-04 -1.000 1.170e-03 4.771 5.195 5.363 4.866 4.530 4.215 3.835 3.522 3.487
0.0015467 -1.00000 10.14613 0.7433923483 2.3971810341    0.743  0.052  3.7843  4.346    1  0.000  0.534     0.00     0.00 -1 -7.36e-16      0.00 8.364e-01 1.625e-01 1.998e-04 5.474e-05 4.990e-04 -1.000 1.132e-03 4.640 5.050 5.220 4.733 4.403 4.093 3.718 3.410 3.378
0.0015467 -1.00000 10.14613 0.7500000000 2.3998889923    0.749  0.099  3.7864  4.311    1  0.000  0.533     0.00     0.00 -1 -1.27e-13      0.00 8.392e-01 1.597e-01 1.969e-04 5.403e-05 4.928e-04 -1.000 1.113e-03 4.522 4.920 5.091 4.613 4.287 3.980 3.610 3.306 3.274
0.0015467 -1.00000 10.14613 0.7514311075 2.4004683495    0.751  0.110  3.7868  4.303    1  0.000  0.532     0.00     0.00 -1 -1.31e-13      0.00 8.399e-01 1.590e-01 1.962e-04 5.385e-05 4.911e-04 -1.000 1.107e-03 4.496 4.893 5.064 4.587 4.261 3.955 3.586 3.282 3.251
0.0015467 -1.00000 10.14613 0.7596315742 2.4037394524    0.759  0.174  3.7884  4.250    1  0.000  0.532     0.00     0.00 -1  -1.6e-13      0.00 8.416e-01 1.572e-01 1.944e-04 5.337e-05 4.869e-04 -1.000 1.109e-03 4.336 4.725 4.895 4.425 4.103 3.800 3.434 3.133 3.103
0.0015467 -1.00000 10.14613 0.7614753842 2.4044637680    0.761  0.189  3.7886  4.236    1  0.000  0.532     0.00     0.00 -1 -9.28e-22      0.00 8.418e-01 1.570e-01 1.942e-04 5.332e-05 4.864e-04 -1.000 1.112e-03 4.297 4.685 4.855 4.386 4.065 3.762 3.397 3.097 3.067
0.0015467 -1.00000 10.14613 0.7645303011 2.4056551456    0.764  0.216  3.7886  4.211    1  0.000  0.532     0.00     0.00 -1  -4.6e-21      0.00 8.421e-01 1.567e-01 1.940e-04 5.325e-05 4.858e-04 -1.000 1.114e-03 4.229 4.618 4.785 4.317 3.997 3.694 3.329 3.028 2.999
0.0015467 -1.00000 10.14613 0.7706516385 2.4080095291    0.770  0.275  3.7874  4.151    1  0.000  0.532     0.00     0.00 -1 -1.25e-20      0.00 8.425e-01 1.564e-01 1.938e-04 5.321e-05 4.855e-04 -1.000 1.104e-03 4.082 4.478 4.641 4.170 3.848 3.544 3.176 2.874 2.843
0.0015467 -1.00000 10.14613 0.7755596638 2.4098665714    0.774  0.327  3.7850  4.092    1  0.000  0.532     0.00     0.00 -1 -1.19e-21      0.00 8.418e-01 1.570e-01 1.950e-04 5.357e-05 4.888e-04 -1.000 1.140e-03 3.952 4.361 4.518 4.042 3.716 3.409 3.035 2.728 2.697
0.0015467 -1.00000 10.14613 0.7771514058 2.4104628563    0.776  0.347  3.7832  4.065    2  0.000  0.532     0.00     0.00 -1 -4.44e-21      0.00 8.400e-01 1.589e-01 1.977e-04 5.431e-05 4.956e-04 -1.000 1.142e-03 3.902 4.322 4.476 3.994 3.664 3.354 2.976 2.666 2.633
0.0015467 -1.00000 10.14613 0.7802894115 2.4116306305    0.779  0.389  3.7781  4.005    2  0.000  0.532     0.00     0.00 -1 -6.03e-20      0.00 8.331e-01 1.657e-01 2.069e-04 5.681e-05 5.183e-04 -1.000 1.170e-03 3.798 4.247 4.392 3.894 3.556 3.238 2.848 2.529 2.493
0.0015467 -1.00000 10.14613 0.7825633883 2.4124701023    0.781  0.422  3.7723  3.950    2  0.000  0.532     0.00     0.00 -1 -4.07e-19      0.00 8.212e-01 1.776e-01 2.203e-04 6.046e-05 5.515e-04 -1.000 1.237e-03 3.715 4.204 4.334 3.817 3.468 3.141 2.737 2.407 2.368
0.0015467 -1.00000 10.14613 0.7845731974 2.4132072926    0.783  0.455  3.7641  3.885    2  0.000  0.533     0.00     0.00 -1 -2.25e-18      0.00 8.024e-01 1.963e-01 2.385e-04 6.540e-05 5.959e-04 -1.000 1.334e-03 3.632 4.181 4.290 3.744 3.380 3.040 2.616 2.270 2.227
0.0015467 -1.00000 10.14613 0.7858890891 2.4136874676    0.785  0.480  3.7563  3.830    2  0.000  0.535     0.00     0.00 -1 -7.04e-18      0.00 7.889e-01 2.097e-01 2.506e-04 6.863e-05 6.248e-04 -1.000 1.403e-03 3.570 4.179 4.265 3.693 3.314 2.961 2.518 2.158 2.110
0.0015467 -1.00000 10.14613 0.7870438099 2.4141075611    0.786  0.509  3.7482  3.769    2  0.000  0.536     0.00     0.00 -1 -1.96e-17      0.00 7.789e-01 2.197e-01 2.593e-04 7.095e-05 6.455e-04 -1.000 1.450e-03 3.497 4.172 4.234 3.634 3.240 2.874 2.411 2.035 1.981
0.0015467 -1.00000 10.14613 0.7880443931 2.4144704342    0.787  0.545  3.7409  3.704    2  0.000  0.536     0.00     0.00 -1 -4.94e-17      0.00 7.722e-01 2.264e-01 2.651e-04 7.250e-05 6.593e-04 -1.000 1.466e-03 3.406 4.142 4.180 3.557 3.149 2.771 2.289 1.898 1.840
0.0015467 -1.00000 10.14613 0.7888134122 2.4147484303    0.787  0.584  3.7360  3.646    2  0.000  0.536     0.00     0.00 -1 -1.03e-16      0.00 7.680e-01 2.305e-01 2.686e-04 7.344e-05 6.677e-04 -1.000 1.495e-03 3.311 4.094 4.112 3.473 3.055 2.669 2.173 1.770 1.710
0.0015467 -1.00000 10.14613 0.7893316150 2.4149355888    0.788  0.614  3.7331  3.605    2  0.000  0.536     0.00     0.00 -1 -1.73e-16      0.00 7.655e-01 2.329e-01 2.706e-04 7.397e-05 6.725e-04 -1.000 1.545e-03 3.235 4.047 4.053 3.404 2.980 2.590 2.085 1.675 1.614
0.0015467 -1.00000 10.14613 0.7894476056 2.4149773121    0.788  0.622  3.7325  3.595    2  0.000  0.537     0.00     0.00 -1 -1.95e-16      0.00 7.650e-01 2.334e-01 2.710e-04 7.407e-05 6.733e-04 -1.000 1.549e-03 3.215 4.032 4.036 3.385 2.961 2.570 2.063 1.652 1.590
0.0015467 -1.00000 10.14613 0.7900578380 2.4151971340    0.789  0.666  3.7299  3.540    3  0.000  0.537     0.00     0.00 -1 -3.63e-16      0.00 7.624e-01 2.360e-01 2.728e-04 7.455e-05 6.776e-04 -1.000 1.565e-03 3.104 3.945 3.940 3.280 2.851 2.457 1.942 1.524 1.461
0.0015467 -1.00000 10.14613 0.7905719280 2.4153821468    0.789  0.707  3.7280  3.492    3  0.000  0.537     0.00     0.00 -1 -6.23e-16      0.00 7.603e-01 2.381e-01 2.741e-04 7.490e-05 6.807e-04 -1.000 1.529e-03 3.002 3.862 3.849 3.183 2.751 2.353 1.832 1.409 1.346
0.0015467 -1.00000 10.14613 0.7911424637 2.4155869484    0.790  0.756  3.7261  3.436    3  0.000  0.537     0.00     0.00 -1 -1.15e-15      0.00 7.581e-01 2.404e-01 2.753e-04 7.524e-05 6.837e-04 -1.000 1.560e-03 2.879 3.759 3.737 3.065 2.630 2.229 1.702 1.273 1.209
0.0015467 -1.00000 10.14613 0.7916697264 2.4157760143    0.790  0.805  3.7244  3.380    3  0.000  0.537     0.00     0.00 -1 -2.05e-15      0.00 7.560e-01 2.424e-01 2.762e-04 7.552e-05 6.861e-04 -1.000 1.529e-03 2.757 3.654 3.624 2.946 2.508 2.104 1.572 1.139 1.075
0.0015467 -1.00000 10.14613 0.7921987176 2.4159653187    0.790  0.859  3.7228  3.320    3  0.000  0.536     0.00     0.00 -1 -3.72e-15      0.00 7.539e-01 2.446e-01 2.768e-04 7.578e-05 6.882e-04 -1.000 1.561e-03 2.622 3.536 3.499 2.816 2.375 1.969 1.431 0.994 0.929
0.0015467 -1.00000 10.14613 0.7926672101 2.4161329269    0.791  0.911  3.7213  3.262    3  0.000  0.536     0.00     0.00 -1 -6.42e-15      0.00 7.520e-01 2.465e-01 2.770e-04 7.608e-05 6.897e-04 -1.000 1.531e-03 2.492 3.421 3.377 2.689 2.246 1.837 1.295 0.853 0.788
0.0015467 -1.00000 10.14613 0.7930647135 2.4162747860    0.791  0.959  3.7199  3.209    3  0.000  0.534     0.00     0.00 -1 -1.03e-14      0.00 7.504e-01 2.481e-01 2.768e-04 7.644e-05 6.909e-04 -1.000 1.566e-03 2.372 3.315 3.265 2.572 2.127 1.716 1.170 0.724 0.658
0.0015467 -1.00000 10.14613 0.7933758497 2.4163856506    0.791  1.000  3.7187  3.163    3  0.000  0.533     0.00     0.00 -1 -1.52e-14      0.00 7.492e-01 2.493e-01 2.763e-04 7.688e-05 6.917e-04 -1.000 1.534e-03 2.270 3.226 3.171 2.474 2.027 1.614 1.063 0.614 0.548
0.0015467 -1.00000 10.14613 0.7937203050 2.4165084362    0.792  1.049  3.7173  3.109    3  0.000  0.531     0.00     0.00 -1 -2.36e-14      0.00 7.479e-01 2.505e-01 2.755e-04 7.762e-05 6.925e-04 -1.000 1.564e-03 2.148 3.121 3.058 2.357 1.907 1.491 0.936 0.482 0.416
0.0015467 -1.00000 10.14613 0.7940495610 2.4166254997    0.792  1.100  3.7157  3.052    3  0.000  0.528     0.00     0.00 -1 -3.65e-14      0.00 7.467e-01 2.517e-01 2.744e-04 7.866e-05 6.932e-04 -1.000 1.575e-03 2.021 3.011 2.941 2.234 1.781 1.363 0.802 0.343 0.277
0.0015467 -1.00000 10.14613 0.7943478823 2.4167315960    0.792  1.150  3.7140  2.995    3  0.000  0.526     0.00     0.00 -1 -5.52e-14      0.00 7.458e-01 2.526e-01 2.734e-04 7.970e-05 6.937e-04 -1.000 1.605e-03 1.894 2.904 2.825 2.112 1.656 1.235 0.669 0.205 0.138
0.0015467 -1.00000 10.14613 0.7946082354 2.4168241024    0.792  1.199  3.7124  2.939    3  0.000  0.524     0.00     0.00 -1 -8.03e-14      0.00 7.451e-01 2.533e-01 2.725e-04 8.072e-05 6.940e-04 -1.000 1.579e-03 1.772 2.802 2.715 1.995 1.536 1.112 0.540 0.071 0.004
0.0015467 -1.00000 10.14613 0.7948436737 2.4169077873    0.792  1.247  3.7107  2.884    3  0.000  0.522     0.00     0.00 -1 -1.15e-13      0.00 7.446e-01 2.538e-01 2.716e-04 8.159e-05 6.943e-04 -1.000 1.588e-03 1.652 2.703 2.606 1.880 1.417 0.990 0.412 -0.061 -0.129
0.0015467 -1.00000 10.14613 0.7950553894 2.4169828892    0.793  1.295  3.7089  2.830    3  0.000  0.521     0.00     0.00 -1  -1.6e-13      0.00 7.443e-01 2.542e-01 2.711e-04 8.219e-05 6.944e-04 -1.000 1.566e-03 1.534 2.607 2.501 1.768 1.301 0.871 0.287 -0.192 -0.260
0.0015467 -1.00000 10.14613 0.7952520251 2.4170527458    0.793  1.343  3.7071  2.775    3  0.000  0.520     0.00     0.00 -1 -2.22e-13      0.00 7.441e-01 2.544e-01 2.708e-04 8.255e-05 6.946e-04 -1.000 1.548e-03 1.413 2.511 2.394 1.653 1.184 0.750 0.160 -0.325 -0.394
0.0015467 -1.00000 10.14613 0.7954260111 2.4171142578    0.793  1.389  3.7052  2.721    3  0.000  0.520     0.00     0.00 -1    -3e-13      0.00 7.440e-01 2.545e-01 2.707e-04 8.271e-05 6.946e-04 -1.000 1.533e-03 1.297 2.419 2.291 1.544 1.070 0.633 0.036 -0.454 -0.523
0.0015467 -1.00000 10.14613 0.7955883145 2.4171719551    0.793  1.437  3.7032  2.665    3  0.000  0.520     0.00     0.00 -1 -4.04e-13      0.00 7.440e-01 2.545e-01 2.706e-04 8.275e-05 6.946e-04 -1.000 1.532e-03 1.178 2.326 2.187 1.431 0.954 0.513 -0.090 -0.587 -0.657
0.0015467 -1.00000 10.14613 0.7957317233 2.4172227383    0.793  1.483  3.7013  2.612    3  0.000  0.520     0.00     0.00 -1 -5.33e-13      0.00 7.440e-01 2.545e-01 2.706e-04 8.277e-05 6.946e-04 -1.000 1.532e-03 1.063 2.236 2.087 1.323 0.842 0.397 -0.213 -0.716 -0.786
0.0015467 -1.00000 10.14613 0.7958596349 2.4172677994    0.793  1.527  3.6993  2.559    3  0.000  0.520     0.00     0.00 -1 -6.91e-13      0.00 7.440e-01 2.545e-01 2.706e-04 8.279e-05 6.947e-04 -1.000 1.532e-03 0.951 2.151 1.990 1.219 0.733 0.285 -0.332 -0.841 -0.912
0.0015467 -1.00000 10.14613 0.7959781885 2.4173097610    0.792  1.573  3.6973  2.506    3  0.000  0.520     0.00     0.00 -1 -8.91e-13      0.00 7.440e-01 2.545e-01 2.706e-04 8.280e-05 6.947e-04 -1.000 1.532e-03 0.839 2.065 1.893 1.114 0.624 0.172 -0.452 -0.968 -1.039
0.0015467 -1.00000 10.14613 0.7960834503 2.4173471928    0.792  1.616  3.6952  2.454    3  0.000  0.520     0.00     0.00 -1 -1.13e-12      0.00 7.439e-01 2.545e-01 2.706e-04 8.281e-05 6.947e-04 -1.000 1.532e-03 0.731 1.990 1.802 1.013 0.518 0.063 -0.568 -1.090 -1.162
0.0015467 -1.00000 10.14613 0.7961826921 2.4173822403    0.792  1.660  3.6931  2.402    3  0.000  0.520     0.00     0.00 -1 -1.43e-12      0.00 7.439e-01 2.545e-01 2.706e-04 8.282e-05 6.947e-04 -1.000 1.532e-03 0.620 1.915 1.710 0.911 0.411 -0.048 -0.687 -1.214 -1.287
0.0015467 -1.00000 10.14613 0.7962720394 2.4174137115    0.792  1.702  3.6910  2.350    3  0.000  0.520     0.00     0.00 -1 -1.79e-12      0.00 7.439e-01 2.545e-01 2.706e-04 8.283e-05 6.947e-04 -1.000 1.532e-03 0.514 1.844 1.622 0.812 0.307 -0.156 -0.801 -1.335 -1.408
0.0015467 -1.00000 10.14613 0.7963556051 2.4174432755    0.792  1.745  3.6889  2.300    3  0.000  0.520     0.00     0.00 -1 -2.23e-12      0.00 7.439e-01 2.545e-01 2.706e-04 8.284e-05 6.947e-04 -1.000 1.532e-03 0.409 1.775 1.535 0.715 0.205 -0.262 -0.915 -1.455 -1.528
0.0015467 -1.00000 10.14613 0.7964356542 2.4174716473    0.792  1.786  3.6867  2.250    3  0.000  0.520     0.00     0.00 -1 -2.75e-12      0.00 7.439e-01 2.546e-01 2.706e-04 8.285e-05 6.947e-04 -1.000 1.532e-03 0.305 1.710 1.452 0.621 0.105 -0.366 -1.026 -1.573 -1.647
0.0015467 -1.00000 10.14613 0.7965177894 2.4175007343    0.792  1.826  3.6847  2.202    3  0.000  0.520     0.00     0.00 -1 -3.39e-12      0.00 7.439e-01 2.546e-01 2.706e-04 8.286e-05 6.947e-04 -1.000 1.532e-03 0.205 1.648 1.371 0.530 0.010 -0.466 -1.133 -1.687 -1.762
0.0015467 -1.00000 10.14613 0.7965923548 2.4175269604    0.791  1.846  3.6838  2.178    3  0.000  0.520     0.00     0.00 -1 -3.91e-12      0.00 7.439e-01 2.546e-01 2.706e-04 8.287e-05 6.947e-04 -1.000 1.532e-03 0.155 1.614 1.330 0.484 -0.039 -0.516 -1.186 -1.743 -1.818
0.0015467 -1.00000 10.14613 0.7966495156 2.4175472260    0.791  1.830  3.6851  2.199    3  0.000  0.520     0.00     0.00 -1  -3.9e-12      0.00 7.439e-01 2.546e-01 2.706e-04 8.288e-05 6.948e-04 -1.000 1.532e-03 0.196 1.633 1.359 0.519 -0.000 -0.475 -1.141 -1.693 -1.768
0.0015467 -1.00000 10.14613 0.7966699600 2.4175543785    0.791  1.824  3.6856  2.207    3  0.000  0.519     0.00     0.00 -1 -3.89e-12      0.00 7.439e-01 2.546e-01 2.706e-04 8.288e-05 6.948e-04 -1.000 1.532e-03 0.211 1.640 1.369 0.532 0.014 -0.460 -1.124 -1.675 -1.750
0.0015467 -1.00000 10.14613 0.7967246771 2.4175736904    0.791  1.862  3.6835  2.160    3  0.000  0.519     0.00     0.00 -1 -4.62e-12      0.00 7.439e-01 2.546e-01 2.705e-04 8.289e-05 6.948e-04 -1.000 1.532e-03 0.115 1.581 1.293 0.445 -0.078 -0.556 -1.228 -1.786 -1.861
0.0015467 -1.00000 10.14613 0.7967835665 2.4175944328    0.791  1.905  3.6810  2.107    3  0.000  0.519     0.00     0.00 -1 -5.65e-12      0.00 7.439e-01 2.546e-01 2.705e-04 8.290e-05 6.948e-04 -1.000 1.532e-03 0.006 1.516 1.207 0.347 -0.182 -0.665 -1.346 -1.912 -1.987
0.0015467 -1.00000 10.14613 0.7968389392 2.4176139832    0.790  1.949  3.6786  2.053    3  0.000  0.519     0.00     0.00 -1 -6.91e-12      0.00 7.439e-01 2.546e-01 2.705e-04 8.290e-05 6.948e-04 -1.000 1.532e-03 -0.102 1.453 1.123 0.249 -0.286 -0.773 -1.463 -2.037 -2.113
0.0015467 -1.00000 10.14613 0.7968892455 2.4176318645    0.790  1.991  3.6761  2.001    3  0.000  0.519     0.00     0.00 -1 -8.39e-12      0.00 7.439e-01 2.546e-01 2.705e-04 8.291e-05 6.948e-04 -1.000 1.532e-03 -0.209 1.394 1.041 0.155 -0.387 -0.879 -1.577 -2.159 -2.236
0.0015467 -1.00000 10.14613 0.7969350219 2.4176478386    0.790  2.033  3.6737  1.949    3  0.000  0.519     0.00     0.00 -1 -1.01e-11      0.00 7.439e-01 2.546e-01 2.705e-04 8.291e-05 6.948e-04 -1.000 1.532e-03 -0.312 1.367 0.974 0.058 -0.492 -0.987 -1.692 -2.278 -2.354
0.0015467 -1.00000 10.14613 0.7969767451 2.4176626205    0.789  2.073  3.6712  1.899    3  0.000  0.519     0.00     0.00 -1 -1.21e-11      0.00 7.439e-01 2.546e-01 2.705e-04 8.292e-05 6.948e-04 -1.000 1.531e-03 -0.414 1.334 0.906 -0.034 -0.592 -1.090 -1.803 -2.395 -2.471
0.0015467 -1.00000 10.14613 0.7970159650 2.4176764488    0.789  2.114  3.6687  1.848    3  0.000  0.519     0.00     0.00 -1 -1.45e-11      0.00 7.439e-01 2.546e-01 2.705e-04 8.292e-05 6.948e-04 -1.000 1.531e-03 -0.516 1.304 0.840 -0.126 -0.691 -1.193 -1.915 -2.513 -2.589
0.0015467 -1.00000 10.14613 0.7970524430 2.4176893234    0.788  2.155  3.6661  1.796    3  0.000  0.519     0.00     0.00 -1 -1.73e-11      0.00 7.439e-01 2.546e-01 2.705e-04 8.293e-05 6.948e-04 -1.000 1.531e-03 -0.619 1.277 0.774 -0.217 -0.790 -1.296 -2.027 -2.632 -2.708
0.0015467 -1.00000 10.14613 0.7970851660 2.4177007675    0.788  2.195  3.6636  1.746    3  0.000  0.519     0.00     0.00 -1 -2.06e-11      0.00 7.439e-01 2.546e-01 2.705e-04 8.293e-05 6.948e-04 -1.000 1.531e-03 -0.718 1.254 0.713 -0.304 -0.885 -1.396 -2.136 -2.747 -2.824
0.0015467 -1.00000 10.14613 0.7971152663 2.4177114964    0.787  2.235  3.6610  1.696    3  0.000  0.519     0.00     0.00 -1 -2.44e-11      0.00 7.439e-01 2.546e-01 2.705e-04 8.294e-05 6.948e-04 -1.000 1.531e-03 -0.817 1.234 0.653 -0.390 -0.979 -1.495 -2.244 -2.861 -2.939
0.0015467 -1.00000 10.14613 0.7971427441 2.4177212715    0.787  2.273  3.6585  1.647    3  0.000  0.519     0.00     0.00 -1 -2.87e-11      0.00 7.439e-01 2.546e-01 2.705e-04 8.294e-05 6.948e-04 -1.000 1.531e-03 -0.913 1.217 0.597 -0.473 -1.070 -1.590 -2.349 -2.973 -3.051
0.0015467 -1.00000 10.14613 0.7971683145 2.4177300930    0.786  2.312  3.6559  1.597    3  0.000  0.519     0.00     0.00 -1 -3.37e-11      0.00 7.438e-01 2.546e-01 2.705e-04 8.294e-05 6.948e-04 -1.000 1.531e-03 -1.010 1.185 0.533 -0.551 -1.158 -1.684 -2.454 -3.086 -3.166
0.0015467 -1.00000 10.14613 0.7971923351 2.4177386761    0.786  2.351  3.6533  1.548    3  0.000  0.519     0.00     0.00 -1 -3.95e-11      0.00 7.438e-01 2.546e-01 2.705e-04 8.295e-05 6.948e-04 -1.000 1.531e-03 -1.107 1.175 0.479 -0.633 -1.248 -1.779 -2.559 -3.198 -3.279
0.0015467 -1.00000 10.14613 0.7972144485 2.4177465439    0.785  2.389  3.6507  1.499    3  0.000  0.519     0.00     0.00 -1 -4.62e-11      0.00 7.438e-01 2.546e-01 2.705e-04 8.295e-05 6.948e-04 -1.000 1.531e-03 -1.202 1.168 0.428 -0.713 -1.336 -1.872 -2.663 -3.309 -3.392
0.0015467 -1.00000 10.14613 0.7972393036 2.4177551270    0.784  2.436  3.6474  1.438    3  0.000  0.519     0.00     0.00 -1  -5.6e-11      0.00 7.438e-01 2.546e-01 2.705e-04 8.295e-05 6.948e-04 -1.000 1.531e-03 -1.319 1.157 0.363 -0.805 -1.440 -1.984 -2.789 -3.446 -3.531
0.0015467 -1.00000 10.14613 0.7972580791 2.4177618027    0.783  2.474  3.6448  1.389    3  0.000  0.519     0.00     0.00 -1 -6.53e-11      0.00 7.438e-01 2.546e-01 2.705e-04 8.295e-05 6.948e-04 -1.000 1.531e-03 -1.414 1.152 0.312 -0.878 -1.524 -2.075 -2.892 -3.557 -3.644
0.0015467 -1.00000 10.14613 0.7972784638 2.4177689552    0.782  2.518  3.6416  1.331    3  0.000  0.519     0.00     0.00 -1 -7.82e-11      0.00 7.438e-01 2.546e-01 2.705e-04 8.296e-05 6.948e-04 -1.000 1.531e-03 -1.526 1.146 0.253 -0.964 -1.622 -2.182 -3.013 -3.688 -3.778
0.0015467 -1.00000 10.14613 0.7972973585 2.4177756310    0.781  2.563  3.6384  1.273    3  0.000  0.519     0.00     0.00 -1 -9.36e-11      0.00 7.438e-01 2.546e-01 2.705e-04 8.296e-05 6.948e-04 -1.000 1.531e-03 -1.637 1.143 0.195 -1.049 -1.719 -2.288 -3.133 -3.819 -3.911
0.0015467 -1.00000 10.14613 0.7973150611 2.4177818298    0.780  2.608  3.6351  1.214    3  0.000  0.519     0.00     0.00 -1 -1.12e-10      0.00 7.438e-01 2.546e-01 2.705e-04 8.296e-05 6.948e-04 -1.000 1.531e-03 -1.750 1.143 0.138 -1.132 -1.816 -2.394 -3.254 -3.951 -4.046
0.0015467 -1.00000 10.14613 0.7973308563 2.4177875519    0.778  2.651  3.6318  1.157    3  0.000  0.519     0.00     0.00 -1 -1.33e-10      0.00 7.438e-01 2.546e-01 2.705e-04 8.296e-05 6.948e-04 -1.000 1.531e-03 -1.858 1.147 0.085 -1.212 -1.908 -2.496 -3.371 -4.079 -4.176
0.0015467 -1.00000 10.14613 0.7973453999 2.4177925587    0.777  2.694  3.6286  1.100    3  0.000  0.519     0.00     0.00 -1 -1.58e-10      0.00 7.438e-01 2.546e-01 2.705e-04 8.296e-05 6.948e-04 -1.000 1.531e-03 -1.966 1.155 0.034 -1.289 -1.999 -2.596 -3.486 -4.205 -4.305
0.0015467 -1.00000 10.14613 0.7973589301 2.4177973270    0.775  2.737  3.6255  1.044    3  0.000  0.519     0.00     0.00 -1 -1.87e-10      0.00 7.438e-01 2.546e-01 2.705e-04 8.297e-05 6.948e-04 -1.000 1.531e-03 -2.073 1.167 -0.014 -1.365 -2.089 -2.695 -3.600 -4.330 -4.433
0.0015467 -1.00000 10.14613 0.7973712087 2.4178016186    0.773  2.779  3.6222  0.988    3  0.000  0.519     0.00     0.00 -1 -2.21e-10      0.00 7.438e-01 2.546e-01 2.705e-04 8.297e-05 6.948e-04 -1.000 1.531e-03 -2.178 1.186 -0.058 -1.437 -2.175 -2.792 -3.712 -4.454 -4.560
0.0015467 -1.00000 10.14613 0.7973825336 2.4178056717    0.771  2.820  3.6190  0.933    3  0.000  0.519     0.00     0.00 -1 -2.59e-10      0.00 7.438e-01 2.546e-01 2.705e-04 8.297e-05 6.948e-04 -1.000 1.531e-03 -2.281 1.216 -0.095 -1.505 -2.259 -2.887 -3.823 -4.575 -4.684
0.0015467 -1.00000 10.14613 0.7973932624 2.4178094864    0.769  2.862  3.6158  0.877    3  0.000  0.519     0.00     0.00 -1 -3.06e-10      0.00 7.438e-01 2.546e-01 2.705e-04 8.297e-05 6.948e-04 -1.000 1.531e-03 -2.385 1.248 -0.130 -1.572 -2.343 -2.983 -3.934 -4.698 -4.811
0.0015467 -1.00000 10.14613 0.7974030972 2.4178130627    0.767  2.903  3.6126  0.822    3  0.000  0.519     0.00     0.00 -1 -3.59e-10      0.00 7.438e-01 2.546e-01 2.705e-04 8.297e-05 6.948e-04 -1.000 1.531e-03 -2.488 1.282 -0.164 -1.637 -2.425 -3.076 -4.044 -4.818 -4.935
0.0015467 -1.00000 10.14613 0.7974119186 2.4178161621    0.765  2.942  3.6095  0.769    3  0.000  0.519     0.00     0.00 -1 -4.19e-10      0.00 7.438e-01 2.546e-01 2.705e-04 8.297e-05 6.948e-04 -1.000 1.531e-03 -2.585 1.315 -0.195 -1.698 -2.502 -3.165 -4.148 -4.933 -5.053
0.0015467 -1.00000 10.14613 0.7974204421 2.4178190231    0.762  2.982  3.6064  0.715    3  0.000  0.519     0.00     0.00 -1 -4.89e-10      0.00 7.438e-01 2.546e-01 2.705e-04 8.297e-05 6.948e-04 -1.000 1.531e-03 -2.685 1.354 -0.224 -1.758 -2.580 -3.256 -4.254 -5.050 -5.174
0.0015467 -1.00000 10.14613 0.7974284887 2.4178218842    0.759  3.023  3.6032  0.660    3  0.000  0.519     0.00     0.00 -1 -5.73e-10      0.00 7.438e-01 2.546e-01 2.705e-04 8.297e-05 6.948e-04 -1.000 1.531e-03 -2.786 1.394 -0.251 -1.818 -2.658 -3.346 -4.361 -5.168 -5.296
0.0015467 -1.00000 10.14613 0.7974355221 2.4178242683    0.756  3.060  3.6002  0.609    3  0.000  0.519     0.00     0.00 -1 -6.64e-10      0.00 7.438e-01 2.546e-01 2.705e-04 8.297e-05 6.948e-04 -1.000 1.531e-03 -2.880 1.433 -0.276 -1.873 -2.729 -3.430 -4.460 -5.278 -5.410
0.0015467 -1.00000 10.14613 0.7974423766 2.4178268909    0.752  3.099  3.5971  0.556    3  0.000  0.519     0.00     0.00 -1 -7.72e-10      0.00 7.438e-01 2.546e-01 2.705e-04 8.298e-05 6.949e-04 -1.000 1.531e-03 -2.976 1.475 -0.299 -1.926 -2.801 -3.515 -4.562 -5.390 -5.527
0.0015467 -1.00000 10.14613 0.7974488139 2.4178290367    0.748  3.137  3.5940  0.504    3  0.000  0.519     0.00     0.00 -1 -8.96e-10      0.00 7.438e-01 2.546e-01 2.705e-04 8.298e-05 6.949e-04 -1.000 1.531e-03 -3.071 1.518 -0.320 -1.979 -2.872 -3.600 -4.662 -5.501 -5.642
0.0015467 -1.00000 10.14613 0.7974547148 2.4178311825    0.745  3.173  3.5910  0.453    3  0.000  0.519     0.00     0.00 -1 -1.04e-09      0.00 7.438e-01 2.546e-01 2.705e-04 8.298e-05 6.949e-04 -1.000 1.531e-03 -3.163 1.569 -0.331 -2.024 -2.938 -3.681 -4.760 -5.609 -5.754
0.0015467 -1.00000 10.14613 0.7974601984 2.4178330898    0.740  3.210  3.5880  0.401    3  0.000  0.519     0.00     0.00 -1  -1.2e-09      0.00 7.438e-01 2.546e-01 2.705e-04 8.298e-05 6.949e-04 -1.000 1.531e-03 -3.255 1.621 -0.338 -2.066 -3.001 -3.761 -4.857 -5.716 -5.866
0.0015467 -1.00000 10.14613 0.7974653840 2.4178349972    0.735  3.246  3.5850  0.351    3  0.000  0.519     0.00     0.00 -1 -1.38e-09      0.00 7.438e-01 2.546e-01 2.705e-04 8.298e-05 6.949e-04 -1.000 1.531e-03 -3.344 1.673 -0.344 -2.105 -3.062 -3.838 -4.952 -5.820 -5.975
0.0015467 -1.00000 10.14613 0.7974701524 2.4178366661    0.730  3.280  3.5821  0.302    3  0.000  0.519     0.00     0.00 -1 -1.58e-09      0.00 7.438e-01 2.546e-01 2.705e-04 8.298e-05 6.949e-04 -1.000 1.531e-03 -3.431 1.723 -0.349 -2.144 -3.121 -3.914 -5.044 -5.921 -6.081
0.0015467 -1.00000 10.14613 0.7974745631 2.4178380966    0.725  3.312  3.5794  0.256    3  0.000  0.519     0.00     0.00 -1  -1.8e-09      0.00 7.438e-01 2.546e-01 2.705e-04 8.298e-05 6.949e-04 -1.000 1.531e-03 -3.511 1.770 -0.351 -2.177 -3.174 -3.983 -5.128 -6.015 -6.179
0.0015467 -1.00000 10.14613 0.7974789143 2.4178397655    0.719  3.343  3.5768  0.210    3  0.000  0.519     0.00     0.00 -1 -2.04e-09      0.00 7.438e-01 2.546e-01 2.705e-04 8.298e-05 6.949e-04 -1.000 1.531e-03 -3.588 1.812 -0.350 -2.205 -3.222 -4.050 -5.211 -6.106 -6.274
0.0015467 -1.00000 10.14613 0.7974789143 2.4178397655    0.714  1.704  3.7404  2.501    4  0.000  0.513     0.00     0.00 -1    -1e-30      0.00 7.390e-01 2.594e-01 2.699e-04 8.883e-05 7.035e-04 -1.000 1.566e-03 0.509 1.257 1.259 0.656 0.257 -0.118 -0.613 -1.014 -1.068
0.0015467 -1.00000 10.14613 0.7975247502 2.4178557396    0.715  1.719  3.7394  2.483    4  0.000  0.513     0.00     0.00 -1    -1e-30      0.00 7.390e-01 2.594e-01 2.699e-04 8.883e-05 7.035e-04 -1.000 1.566e-03 0.473 1.232 1.230 0.622 0.222 -0.155 -0.653 -1.057 -1.111
0.0015467 -1.00000 10.14613 0.7975717187 2.4178724289    0.715  1.722  3.7392  2.479    4  0.000  0.513     0.00     0.00 -1    -1e-30      0.00 7.390e-01 2.594e-01 2.699e-04 8.883e-05 7.035e-04 -1.000 1.566e-03 0.465 1.226 1.223 0.614 0.213 -0.164 -0.662 -1.066 -1.120
0.0015467 -1.00000 10.14613 0.7976193428 2.4178891182    0.715  1.723  3.7394  2.479    4  0.000  0.513     0.00     0.00 -1    -1e-30      0.00 7.390e-01 2.594e-01 2.699e-04 8.883e-05 7.035e-04 -1.000 1.566e-03 0.462 1.221 1.219 0.611 0.210 -0.167 -0.664 -1.068 -1.122
0.0015467 -1.00000 10.14613 0.7976673841 2.4179060459    0.715  1.723  3.7398  2.480    4  0.000  0.513     0.00     0.00 -1    -1e-30      0.00 7.390e-01 2.594e-01 2.699e-04 8.883e-05 7.035e-04 -1.000 1.566e-03 0.462 1.217 1.215 0.609 0.210 -0.167 -0.663 -1.065 -1.119
0.0015467 -1.00000 10.14613 0.7977175713 2.4179236889    0.715  1.723  3.7405  2.483    4  0.000  0.513     0.00     0.00 -1    -1e-30      0.00 7.390e-01 2.594e-01 2.699e-04 8.883e-05 7.035e-04 -1.000 1.566e-03 0.463 1.213 1.213 0.609 0.211 -0.164 -0.659 -1.059 -1.113
0.0015467 -1.00000 10.14613 0.7977675200 2.4179413319    0.715  1.721  3.7413  2.488    4  0.000  0.513     0.00     0.00 -1    -1e-30      0.00 7.390e-01 2.594e-01 2.699e-04 8.883e-05 7.035e-04 -1.000 1.566e-03 0.466 1.210 1.211 0.611 0.214 -0.160 -0.652 -1.051 -1.104
0.0015467 -1.00000 10.14613 0.7978164554 2.4179584980    0.715  1.720  3.7423  2.493    4  0.000  0.513     0.00     0.00 -1    -1e-30      0.00 7.390e-01 2.594e-01 2.699e-04 8.883e-05 7.035e-04 -1.000 1.566e-03 0.470 1.207 1.209 0.612 0.218 -0.154 -0.644 -1.040 -1.093
0.0015467 -1.00000 10.14613 0.7978655696 2.4179759026    0.715  1.718  3.7432  2.499    4  0.000  0.513     0.00     0.00 -1    -1e-30      0.00 7.390e-01 2.594e-01 2.699e-04 8.883e-05 7.035e-04 -1.000 1.566e-03 0.475 1.204 1.208 0.615 0.222 -0.148 -0.635 -1.029 -1.081
0.0015467 -1.00000 10.14613 0.7979161739 2.4179935455    0.715  1.716  3.7442  2.505    4  0.000  0.513     0.00     0.00 -1    -1e-30      0.00 7.390e-01 2.594e-01 2.699e-04 8.883e-05 7.035e-04 -1.000 1.566e-03 0.480 1.201 1.207 0.617 0.226 -0.143 -0.627 -1.018 -1.070
0.0015467 -1.00000 10.14613 0.7979620099 2.4180097580    0.715  1.715  3.7451  2.510    4  0.000  0.513     0.00     0.00 -1    -1e-30      0.00 7.390e-01 2.594e-01 2.699e-04 8.883e-05 7.035e-04 -1.000 1.566e-03 0.484 1.199 1.205 0.619 0.229 -0.138 -0.619 -1.008 -1.060
0.0015467 -1.00000 10.14613 0.7980104685 2.4180266857    0.715  1.713  3.7459  2.515    4  0.000  0.513     0.00     0.00 -1    -1e-30      0.00 7.390e-01 2.594e-01 2.699e-04 8.883e-05 7.035e-04 -1.000 1.566e-03 0.487 1.197 1.204 0.620 0.233 -0.133 -0.612 -0.999 -1.050
0.0015467 -1.00000 10.14613 0.7980606556 2.4180443287    0.715  1.712  3.7467  2.519    4  0.000  0.513     0.00     0.00 -1    -1e-30      0.00 7.390e-01 2.594e-01 2.699e-04 8.883e-05 7.035e-04 -1.000 1.566e-03 0.490 1.194 1.202 0.622 0.235 -0.128 -0.605 -0.990 -1.041
0.0015467 -1.00000 10.14613 0.7981098890 2.4180617332    0.715  1.711  3.7474  2.523    4  0.000  0.513     0.00     0.00 -1    -1e-30      0.00 7.390e-01 2.594e-01 2.699e-04 8.883e-05 7.035e-04 -1.000 1.566e-03 0.493 1.192 1.201 0.623 0.238 -0.125 -0.600 -0.983 -1.033
0.0015467 -1.00000 10.14613 0.7981600165 2.4180793762    0.715  1.710  3.7480  2.526    4  0.000  0.513     0.00     0.00 -1    -1e-30      0.00 7.390e-01 2.594e-01 2.699e-04 8.883e-05 7.035e-04 -1.000 1.566e-03 0.495 1.190 1.199 0.623 0.240 -0.122 -0.595 -0.977 -1.027
0.0015467 -1.00000 10.14613 0.7981711626 2.4180831909    0.715  1.710  3.7481  2.527    4  0.000  0.513     0.00     0.00 -1    -1e-30      0.00 7.390e-01 2.594e-01 2.699e-04 8.883e-05 7.035e-04 -1.000 1.566e-03 0.496 1.189 1.199 0.623 0.240 -0.122 -0.594 -0.976 -1.026
0.0015467 -1.00000 10.14613 0.7981809378 2.4180867672    0.715  1.710  3.7482  2.528    4  0.000  0.513     0.00     0.00 -1    -1e-30      0.00 7.390e-01 2.594e-01 2.699e-04 8.883e-05 7.035e-04 -1.000 1.566e-03 0.496 1.189 1.199 0.623 0.240 -0.121 -0.594 -0.975 -1.025
0.0015467 -1.00000 10.14613 0.7982308865 2.4181041718    0.715  1.709  3.7485  2.529    4  0.000  0.513     0.00     0.00 -1    -1e-30      0.00 7.390e-01 2.594e-01 2.699e-04 8.883e-05 7.035e-04 -1.000 1.566e-03 0.496 1.187 1.197 0.623 0.241 -0.120 -0.592 -0.972 -1.022
0.0015467 -1.00000 10.14613 0.7982815504 2.4181220531    0.715  1.709  3.7487  2.530    4  0.000  0.513     0.00     0.00 -1    -1e-30      0.00 7.390e-01 2.594e-01 2.699e-04 8.883e-05 7.035e-04 -1.000 1.566e-03 0.496 1.185 1.196 0.623 0.240 -0.120 -0.591 -0.971 -1.020
0.0015467 -1.00000 10.14613 0.7983308434 2.4181394577    0.715  1.710  3.7488  2.530    4  0.000  0.513     0.00     0.00 -1    -1e-30      0.00 7.390e-01 2.594e-01 2.699e-04 8.883e-05 7.035e-04 -1.000 1.566e-03 0.495 1.184 1.194 0.621 0.239 -0.121 -0.592 -0.971 -1.021
0.0015467 -1.00000 10.14613 0.7983797193 2.4181566238    0.716  1.711  3.7487  2.529    4  0.000  0.513     0.00     0.00 -1    -1e-30      0.00 7.390e-01 2.594e-01 2.699e-04 8.883e-05 7.035e-04 -1.000 1.566e-03 0.493 1.182 1.193 0.619 0.237 -0.123 -0.595 -0.974 -1.024
0.0015467 -1.00000 10.14613 0.7984282374 2.4181735516    0.716  1.712  3.7484  2.526    4  0.000  0.513     0.00     0.00 -1    -1e-30      0.00 7.390e-01 2.594e-01 2.699e-04 8.883e-05 7.035e-04 -1.000 1.566e-03 0.489 1.181 1.191 0.616 0.234 -0.127 -0.599 -0.980 -1.030
0.0015467 -1.00000 10.14613 0.7984793782 2.4181916714    0.716  1.714  3.7479  2.522    4  0.000  0.513     0.00     0.00 -1    -1e-30      0.00 7.390e-01 2.594e-01 2.699e-04 8.883e-05 7.035e-04 -1.000 1.566e-03 0.485 1.180 1.189 0.613 0.229 -0.133 -0.606 -0.988 -1.038
0.0015467 -1.00000 10.14613 0.7985306382 2.4182095528    0.716  1.717  3.7472  2.517    4  0.000  0.513     0.00     0.00 -1    -1e-30      0.00 7.390e-01 2.594e-01 2.699e-04 8.883e-05 7.035e-04 -1.000 1.566e-03 0.478 1.178 1.187 0.608 0.223 -0.140 -0.615 -0.999 -1.049
0.0015467 -1.00000 10.14613 0.7985430360 2.4182138443    0.716  1.717  3.7472  2.516    4  0.000  0.513     0.00     0.00 -1    -1e-30      0.00 7.390e-01 2.594e-01 2.699e-04 8.883e-05 7.035e-04 -1.000 1.566e-03 0.477 1.178 1.186 0.607 0.222 -0.141 -0.617 -1.000 -1.051
0.0015467 -1.00000 10.14613 0.7985773087 2.4182260036    0.716  1.720  3.7465  2.511    4  0.000  0.513     0.00     0.00 -1    -1e-30      0.00 7.390e-01 2.594e-01 2.699e-04 8.883e-05 7.035e-04 -1.000 1.566e-03 0.471 1.177 1.184 0.603 0.216 -0.148 -0.626 -1.011 -1.062
0.0015467 -1.00000 10.14613 0.7986256480 2.4182429314    0.716  1.723  3.7455  2.503    4  0.000  0.513     0.00     0.00 -1    -1e-30      0.00 7.390e-01 2.594e-01 2.699e-04 8.883e-05 7.035e-04 -1.000 1.566e-03 0.462 1.175 1.181 0.596 0.207 -0.159 -0.640 -1.028 -1.079
0.0015467 -1.00000 10.14613 0.7986742258 2.4182600975    0.716  1.728  3.7445  2.495    4  0.000  0.513     0.00     0.00 -1    -1e-30      0.00 7.390e-01 2.594e-01 2.699e-04 8.883e-05 7.035e-04 -1.000 1.566e-03 0.451 1.172 1.176 0.588 0.197 -0.171 -0.654 -1.045 -1.096
0.0015467 -1.00000 10.14613 0.7987208962 2.4182763100    0.716  1.732  3.7434  2.487    4  0.000  0.513     0.00     0.00 -1    -1e-30      0.00 7.390e-01 2.594e-01 2.699e-04 8.883e-05 7.035e-04 -1.000 1.566e-03 0.440 1.169 1.172 0.579 0.186 -0.183 -0.670 -1.063 -1.115
0.0015467 -1.00000 10.14613 0.7987679243 2.4182929993    0.716  1.737  3.7423  2.477    4  0.000  0.513     0.00     0.00 -1    -1e-30      0.00 7.390e-01 2.594e-01 2.699e-04 8.883e-05 7.035e-04 -1.000 1.566e-03 0.427 1.165 1.166 0.569 0.174 -0.198 -0.688 -1.084 -1.136
0.0015467 -1.00000 10.14613 0.7988148928 2.4183094501    0.716  1.743  3.7410  2.466    4  0.000  0.513     0.00     0.00 -1    -1e-30      0.00 7.390e-01 2.594e-01 2.699e-04 8.883e-05 7.035e-04 -1.000 1.566e-03 0.413 1.161 1.159 0.557 0.160 -0.214 -0.708 -1.107 -1.160
0.0015467 -1.00000 10.14613 0.7988619804 2.4183259010    0.716  1.749  3.7398  2.455    4  0.000  0.513     0.00     0.00 -1    -1e-30      0.00 7.390e-01 2.594e-01 2.699e-04 8.883e-05 7.035e-04 -1.000 1.566e-03 0.398 1.156 1.151 0.545 0.145 -0.231 -0.728 -1.130 -1.184
0.0015467 -1.00000 10.14613 0.7989078164 2.4183418751    0.716  1.754  3.7389  2.447    4  0.000  0.513     0.00     0.00 -1    -1e-30      0.00 7.390e-01 2.594e-01 2.699e-04 8.883e-05 7.035e-04 -1.000 1.566e-03 0.386 1.153 1.145 0.535 0.133 -0.244 -0.743 -1.148 -1.202
0.0015467 -1.00000 10.14613 0.7989560962 2.4183590412    0.716  1.758  3.7381  2.439    4  0.000  0.513     0.00     0.00 -1    -1e-30      0.00 7.390e-01 2.594e-01 2.699e-04 8.883e-05 7.035e-04 -1.000 1.566e-03 0.374 1.149 1.138 0.525 0.122 -0.257 -0.758 -1.164 -1.219
0.0015467 -1.00000 10.14613 0.7990019917 2.4183750153    0.716  1.769  3.7360  2.420    4  0.000  0.513     0.00     0.00 -1    -1e-30      0.00 7.390e-01 2.594e-01 2.699e-04 8.883e-05 7.035e-04 -1.000 1.566e-03 0.347 1.144 1.125 0.503 0.095 -0.287 -0.795 -1.206 -1.261
0.0015467 -1.00000 10.14613 0.7990501523 2.4183919430    0.716  1.787  3.7331  2.390    4  0.000  0.513     0.00     0.00 -1    -1e-30      0.00 7.390e-01 2.594e-01 2.699e-04 8.883e-05 7.035e-04 -1.000 1.566e-03 0.302 1.128 1.098 0.464 0.051 -0.337 -0.853 -1.271 -1.328
0.0015467 -1.00000 10.14613 0.7990962863 2.4184081554    0.716  1.818  3.7285  2.341    4  0.000  0.513     0.00     0.00 -1    -1e-30      0.00 7.390e-01 2.594e-01 2.699e-04 8.883e-05 7.035e-04 -1.000 1.566e-03 0.224 1.100 1.051 0.397 -0.025 -0.421 -0.949 -1.379 -1.438
0.0015467 -1.00000 10.14613 0.7991248369 2.4184181690    0.716  1.854  3.7234  2.285    4  0.000  0.513     0.00     0.00 -1    -1e-30      0.00 7.390e-01 2.594e-01 2.699e-04 8.883e-05 7.035e-04 -1.000 1.566e-03 0.135 1.070 0.997 0.321 -0.112 -0.516 -1.059 -1.501 -1.562
0.0015467 -1.00000 10.14613 0.7991383076 2.4184229374    0.716  1.888  3.7187  2.232    4  0.000  0.513     0.00     0.00 -1    -1e-30      0.00 7.390e-01 2.594e-01 2.699e-04 8.883e-05 7.035e-04 -1.000 1.566e-03 0.050 1.041 0.945 0.248 -0.195 -0.608 -1.164 -1.619 -1.681
0.0015467 -1.00000 10.14613 0.7991448045 2.4184250832    0.716  1.925  3.7139  2.176    4  0.000  0.513     0.00     0.00 -1    -1e-30      0.00 7.390e-01 2.594e-01 2.699e-04 8.883e-05 7.035e-04 -1.000 1.566e-03 -0.041 1.011 0.890 0.171 -0.282 -0.704 -1.275 -1.742 -1.806
0.0015467 -1.00000 10.14613 0.7991480231 2.4184262753    0.716  1.961  3.7093  2.121    4  0.000  0.513     0.00     0.00 -1    -1e-30      0.00 7.390e-01 2.594e-01 2.699e-04 8.883e-05 7.035e-04 -1.000 1.566e-03 -0.133 0.981 0.834 0.094 -0.370 -0.800 -1.385 -1.865 -1.930
0.0015467 -1.00000 10.14613 0.7991496325 2.4184267521    0.716  1.996  3.7052  2.070    4  0.000  0.513     0.00     0.00 -1    -1e-30      0.00 7.390e-01 2.594e-01 2.699e-04 8.883e-05 7.035e-04 -1.000 1.566e-03 -0.220 0.952 0.780 0.021 -0.452 -0.889 -1.488 -1.979 -2.045
0.0015467 -1.00000 10.14613 0.7991507053 2.4184272289    0.716  2.030  3.7014  2.021    4  0.000  0.513     0.00     0.00 -1    -1e-30      0.00 7.390e-01 2.594e-01 2.699e-04 8.883e-05 7.035e-04 -1.000 1.566e-03 -0.305 0.921 0.726 -0.051 -0.533 -0.977 -1.588 -2.089 -2.156
0.0015467 -1.00000 10.14613 0.7991508245 2.4184272289    0.716  2.036  3.7007  2.012    7  0.000  0.513     0.00     0.00 -1  -1.1e-09      0.00 7.390e-01 2.578e-01 2.699e-04 8.883e-05 7.035e-04 -1.000 3.229e-03 -0.319 0.916 0.717 -0.063 -0.547 -0.992 -1.604 -2.107 -2.175
0.0015467 -1.00000 10.14613 0.7991511822 2.4184272289    0.716  2.049  3.6993  1.993    7  0.000  0.513     0.00     0.00 -1 -1.19e-09      0.00 7.390e-01 2.578e-01 2.699e-04 8.883e-05 7.035e-04 -1.000 3.229e-03 -0.353 0.903 0.695 -0.093 -0.579 -1.027 -1.644 -2.151 -2.219
0.0015467 -1.00000 10.14613 0.7991519570 2.4184277058    0.716  2.085  3.6957  1.943    7  0.000  0.513     0.00     0.00 -1 -1.47e-09      0.00 7.390e-01 2.578e-01 2.699e-04 8.883e-05 7.035e-04 -1.000 3.229e-03 -0.442 0.876 0.639 -0.167 -0.663 -1.117 -1.746 -2.263 -2.333
0.0015467 -1.00000 10.14613 0.7991527319 2.4184279442    0.716  2.120  3.6922  1.894    7  0.000  0.513     0.00     0.00 -1  -1.8e-09      0.00 7.390e-01 2.578e-01 2.699e-04 8.883e-05 7.035e-04 -1.000 3.229e-03 -0.530 0.848 0.583 -0.242 -0.746 -1.208 -1.848 -2.376 -2.446
0.0015467 -1.00000 10.14613 0.7991535068 2.4184281826    0.716  2.149  3.6893  1.853    7  0.000  0.513     0.00     0.00 -1 -2.14e-09      0.00 7.390e-01 2.578e-01 2.699e-04 8.883e-05 7.035e-04 -1.000 3.229e-03 -0.603 0.825 0.537 -0.303 -0.814 -1.282 -1.932 -2.468 -2.539
0.0015467 -1.00000 10.14613 0.7991543412 2.4184284210    0.716  2.162  3.6881  1.835    7  0.000  0.513     0.00     0.00 -1 -2.31e-09      0.00 7.390e-01 2.578e-01 2.699e-04 8.883e-05 7.035e-04 -1.000 3.229e-03 -0.635 0.817 0.517 -0.329 -0.844 -1.314 -1.969 -2.509 -2.580
0.0015467 -1.00000 10.14613 0.7991563678 2.4184291363    0.716  2.158  3.6886  1.841    7  0.000  0.513     0.00     0.00 -1 -2.25e-09      0.00 7.390e-01 2.578e-01 2.699e-04 8.883e-05 7.035e-04 -1.000 3.229e-03 -0.625 0.818 0.522 -0.322 -0.835 -1.304 -1.957 -2.496 -2.567
0.0015467 -1.00000 10.14613 0.7991579771 2.4184296131    0.716  2.139  3.6904  1.868    7  0.000  0.513     0.00     0.00 -1 -2.02e-09      0.00 7.390e-01 2.578e-01 2.699e-04 8.883e-05 7.035e-04 -1.000 3.229e-03 -0.577 0.832 0.552 -0.282 -0.790 -1.255 -1.902 -2.434 -2.505
0.0015467 -1.00000 10.14613 0.7991625071 2.4184312820    0.715  2.125  3.6917  1.886    7  0.000  0.513     0.00     0.00 -1 -1.87e-09      0.00 7.390e-01 2.578e-01 2.699e-04 8.883e-05 7.035e-04 -1.000 3.229e-03 -0.544 0.842 0.573 -0.254 -0.759 -1.222 -1.864 -2.393 -2.463
0.0015467 -1.00000 10.14613 0.7991886735 2.4184405804    0.713  2.138  3.6904  1.866    7  0.000  0.513     0.00     0.00 -1 -2.03e-09      0.00 7.390e-01 2.578e-01 2.699e-04 8.883e-05 7.035e-04 -1.000 3.229e-03 -0.575 0.834 0.555 -0.280 -0.788 -1.254 -1.900 -2.433 -2.503
0.0015467 -1.00000 10.14613 0.7992064953 2.4184467793    0.711  2.177  3.6865  1.810    7  0.000  0.513     0.00     0.00 -1 -2.58e-09      0.00 7.390e-01 2.578e-01 2.699e-04 8.883e-05 7.035e-04 -1.000 3.229e-03 -0.673 0.809 0.495 -0.360 -0.879 -1.352 -2.013 -2.559 -2.631
0.0015467 -1.00000 10.14613 0.7992247939 2.4184532166    0.708  2.226  3.6817  1.741    7  0.000  0.513     0.00     0.00 -1 -3.42e-09      0.00 7.390e-01 2.578e-01 2.699e-04 8.883e-05 7.035e-04 -1.000 3.229e-03 -0.794 0.813 0.434 -0.468 -1.000 -1.478 -2.154 -2.712 -2.783
0.0015467 -1.00000 10.14613 0.7992424965 2.4184594154    0.704  2.276  3.6770  1.670    7  0.000  0.513     0.00     0.00 -1 -4.61e-09      0.00 7.390e-01 2.578e-01 2.699e-04 8.883e-05 7.035e-04 -1.000 3.229e-03 -0.920 0.810 0.369 -0.575 -1.121 -1.607 -2.299 -2.868 -2.939
0.0015467 -1.00000 10.14613 0.7992579341 2.4184646606    0.700  2.321  3.6728  1.606    7  0.000  0.513     0.00     0.00 -1 -6.06e-09      0.00 7.390e-01 2.578e-01 2.699e-04 8.883e-05 7.035e-04 -1.000 3.227e-03 -1.032 0.810 0.313 -0.670 -1.229 -1.722 -2.428 -3.007 -3.079
0.0015467 -1.00000 10.14613 0.7992714047 2.4184694290    0.695  2.364  3.6689  1.543    7  0.000  0.513     0.00     0.00 -1 -7.87e-09      0.00 7.390e-01 2.578e-01 2.699e-04 8.883e-05 7.035e-04 -1.000 3.200e-03 -1.141 0.814 0.261 -0.760 -1.332 -1.832 -2.551 -3.140 -3.213
0.0015467 -1.00000 10.14613 0.7992833257 2.4184737206    0.690  2.407  3.6650  1.481    7  0.000  0.513     0.00     0.00 -1 -1.02e-08      0.00 7.390e-01 2.579e-01 2.698e-04 8.884e-05 7.035e-04 -1.000 3.140e-03 -1.248 0.804 0.204 -0.844 -1.428 -1.936 -2.671 -3.272 -3.346
0.0015467 -1.00000 10.14613 0.7992936969 2.4184772968    0.683  2.449  3.6612  1.420    7  0.000  0.512     0.00     0.00 -1 -1.32e-08      0.00 7.390e-01 2.579e-01 2.697e-04 8.888e-05 7.035e-04 -1.000 3.127e-03 -1.353 0.824 0.161 -0.928 -1.526 -2.041 -2.790 -3.400 -3.476
0.0015467 -1.00000 10.14613 0.7993030548 2.4184806347    0.676  2.491  3.6574  1.359    7  0.000  0.511     0.00     0.00 -1 -1.72e-08      0.00 7.390e-01 2.579e-01 2.691e-04 8.911e-05 7.035e-04 -1.000 3.090e-03 -1.458 0.852 0.121 -1.009 -1.620 -2.144 -2.908 -3.527 -3.605
0.0015467 -1.00000 10.14613 0.7993115187 2.4184834957    0.668  2.533  3.6536  1.296    7  0.000  0.508     0.00     0.00 -1 -2.24e-08      0.00 7.390e-01 2.580e-01 2.676e-04 9.016e-05 7.035e-04 -1.000 3.031e-03 -1.563 0.863 0.074 -1.087 -1.711 -2.244 -3.024 -3.656 -3.736
0.0015467 -1.00000 10.14613 0.7993193269 2.4184863567    0.657  2.575  3.6476  1.223    7  0.000  0.502     0.00     0.00 -1 -2.95e-08      0.00 7.390e-01 2.580e-01 2.643e-04 9.337e-05 7.035e-04 -1.000 3.010e-03 -1.668 0.933 0.058 -1.148 -1.793 -2.341 -3.147 -3.798 -3.883
0.0015467 -1.00000 10.14613 0.7993265986 2.4184887409    0.644  2.617  3.6406  1.144    7  0.000  0.493     0.00     0.00 -1 -3.95e-08      0.00 7.390e-01 2.581e-01 2.598e-04 9.861e-05 7.035e-04 -1.000 2.959e-03 -1.774 1.035 0.058 -1.198 -1.868 -2.433 -3.270 -3.945 -4.035
0.0015467 -1.00000 10.14613 0.7993301153 2.4184901714    0.637  2.639  3.6376  1.106    7  0.000  0.488     0.00     0.00 -1 -4.58e-08      0.00 7.390e-01 2.581e-01 2.574e-04 1.015e-04 7.035e-04 -1.000 2.946e-03 -1.827 1.075 0.052 -1.226 -1.906 -2.480 -3.330 -4.015 -4.108
0.0015467 -1.00000 10.14613 0.7993367314 2.4184923172    0.618  2.680  3.6346  1.040    7  0.000  0.479     0.00     0.00 -1 -6.17e-08      0.00 7.389e-01 2.581e-01 2.530e-04 1.069e-04 7.035e-04 -1.000 2.953e-03 -1.930 1.085 0.003 -1.302 -1.995 -2.578 -3.441 -4.136 -4.232
0.0015467 -1.00000 10.14613 0.7993431091 2.4184947014    0.594  2.721  3.6328  0.974    7  0.000  0.472     0.00     0.00 -1 -8.58e-08      0.00 7.389e-01 2.582e-01 2.492e-04 1.115e-04 7.035e-04 -1.000 2.933e-03 -2.032 1.075 -0.057 -1.386 -2.089 -2.678 -3.550 -4.250 -4.347
0.0015467 -1.00000 10.14613 0.7993493080 2.4184968472    0.560  2.764  3.6348  0.914    7  0.000  0.465     0.00     0.00 -1 -1.26e-07      0.00 7.389e-01 2.582e-01 2.457e-04 1.158e-04 7.035e-04 -1.000 2.889e-03 -2.139 0.971 -0.170 -1.504 -2.206 -2.792 -3.656 -4.347 -4.442
0.0015467 -1.00000 10.14613 0.7993536592 2.4184982777    0.525  2.796  3.6440  0.891    7  0.000  0.460     0.00     0.00 -1 -1.71e-07      0.00 7.388e-01 2.583e-01 2.432e-04 1.189e-04 7.035e-04 -1.000 2.888e-03 -2.220 0.683 -0.367 -1.658 -2.333 -2.896 -3.720 -4.376 -4.464
0.0015467 -1.00000 10.14613 0.7993550301 2.4184987545    0.507  2.806  3.6530  0.900    7  0.000  0.458     0.00     0.00 -1 -1.87e-07      0.00 7.388e-01 2.583e-01 2.421e-04 1.203e-04 7.034e-04 -1.000 2.878e-03 -2.246 0.441 -0.511 -1.750 -2.398 -2.940 -3.726 -4.350 -4.432
0.0015467 -1.00000 10.14613 1.0965409279 2.4910964966    0.544 -4.707  3.5307  7.956    9  0.545  0.000     0.00     0.00 -1    -1e-30      0.00 7.252e-01 2.732e-01 2.244e-04 1.654e-04 7.173e-04 -1.000 1.584e-03 16.538 21.931 20.106 18.336 17.073 15.836 14.708 14.201 14.046
#isochrone terminated
