Zini     MH   logAge Mini        int_IMF         Mass   logL    logTe  logg  label   McoreTP C_O  period0 period1 pmode  Mloss  tau1m   X   Y   Xc  Xn  Xo  Cexcess  Z 	 mbolmag  Umag    Bmag    Vmag    Rmag    Imag    Jmag    Hmag    Kmag
0.0015467 -1.00000 10.17609 0.0900000036 1.0816895962    0.090 -3.237  3.4441  5.358    1  0.000  0.545     0.00     0.00 -1 -4.87e-22      0.00 7.444e-01 2.540e-01 2.929e-04 7.903e-05 7.168e-04 -1.000 1.629e-03 12.863 21.264 18.516 16.515 14.477 12.446 10.798 10.426 10.261
0.0015467 -1.00000 10.17609 0.0963779464 1.1401175261    0.096 -3.082  3.4660  5.320    1  0.000  0.545     0.00     0.00 -1 -3.02e-21      0.00 7.434e-01 2.550e-01 2.929e-04 7.903e-05 7.168e-04 -1.000 1.629e-03 12.475 19.845 17.433 15.492 13.759 11.967 10.480 10.041 9.864
0.0015467 -1.00000 10.17609 0.1000000015 1.1711064577    0.100 -2.999  3.4778  5.300    1  0.000  0.545     0.00     0.00 -1 -1.26e-20      0.00 7.429e-01 2.555e-01 2.929e-04 7.903e-05 7.168e-04 -1.000 1.629e-03 12.267 19.122 16.876 14.967 13.379 11.717 10.309 9.839 9.656
0.0015467 -1.00000 10.17609 0.1200000048 1.3193155527    0.120 -2.717  3.5112  5.231    1  0.000  0.545     0.00     0.00 -1 -1.58e-21      0.00 7.403e-01 2.580e-01 2.929e-04 7.903e-05 7.168e-04 -1.000 1.629e-03 11.563 17.080 15.297 13.515 12.237 10.933 9.713 9.181 8.979
0.0015467 -1.00000 10.17609 0.1400000006 1.4384527206    0.140 -2.531  3.5290  5.183    1  0.000  0.545     0.00     0.00 -1 -1.76e-22      0.00 7.383e-01 2.600e-01 2.929e-04 7.904e-05 7.168e-04 -1.000 1.629e-03 11.099 16.011 14.437 12.752 11.582 10.441 9.304 8.752 8.545
0.0015467 -1.00000 10.17609 0.1599999964 1.5372931957    0.160 -2.389  3.5402  5.143    1  0.000  0.545     0.00     0.00 -1 -1.53e-22      0.00 7.368e-01 2.616e-01 2.929e-04 7.904e-05 7.168e-04 -1.000 1.629e-03 10.741 15.317 13.856 12.238 11.123 10.071 8.980 8.419 8.210
0.0015467 -1.00000 10.17609 0.2000000179 1.6938792467    0.200 -2.165  3.5548  5.075    1  0.000  0.545     0.00     0.00 -1 -8.14e-23      0.00 7.353e-01 2.631e-01 2.929e-04 7.904e-05 7.168e-04 -1.000 1.629e-03 10.183 14.363 13.033 11.503 10.449 9.500 8.466 7.895 7.684
0.0015467 -1.00000 10.17609 0.2500000298 1.8403259516    0.250 -1.960  3.5663  5.013    1  0.000  0.545     0.00     0.00 -1 -8.37e-23      0.00 7.351e-01 2.632e-01 2.929e-04 7.904e-05 7.168e-04 -1.000 1.629e-03 9.671 13.566 12.330 10.867 9.856 8.981 7.988 7.411 7.198
0.0015467 -1.00000 10.17609 0.3000000417 1.9529141188    0.300 -1.803  3.5751  4.970    1  0.000  0.545     0.00     0.00 -1 -8.86e-25      0.00 7.353e-01 2.630e-01 2.929e-04 7.904e-05 7.168e-04 -1.000 1.629e-03 9.278 12.979 11.805 10.390 9.411 8.584 7.621 7.039 6.827
0.0015467 -1.00000 10.17609 0.3500000238 2.0434176922    0.350 -1.672  3.5824  4.935    1  0.000  0.545     0.00     0.00 -1 -8.24e-21      0.00 7.464e-01 2.520e-01 2.929e-04 7.903e-05 7.168e-04 -1.000 1.629e-03 8.949 12.495 11.371 9.996 9.043 8.252 7.313 6.727 6.518
0.0015467 -1.00000 10.17609 0.4000000358 2.1185026169    0.400 -1.517  3.5940  4.885    1  0.000  0.545     0.00     0.00 -1 -1.29e-19      0.00 7.470e-01 2.514e-01 2.929e-04 7.903e-05 7.168e-04 -1.000 1.629e-03 8.562 11.876 10.828 9.515 8.604 7.862 6.959 6.367 6.166
0.0015467 -1.00000 10.17609 0.4499999881 2.1822810173    0.450 -1.335  3.6115  4.824    1  0.000  0.545     0.00     0.00 -1 -1.04e-20      0.00 7.470e-01 2.514e-01 2.929e-04 7.903e-05 7.168e-04 -1.000 1.629e-03 8.108 11.097 10.148 8.931 8.084 7.403 6.550 5.946 5.769
0.0015467 -1.00000 10.17609 0.5000000000 2.2374541759    0.500 -1.127  3.6399  4.775    1  0.000  0.545     0.00     0.00 -1 -8.16e-26      0.00 7.470e-01 2.514e-01 2.929e-04 7.903e-05 7.168e-04 -1.000 1.629e-03 7.587 10.085 9.283 8.216 7.474 6.882 6.101 5.490 5.357
0.0015467 -1.00000 10.17609 0.5500000715 2.2836585045    0.550 -0.889  3.6742  4.715    1  0.000  0.544     0.00     0.00 -1 -1.47e-21      0.00 7.891e-01 2.095e-01 2.479e-04 6.695e-05 6.076e-04 -1.000 1.388e-03 6.992 8.830 8.290 7.399 6.789 6.291 5.608 5.053 4.955
0.0015467 -1.00000 10.17609 0.6000000238 2.3211214542    0.600 -0.667  3.7066  4.661    1  0.000  0.543     0.00     0.00 -1 -1.04e-23      0.00 7.985e-01 2.001e-01 2.388e-04 6.451e-05 5.858e-04 -1.000 1.334e-03 6.438 7.692 7.450 6.684 6.181 5.746 5.171 4.706 4.627
0.0015467 -1.00000 10.17609 0.6087142825 2.3269305229    0.608 -0.627  3.7126  4.651    1  0.000  0.543     0.00     0.00 -1 -1.15e-27      0.00 8.003e-01 1.984e-01 2.369e-04 6.403e-05 5.815e-04 -1.000 1.303e-03 6.337 7.500 7.307 6.562 6.076 5.650 5.094 4.645 4.568
0.0015467 -1.00000 10.17609 0.6218821406 2.3353545666    0.622 -0.566  3.7215  4.635    1  0.000  0.543     0.00     0.00 -1 -2.22e-23      0.00 8.031e-01 1.957e-01 2.341e-04 6.329e-05 5.748e-04 -1.000 1.284e-03 6.185 7.218 7.094 6.381 5.917 5.507 4.977 4.550 4.478
0.0015467 -1.00000 10.17609 0.6339476109 2.3427207470    0.634 -0.509  3.7296  4.620    1  0.000  0.543     0.00     0.00 -1    -2e-19      0.00 8.057e-01 1.931e-01 2.315e-04 6.259e-05 5.685e-04 -1.000 1.284e-03 6.044 6.971 6.903 6.218 5.773 5.375 4.868 4.460 4.392
0.0015467 -1.00000 10.17609 0.6492673159 2.3516218662    0.649 -0.437  3.7396  4.597    1  0.000  0.543     0.00     0.00 -1 -1.06e-24      0.00 8.090e-01 1.897e-01 2.280e-04 6.167e-05 5.603e-04 -1.000 1.285e-03 5.862 6.671 6.665 6.014 5.590 5.207 4.728 4.342 4.279
0.0015467 -1.00000 10.17609 0.6499999762 2.3520355225    0.650 -0.433  3.7400  4.596    1  0.000  0.543     0.00     0.00 -1 -1.77e-20      0.00 8.092e-01 1.895e-01 2.279e-04 6.163e-05 5.599e-04 -1.000 1.247e-03 5.853 6.656 6.653 6.004 5.581 5.199 4.721 4.336 4.273
0.0015467 -1.00000 10.17609 0.6547873020 2.3547117710    0.655 -0.410  3.7429  4.588    1  0.000  0.543     0.00     0.00 -1 -1.44e-23      0.00 8.105e-01 1.883e-01 2.266e-04 6.129e-05 5.569e-04 -1.000 1.214e-03 5.795 6.567 6.580 5.941 5.524 5.146 4.676 4.296 4.235
0.0015467 -1.00000 10.17609 0.6649883986 2.3602674007    0.665 -0.360  3.7488  4.567    1  0.000  0.542     0.00     0.00 -1 -1.31e-25      0.00 8.133e-01 1.854e-01 2.239e-04 6.056e-05 5.503e-04 -1.000 1.264e-03 5.669 6.377 6.423 5.804 5.400 5.032 4.576 4.208 4.150
0.0015467 -1.00000 10.17609 0.6751129031 2.3655908108    0.675 -0.308  3.7545  4.545    1  0.000  0.542     0.00     0.00 -1 -3.37e-22      0.00 8.163e-01 1.825e-01 2.210e-04 5.980e-05 5.436e-04 -1.000 1.226e-03 5.541 6.191 6.265 5.666 5.274 4.916 4.474 4.115 4.062
0.0015467 -1.00000 10.17609 0.6842526197 2.3702411652    0.684 -0.260  3.7594  4.523    1  0.000  0.542     0.00     0.00 -1 -3.74e-19      0.00 8.190e-01 1.798e-01 2.184e-04 5.910e-05 5.373e-04 -1.000 1.203e-03 5.421 6.021 6.118 5.538 5.157 4.807 4.377 4.027 3.977
0.0015467 -1.00000 10.17609 0.6930232048 2.3745713234    0.693 -0.212  3.7640  4.499    1  0.000  0.542     0.00     0.00 -1 -1.44e-20      0.00 8.217e-01 1.771e-01 2.158e-04 5.841e-05 5.312e-04 -1.000 1.203e-03 5.300 5.860 5.976 5.412 5.041 4.698 4.278 3.936 3.889
0.0015467 -1.00000 10.17609 0.6999999881 2.3779268265    0.700 -0.172  3.7675  4.477    1  0.000  0.541     0.00     0.00 -1 -2.78e-22      0.00 8.239e-01 1.749e-01 2.137e-04 5.785e-05 5.262e-04 -1.000 1.203e-03 5.200 5.730 5.859 5.309 4.944 4.607 4.195 3.859 3.815
0.0015467 -1.00000 10.17609 0.7052523494 2.3804025650    0.705 -0.141  3.7701  4.460    1  0.000  0.540     0.00     0.00 -1 -2.49e-23      0.00 8.259e-01 1.729e-01 2.114e-04 5.733e-05 5.216e-04 -1.000 1.203e-03 5.123 5.631 5.768 5.228 4.869 4.536 4.130 3.798 3.756
0.0015467 -1.00000 10.17609 0.7142053246 2.3845264912    0.714 -0.085  3.7743  4.426    1  0.000  0.539     0.00     0.00 -1 -8.68e-26      0.00 8.295e-01 1.693e-01 2.075e-04 5.641e-05 5.135e-04 -1.000 1.178e-03 4.982 5.458 5.608 5.084 4.733 4.407 4.011 3.686 3.647
0.0015467 -1.00000 10.17609 0.7219687104 2.3880074024    0.722 -0.033  3.7778  4.392    1  0.000  0.537     0.00     0.00 -1 -4.14e-23      0.00 8.327e-01 1.661e-01 2.040e-04 5.559e-05 5.063e-04 -1.000 1.159e-03 4.852 5.301 5.461 4.950 4.607 4.286 3.898 3.578 3.541
0.0015467 -1.00000 10.17609 0.7294719219 2.3912909031    0.729  0.021  3.7808  4.355    1  0.000  0.536     0.00     0.00 -1 -1.56e-20      0.00 8.359e-01 1.630e-01 2.007e-04 5.479e-05 4.992e-04 -1.000 1.123e-03 4.719 5.148 5.313 4.814 4.477 4.162 3.780 3.465 3.431
0.0015467 -1.00000 10.17609 0.7366037965 2.3943405151    0.736  0.074  3.7832  4.316    1  0.000  0.535     0.00     0.00 -1 -4.35e-18      0.00 8.386e-01 1.603e-01 1.978e-04 5.410e-05 4.931e-04 -1.000 1.118e-03 4.586 5.002 5.169 4.680 4.347 4.036 3.659 3.349 3.316
0.0015467 -1.00000 10.17609 0.7431390285 2.3970761299    0.742  0.126  3.7849  4.274    1  0.000  0.533     0.00     0.00 -1 -7.54e-16      0.00 8.399e-01 1.590e-01 1.963e-04 5.379e-05 4.904e-04 -1.000 1.109e-03 4.456 4.863 5.030 4.547 4.219 3.910 3.537 3.230 3.198
0.0015467 -1.00000 10.17609 0.7471419573 2.3987245560    0.746  0.159  3.7857  4.246    1  0.000  0.533     0.00     0.00 -1 -1.12e-24      0.00 8.405e-01 1.584e-01 1.956e-04 5.365e-05 4.893e-04 -1.000 1.105e-03 4.371 4.775 4.941 4.462 4.136 3.829 3.457 3.151 3.120
0.0015467 -1.00000 10.17609 0.7486361861 2.3993346691    0.748  0.173  3.7857  4.233    1  0.000  0.533     0.00     0.00 -1 -1.73e-24      0.00 8.406e-01 1.583e-01 1.955e-04 5.363e-05 4.891e-04 -1.000 1.104e-03 4.337 4.740 4.906 4.427 4.101 3.794 3.422 3.117 3.085
0.0015467 -1.00000 10.17609 0.7500000000 2.3998889923    0.749  0.186  3.7858  4.222    1  0.000  0.532     0.00     0.00 -1 -2.59e-24      0.00 8.407e-01 1.582e-01 1.954e-04 5.361e-05 4.890e-04 -1.000 1.103e-03 4.305 4.708 4.873 4.396 4.069 3.762 3.391 3.085 3.054
0.0015467 -1.00000 10.17609 0.7500743866 2.3999192715    0.749  0.187  3.7858  4.221    1  0.000  0.532     0.00     0.00 -1  -2.7e-24      0.00 8.407e-01 1.582e-01 1.954e-04 5.361e-05 4.890e-04 -1.000 1.103e-03 4.303 4.707 4.872 4.394 4.068 3.761 3.389 3.084 3.052
0.0015467 -1.00000 10.17609 0.7559890747 2.4022965431    0.755  0.246  3.7847  4.160    1  0.000  0.532     0.00     0.00 -1 -2.19e-24      0.00 8.411e-01 1.578e-01 1.951e-04 5.357e-05 4.887e-04 -1.000 1.110e-03 4.154 4.565 4.725 4.245 3.918 3.609 3.235 2.928 2.896
0.0015467 -1.00000 10.17609 0.7607327700 2.4041726589    0.760  0.299  3.7824  4.101    1  0.000  0.532     0.00     0.00 -1 -7.05e-27      0.00 8.404e-01 1.585e-01 1.965e-04 5.394e-05 4.921e-04 -1.000 1.140e-03 4.023 4.446 4.601 4.115 3.784 3.473 3.093 2.781 2.748
0.0015467 -1.00000 10.17609 0.7622454762 2.4047651291    0.761  0.319  3.7806  4.075    1  0.000  0.532     0.00     0.00 -1 -2.48e-26      0.00 8.382e-01 1.606e-01 1.994e-04 5.475e-05 4.995e-04 -1.000 1.143e-03 3.973 4.406 4.558 4.067 3.733 3.418 3.034 2.719 2.685
0.0015467 -1.00000 10.17609 0.7652284503 2.4059259892    0.764  0.360  3.7758  4.016    2  0.000  0.532     0.00     0.00 -1 -2.97e-25      0.00 8.311e-01 1.678e-01 2.086e-04 5.726e-05 5.224e-04 -1.000 1.179e-03 3.869 4.334 4.475 3.968 3.625 3.303 2.908 2.584 2.547
0.0015467 -1.00000 10.17609 0.7673906684 2.4067606926    0.766  0.394  3.7702  3.961    2  0.000  0.532     0.00     0.00 -1 -1.83e-24      0.00 8.194e-01 1.793e-01 2.214e-04 6.077e-05 5.542e-04 -1.000 1.247e-03 3.785 4.288 4.415 3.890 3.536 3.206 2.797 2.463 2.423
0.0015467 -1.00000 10.17609 0.7693020105 2.4074943066    0.768  0.428  3.7622  3.896    2  0.000  0.534     0.00     0.00 -1 -9.22e-24      0.00 8.019e-01 1.968e-01 2.385e-04 6.538e-05 5.958e-04 -1.000 1.333e-03 3.700 4.263 4.367 3.815 3.446 3.103 2.675 2.326 2.281
0.0015467 -1.00000 10.17609 0.7705537081 2.4079723358    0.769  0.454  3.7548  3.841    2  0.000  0.535     0.00     0.00 -1  -2.7e-23      0.00 7.894e-01 2.092e-01 2.498e-04 6.841e-05 6.228e-04 -1.000 1.398e-03 3.635 4.256 4.338 3.761 3.378 3.023 2.577 2.214 2.164
0.0015467 -1.00000 10.17609 0.7716521621 2.4083902836    0.771  0.484  3.7470  3.780    2  0.000  0.535     0.00     0.00 -1 -7.03e-23      0.00 7.799e-01 2.186e-01 2.580e-04 7.061e-05 6.425e-04 -1.000 1.444e-03 3.559 4.244 4.302 3.698 3.301 2.933 2.467 2.089 2.034
0.0015467 -1.00000 10.17609 0.7726041079 2.4087514877    0.771  0.522  3.7401  3.716    2  0.000  0.536     0.00     0.00 -1 -1.65e-22      0.00 7.734e-01 2.251e-01 2.637e-04 7.213e-05 6.560e-04 -1.000 1.466e-03 3.466 4.210 4.245 3.619 3.208 2.830 2.345 1.953 1.894
0.0015467 -1.00000 10.17609 0.7733358741 2.4090285301    0.772  0.560  3.7354  3.660    2  0.000  0.536     0.00     0.00 -1 -3.24e-22      0.00 7.693e-01 2.292e-01 2.672e-04 7.307e-05 6.644e-04 -1.000 1.484e-03 3.371 4.160 4.176 3.534 3.115 2.728 2.230 1.827 1.766
0.0015467 -1.00000 10.17609 0.7738289237 2.4092147350    0.773  0.590  3.7326  3.619    2  0.000  0.536     0.00     0.00 -1 -5.16e-22      0.00 7.669e-01 2.316e-01 2.692e-04 7.361e-05 6.692e-04 -1.000 1.515e-03 3.295 4.112 4.116 3.465 3.040 2.650 2.143 1.733 1.671
0.0015467 -1.00000 10.17609 0.7739416957 2.4092574120    0.773  0.598  3.7321  3.608    2  0.000  0.537     0.00     0.00 -1 -5.75e-22      0.00 7.664e-01 2.321e-01 2.696e-04 7.371e-05 6.700e-04 -1.000 1.524e-03 3.275 4.096 4.099 3.445 3.020 2.629 2.121 1.709 1.647
0.0015467 -1.00000 10.17609 0.7745351791 2.4094810486    0.773  0.642  3.7295  3.554    3  0.000  0.537     0.00     0.00 -1 -1.02e-21      0.00 7.637e-01 2.347e-01 2.715e-04 7.422e-05 6.746e-04 -1.000 1.563e-03 3.165 4.010 4.003 3.341 2.912 2.516 2.000 1.582 1.519
0.0015467 -1.00000 10.17609 0.7750352025 2.4096693993    0.774  0.683  3.7276  3.506    3  0.000  0.537     0.00     0.00 -1 -1.66e-21      0.00 7.616e-01 2.369e-01 2.729e-04 7.459e-05 6.779e-04 -1.000 1.529e-03 3.062 3.927 3.912 3.244 2.811 2.413 1.891 1.467 1.403
0.0015467 -1.00000 10.17609 0.7755900621 2.4098780155    0.774  0.732  3.7258  3.450    3  0.000  0.537     0.00     0.00 -1 -2.89e-21      0.00 7.593e-01 2.392e-01 2.742e-04 7.495e-05 6.811e-04 -1.000 1.548e-03 2.939 3.823 3.799 3.125 2.689 2.288 1.760 1.331 1.267
0.0015467 -1.00000 10.17609 0.7761028409 2.4100704193    0.775  0.781  3.7242  3.394    3  0.000  0.537     0.00     0.00 -1 -4.87e-21      0.00 7.572e-01 2.412e-01 2.752e-04 7.523e-05 6.836e-04 -1.000 1.529e-03 2.816 3.717 3.686 3.007 2.568 2.164 1.631 1.197 1.133
0.0015467 -1.00000 10.17609 0.7766174078 2.4102630615    0.775  0.835  3.7226  3.334    3  0.000  0.537     0.00     0.00 -1 -8.32e-21      0.00 7.552e-01 2.433e-01 2.759e-04 7.550e-05 6.857e-04 -1.000 1.549e-03 2.682 3.599 3.560 2.876 2.435 2.028 1.490 1.052 0.987
0.0015467 -1.00000 10.17609 0.7770730853 2.4104337692    0.776  0.887  3.7211  3.277    3  0.000  0.536     0.00     0.00 -1 -1.35e-20      0.00 7.533e-01 2.452e-01 2.763e-04 7.578e-05 6.875e-04 -1.000 1.535e-03 2.552 3.483 3.438 2.750 2.306 1.897 1.354 0.912 0.847
0.0015467 -1.00000 10.17609 0.7774596810 2.4105780125    0.776  0.935  3.7198  3.224    3  0.000  0.535     0.00     0.00 -1 -2.06e-20      0.00 7.517e-01 2.468e-01 2.762e-04 7.608e-05 6.887e-04 -1.000 1.566e-03 2.432 3.377 3.326 2.633 2.187 1.776 1.229 0.782 0.717
0.0015467 -1.00000 10.17609 0.7777622938 2.4106910229    0.776  0.976  3.7186  3.178    3  0.000  0.534     0.00     0.00 -1 -2.89e-20      0.00 7.505e-01 2.479e-01 2.760e-04 7.641e-05 6.895e-04 -1.000 1.545e-03 2.330 3.288 3.232 2.535 2.087 1.673 1.122 0.673 0.607
0.0015467 -1.00000 10.17609 0.7780973315 2.4108159542    0.777  1.025  3.7172  3.124    3  0.000  0.532     0.00     0.00 -1 -4.25e-20      0.00 7.493e-01 2.492e-01 2.755e-04 7.697e-05 6.903e-04 -1.000 1.559e-03 2.208 3.182 3.119 2.417 1.966 1.551 0.995 0.541 0.475
0.0015467 -1.00000 10.17609 0.7784175873 2.4109354019    0.777  1.076  3.7157  3.067    3  0.000  0.530     0.00     0.00 -1  -6.2e-20      0.00 7.481e-01 2.503e-01 2.747e-04 7.773e-05 6.911e-04 -1.000 1.559e-03 2.080 3.072 3.001 2.294 1.840 1.422 0.861 0.403 0.336
0.0015467 -1.00000 10.17609 0.7787077427 2.4110434055    0.777  1.127  3.7140  3.010    3  0.000  0.528     0.00     0.00 -1 -8.84e-20      0.00 7.472e-01 2.512e-01 2.740e-04 7.851e-05 6.916e-04 -1.000 1.579e-03 1.953 2.963 2.885 2.171 1.715 1.294 0.728 0.264 0.197
0.0015467 -1.00000 10.17609 0.7789610028 2.4111375809    0.777  1.175  3.7124  2.955    3  0.000  0.527     0.00     0.00 -1 -1.22e-19      0.00 7.465e-01 2.519e-01 2.732e-04 7.928e-05 6.920e-04 -1.000 1.582e-03 1.831 2.861 2.774 2.054 1.595 1.171 0.599 0.131 0.063
0.0015467 -1.00000 10.17609 0.7791899443 2.4112226963    0.777  1.224  3.7107  2.900    3  0.000  0.525     0.00     0.00 -1 -1.64e-19      0.00 7.460e-01 2.524e-01 2.726e-04 7.993e-05 6.923e-04 -1.000 1.571e-03 1.710 2.761 2.665 1.938 1.476 1.049 0.471 -0.002 -0.070
0.0015467 -1.00000 10.17609 0.7793958783 2.4112992287    0.777  1.271  3.7090  2.845    3  0.000  0.524     0.00     0.00 -1 -2.18e-19      0.00 7.457e-01 2.527e-01 2.722e-04 8.039e-05 6.924e-04 -1.000 1.559e-03 1.592 2.664 2.558 1.825 1.359 0.929 0.345 -0.133 -0.202
0.0015467 -1.00000 10.17609 0.7795871496 2.4113702774    0.778  1.320  3.7072  2.790    3  0.000  0.524     0.00     0.00 -1 -2.85e-19      0.00 7.455e-01 2.529e-01 2.720e-04 8.067e-05 6.926e-04 -1.000 1.554e-03 1.471 2.567 2.450 1.710 1.241 0.807 0.217 -0.267 -0.336
0.0015467 -1.00000 10.17609 0.7797563672 2.4114329815    0.778  1.367  3.7053  2.735    3  0.000  0.524     0.00     0.00 -1 -3.66e-19      0.00 7.454e-01 2.530e-01 2.718e-04 8.081e-05 6.926e-04 -1.000 1.544e-03 1.353 2.474 2.347 1.599 1.126 0.689 0.093 -0.397 -0.466
0.0015467 -1.00000 10.17609 0.7799142599 2.4114916325    0.778  1.415  3.7034  2.680    3  0.000  0.523     0.00     0.00 -1 -4.67e-19      0.00 7.454e-01 2.530e-01 2.718e-04 8.085e-05 6.926e-04 -1.000 1.544e-03 1.233 2.379 2.241 1.486 1.009 0.568 -0.035 -0.531 -0.601
0.0015467 -1.00000 10.17609 0.7800537944 2.4115433693    0.778  1.461  3.7014  2.625    3  0.000  0.523     0.00     0.00 -1 -5.85e-19      0.00 7.454e-01 2.530e-01 2.718e-04 8.087e-05 6.927e-04 -1.000 1.544e-03 1.117 2.288 2.140 1.377 0.895 0.451 -0.159 -0.661 -0.731
0.0015467 -1.00000 10.17609 0.7801781893 2.4115893841    0.778  1.506  3.6994  2.572    3  0.000  0.523     0.00     0.00 -1 -7.21e-19      0.00 7.454e-01 2.531e-01 2.718e-04 8.088e-05 6.927e-04 -1.000 1.544e-03 1.004 2.201 2.042 1.270 0.785 0.337 -0.279 -0.788 -0.858
0.0015467 -1.00000 10.17609 0.7802935243 2.4116320610    0.778  1.552  3.6974  2.518    3  0.000  0.523     0.00     0.00 -1 -8.83e-19      0.00 7.454e-01 2.531e-01 2.718e-04 8.090e-05 6.927e-04 -1.000 1.544e-03 0.890 2.115 1.943 1.164 0.675 0.223 -0.401 -0.916 -0.987
0.0015467 -1.00000 10.17609 0.7803958654 2.4116699696    0.778  1.596  3.6954  2.466    3  0.000  0.523     0.00     0.00 -1 -1.07e-18      0.00 7.454e-01 2.531e-01 2.718e-04 8.091e-05 6.927e-04 -1.000 1.543e-03 0.780 2.036 1.850 1.062 0.568 0.113 -0.518 -1.039 -1.111
0.0015467 -1.00000 10.17609 0.7804923654 2.4117057323    0.778  1.641  3.6933  2.413    3  0.000  0.523     0.00     0.00 -1 -1.28e-18      0.00 7.454e-01 2.531e-01 2.717e-04 8.092e-05 6.927e-04 -1.000 1.543e-03 0.668 1.960 1.756 0.958 0.458 -0.001 -0.638 -1.165 -1.238
0.0015467 -1.00000 10.17609 0.7805793285 2.4117379189    0.778  1.684  3.6911  2.361    3  0.000  0.523     0.00     0.00 -1 -1.53e-18      0.00 7.454e-01 2.531e-01 2.717e-04 8.093e-05 6.927e-04 -1.000 1.543e-03 0.560 1.886 1.666 0.857 0.353 -0.110 -0.755 -1.288 -1.361
0.0015467 -1.00000 10.17609 0.7806605697 2.4117679596    0.777  1.727  3.6890  2.309    3  0.000  0.523     0.00     0.00 -1 -1.81e-18      0.00 7.454e-01 2.531e-01 2.717e-04 8.094e-05 6.927e-04 -1.000 1.543e-03 0.452 1.816 1.577 0.758 0.248 -0.219 -0.871 -1.411 -1.484
0.0015467 -1.00000 10.17609 0.7807384729 2.4117968082    0.777  1.770  3.6868  2.258    3  0.000  0.523     0.00     0.00 -1 -2.14e-18      0.00 7.453e-01 2.531e-01 2.717e-04 8.095e-05 6.928e-04 -1.000 1.543e-03 0.345 1.749 1.491 0.661 0.146 -0.326 -0.986 -1.532 -1.607
0.0015467 -1.00000 10.17609 0.7808183432 2.4118263721    0.777  1.810  3.6848  2.209    3  0.000  0.523     0.00     0.00 -1 -2.52e-18      0.00 7.453e-01 2.531e-01 2.717e-04 8.096e-05 6.928e-04 -1.000 1.543e-03 0.244 1.685 1.410 0.569 0.049 -0.426 -1.094 -1.647 -1.722
0.0015467 -1.00000 10.17609 0.7808908820 2.4118530750    0.777  1.832  3.6838  2.184    3  0.000  0.523     0.00     0.00 -1 -2.82e-18      0.00 7.453e-01 2.531e-01 2.717e-04 8.097e-05 6.928e-04 -1.000 1.543e-03 0.191 1.649 1.365 0.520 -0.003 -0.480 -1.151 -1.707 -1.782
0.0015467 -1.00000 10.17609 0.7809429169 2.4118723869    0.777  1.817  3.6850  2.203    3  0.000  0.523     0.00     0.00 -1 -2.86e-18      0.00 7.453e-01 2.531e-01 2.717e-04 8.098e-05 6.928e-04 -1.000 1.543e-03 0.227 1.665 1.390 0.550 0.030 -0.444 -1.111 -1.664 -1.739
0.0015467 -1.00000 10.17609 0.7809615135 2.4118793011    0.777  1.812  3.6854  2.211    3  0.000  0.523     0.00     0.00 -1 -2.87e-18      0.00 7.453e-01 2.531e-01 2.717e-04 8.098e-05 6.928e-04 -1.000 1.543e-03 0.241 1.671 1.400 0.562 0.044 -0.430 -1.095 -1.646 -1.721
0.0015467 -1.00000 10.17609 0.7810130715 2.4118983746    0.777  1.850  3.6834  2.164    3  0.000  0.523     0.00     0.00 -1 -3.26e-18      0.00 7.453e-01 2.531e-01 2.717e-04 8.099e-05 6.928e-04 -1.000 1.543e-03 0.146 1.613 1.325 0.476 -0.047 -0.525 -1.198 -1.756 -1.831
0.0015467 -1.00000 10.17609 0.7810685039 2.4119188786    0.777  1.893  3.6809  2.111    3  0.000  0.523     0.00     0.00 -1 -3.79e-18      0.00 7.453e-01 2.531e-01 2.717e-04 8.099e-05 6.928e-04 -1.000 1.543e-03 0.037 1.548 1.239 0.378 -0.151 -0.634 -1.315 -1.881 -1.957
0.0015467 -1.00000 10.17609 0.7811207175 2.4119381905    0.776  1.937  3.6785  2.057    3  0.000  0.523     0.00     0.00 -1  -4.4e-18      0.00 7.453e-01 2.531e-01 2.717e-04 8.100e-05 6.928e-04 -1.000 1.543e-03 -0.072 1.485 1.154 0.281 -0.255 -0.742 -1.432 -2.007 -2.083
0.0015467 -1.00000 10.17609 0.7811681032 2.4119555950    0.776  1.979  3.6760  2.005    3  0.000  0.523     0.00     0.00 -1 -5.08e-18      0.00 7.453e-01 2.532e-01 2.717e-04 8.100e-05 6.928e-04 -1.000 1.543e-03 -0.178 1.425 1.073 0.187 -0.356 -0.848 -1.547 -2.129 -2.206
0.0015467 -1.00000 10.17609 0.7812111974 2.4119715691    0.776  2.021  3.6736  1.954    3  0.000  0.523     0.00     0.00 -1 -5.83e-18      0.00 7.453e-01 2.532e-01 2.717e-04 8.101e-05 6.928e-04 -1.000 1.543e-03 -0.281 1.397 1.005 0.089 -0.461 -0.955 -1.661 -2.248 -2.324
0.0015467 -1.00000 10.17609 0.7812505364 2.4119861126    0.776  2.061  3.6712  1.903    3  0.000  0.523     0.00     0.00 -1 -6.65e-18      0.00 7.453e-01 2.532e-01 2.717e-04 8.101e-05 6.928e-04 -1.000 1.543e-03 -0.383 1.364 0.937 -0.003 -0.561 -1.059 -1.773 -2.365 -2.441
0.0015467 -1.00000 10.17609 0.7812874317 2.4119997025    0.776  2.102  3.6687  1.852    3  0.000  0.523     0.00     0.00 -1 -7.59e-18      0.00 7.453e-01 2.532e-01 2.717e-04 8.102e-05 6.928e-04 -1.000 1.543e-03 -0.485 1.333 0.870 -0.095 -0.660 -1.162 -1.884 -2.483 -2.559
0.0015467 -1.00000 10.17609 0.7813218832 2.4120123386    0.775  2.143  3.6661  1.801    3  0.000  0.523     0.00     0.00 -1 -8.64e-18      0.00 7.453e-01 2.532e-01 2.717e-04 8.102e-05 6.928e-04 -1.000 1.543e-03 -0.588 1.306 0.804 -0.186 -0.759 -1.266 -1.997 -2.601 -2.678
0.0015467 -1.00000 10.17609 0.7813526988 2.4120237827    0.775  2.183  3.6636  1.750    3  0.000  0.523     0.00     0.00 -1 -9.78e-18      0.00 7.453e-01 2.532e-01 2.717e-04 8.103e-05 6.928e-04 -1.000 1.543e-03 -0.688 1.282 0.743 -0.273 -0.855 -1.366 -2.106 -2.717 -2.793
0.0015467 -1.00000 10.17609 0.7813810706 2.4120342731    0.775  2.223  3.6610  1.701    3  0.000  0.523     0.00     0.00 -1  -1.1e-17      0.00 7.453e-01 2.532e-01 2.717e-04 8.103e-05 6.928e-04 -1.000 1.543e-03 -0.787 1.261 0.683 -0.359 -0.949 -1.464 -2.214 -2.831 -2.908
0.0015467 -1.00000 10.17609 0.7814068794 2.4120438099    0.774  2.261  3.6585  1.652    3  0.000  0.523     0.00     0.00 -1 -1.24e-17      0.00 7.453e-01 2.532e-01 2.717e-04 8.103e-05 6.928e-04 -1.000 1.543e-03 -0.883 1.245 0.626 -0.442 -1.040 -1.560 -2.319 -2.943 -3.021
0.0015467 -1.00000 10.17609 0.7814310193 2.4120526314    0.774  2.300  3.6559  1.602    3  0.000  0.523     0.00     0.00 -1 -1.39e-17      0.00 7.453e-01 2.532e-01 2.717e-04 8.104e-05 6.928e-04 -1.000 1.543e-03 -0.980 1.212 0.562 -0.521 -1.127 -1.653 -2.423 -3.056 -3.136
0.0015467 -1.00000 10.17609 0.7814536095 2.4120609760    0.773  2.339  3.6533  1.553    3  0.000  0.523     0.00     0.00 -1 -1.56e-17      0.00 7.453e-01 2.532e-01 2.717e-04 8.104e-05 6.928e-04 -1.000 1.543e-03 -1.077 1.201 0.507 -0.603 -1.218 -1.749 -2.529 -3.169 -3.250
0.0015467 -1.00000 10.17609 0.7814744711 2.4120688438    0.773  2.377  3.6507  1.504    3  0.000  0.523     0.00     0.00 -1 -1.74e-17      0.00 7.453e-01 2.532e-01 2.717e-04 8.104e-05 6.928e-04 -1.000 1.543e-03 -1.173 1.193 0.455 -0.684 -1.307 -1.843 -2.634 -3.280 -3.363
0.0015467 -1.00000 10.17609 0.7814978957 2.4120774269    0.772  2.424  3.6474  1.444    3  0.000  0.523     0.00     0.00 -1    -2e-17      0.00 7.453e-01 2.532e-01 2.717e-04 8.104e-05 6.929e-04 -1.000 1.543e-03 -1.290 1.183 0.391 -0.776 -1.411 -1.955 -2.760 -3.417 -3.502
0.0015467 -1.00000 10.17609 0.7815155387 2.4120838642    0.772  2.462  3.6448  1.394    3  0.000  0.523     0.00     0.00 -1 -2.23e-17      0.00 7.453e-01 2.532e-01 2.717e-04 8.105e-05 6.929e-04 -1.000 1.543e-03 -1.386 1.176 0.339 -0.850 -1.495 -2.046 -2.863 -3.528 -3.615
0.0015467 -1.00000 10.17609 0.7815347910 2.4120910168    0.771  2.507  3.6416  1.336    3  0.000  0.523     0.00     0.00 -1 -2.53e-17      0.00 7.453e-01 2.532e-01 2.717e-04 8.105e-05 6.929e-04 -1.000 1.543e-03 -1.498 1.171 0.280 -0.936 -1.593 -2.153 -2.985 -3.660 -3.750
0.0015467 -1.00000 10.17609 0.7815525532 2.4120974541    0.770  2.552  3.6383  1.278    3  0.000  0.523     0.00     0.00 -1 -2.87e-17      0.00 7.453e-01 2.532e-01 2.717e-04 8.105e-05 6.929e-04 -1.000 1.543e-03 -1.610 1.168 0.221 -1.021 -1.691 -2.260 -3.105 -3.791 -3.883
0.0015467 -1.00000 10.17609 0.7815692425 2.4121036530    0.770  2.597  3.6351  1.219    3  0.000  0.523     0.00     0.00 -1 -3.26e-17      0.00 7.453e-01 2.532e-01 2.717e-04 8.105e-05 6.929e-04 -1.000 1.543e-03 -1.723 1.167 0.164 -1.106 -1.789 -2.367 -3.227 -3.924 -4.019
0.0015467 -1.00000 10.17609 0.7815840840 2.4121091366    0.769  2.641  3.6318  1.162    3  0.000  0.523     0.00     0.00 -1 -3.67e-17      0.00 7.453e-01 2.532e-01 2.717e-04 8.105e-05 6.929e-04 -1.000 1.543e-03 -1.832 1.171 0.110 -1.186 -1.882 -2.470 -3.345 -4.053 -4.150
0.0015467 -1.00000 10.17609 0.7815978527 2.4121141434    0.768  2.684  3.6286  1.105    3  0.000  0.523     0.00     0.00 -1 -4.13e-17      0.00 7.453e-01 2.532e-01 2.717e-04 8.106e-05 6.929e-04 -1.000 1.543e-03 -1.940 1.179 0.059 -1.264 -1.974 -2.571 -3.460 -4.180 -4.280
0.0015467 -1.00000 10.17609 0.7816105485 2.4121189117    0.767  2.727  3.6254  1.049    3  0.000  0.523     0.00     0.00 -1 -4.65e-17      0.00 7.453e-01 2.532e-01 2.717e-04 8.106e-05 6.929e-04 -1.000 1.543e-03 -2.048 1.190 0.010 -1.340 -2.064 -2.671 -3.575 -4.306 -4.409
0.0015467 -1.00000 10.17609 0.7816221714 2.4121232033    0.765  2.770  3.6221  0.993    3  0.000  0.523     0.00     0.00 -1 -5.22e-17      0.00 7.453e-01 2.532e-01 2.717e-04 8.106e-05 6.929e-04 -1.000 1.543e-03 -2.154 1.208 -0.034 -1.413 -2.151 -2.768 -3.689 -4.431 -4.537
0.0015467 -1.00000 10.17609 0.7816328406 2.4121272564    0.764  2.811  3.6189  0.937    3  0.000  0.523     0.00     0.00 -1 -5.84e-17      0.00 7.453e-01 2.532e-01 2.717e-04 8.106e-05 6.929e-04 -1.000 1.543e-03 -2.258 1.237 -0.072 -1.482 -2.236 -2.864 -3.800 -4.553 -4.663
0.0015467 -1.00000 10.17609 0.7816429734 2.4121308327    0.763  2.854  3.6157  0.881    3  0.000  0.523     0.00     0.00 -1 -6.54e-17      0.00 7.453e-01 2.532e-01 2.717e-04 8.106e-05 6.929e-04 -1.000 1.543e-03 -2.364 1.269 -0.109 -1.550 -2.321 -2.961 -3.913 -4.677 -4.790
0.0015467 -1.00000 10.17609 0.7816522121 2.4121344090    0.761  2.895  3.6124  0.826    3  0.000  0.523     0.00     0.00 -1 -7.31e-17      0.00 7.453e-01 2.532e-01 2.717e-04 8.106e-05 6.929e-04 -1.000 1.543e-03 -2.467 1.302 -0.143 -1.615 -2.404 -3.056 -4.024 -4.799 -4.916
0.0015467 -1.00000 10.17609 0.7816604972 2.4121372700    0.759  2.935  3.6093  0.773    3  0.000  0.523     0.00     0.00 -1 -8.13e-17      0.00 7.453e-01 2.532e-01 2.717e-04 8.106e-05 6.929e-04 -1.000 1.543e-03 -2.567 1.336 -0.174 -1.677 -2.482 -3.146 -4.129 -4.915 -5.036
0.0015467 -1.00000 10.17609 0.7816684842 2.4121403694    0.758  2.975  3.6061  0.719    3  0.000  0.523     0.00     0.00 -1 -9.05e-17      0.00 7.453e-01 2.532e-01 2.717e-04 8.107e-05 6.929e-04 -1.000 1.543e-03 -2.668 1.374 -0.204 -1.738 -2.561 -3.237 -4.237 -5.034 -5.158
0.0015467 -1.00000 10.17609 0.7816761136 2.4121432304    0.756  3.016  3.6029  0.664    3  0.000  0.523     0.00     0.00 -1 -1.01e-16      0.00 7.453e-01 2.532e-01 2.717e-04 8.107e-05 6.929e-04 -1.000 1.543e-03 -2.770 1.413 -0.233 -1.800 -2.640 -3.329 -4.345 -5.153 -5.282
0.0015467 -1.00000 10.17609 0.7816827297 2.4121456146    0.754  3.054  3.5999  0.612    3  0.000  0.523     0.00     0.00 -1 -1.12e-16      0.00 7.453e-01 2.532e-01 2.717e-04 8.107e-05 6.929e-04 -1.000 1.543e-03 -2.866 1.453 -0.258 -1.855 -2.713 -3.414 -4.446 -5.265 -5.397
0.0015467 -1.00000 10.17609 0.7816892266 2.4121479988    0.751  3.093  3.5968  0.559    3  0.000  0.523     0.00     0.00 -1 -1.24e-16      0.00 7.453e-01 2.532e-01 2.717e-04 8.107e-05 6.929e-04 -1.000 1.543e-03 -2.964 1.494 -0.281 -1.910 -2.786 -3.501 -4.549 -5.379 -5.516
0.0015467 -1.00000 10.17609 0.7816952467 2.4121501446    0.749  3.132  3.5937  0.507    3  0.000  0.523     0.00     0.00 -1 -1.37e-16      0.00 7.453e-01 2.532e-01 2.717e-04 8.107e-05 6.929e-04 -1.000 1.543e-03 -3.060 1.537 -0.303 -1.963 -2.858 -3.587 -4.652 -5.492 -5.633
0.0015467 -1.00000 10.17609 0.7817007899 2.4121522903    0.746  3.170  3.5906  0.455    3  0.000  0.523     0.00     0.00 -1 -1.52e-16      0.00 7.453e-01 2.532e-01 2.717e-04 8.107e-05 6.929e-04 -1.000 1.543e-03 -3.155 1.587 -0.316 -2.010 -2.926 -3.670 -4.751 -5.602 -5.748
0.0015467 -1.00000 10.17609 0.7817059755 2.4121541977    0.743  3.207  3.5875  0.404    3  0.000  0.523     0.00     0.00 -1 -1.67e-16      0.00 7.453e-01 2.532e-01 2.717e-04 8.107e-05 6.929e-04 -1.000 1.543e-03 -3.248 1.639 -0.324 -2.053 -2.990 -3.752 -4.850 -5.711 -5.862
0.0015467 -1.00000 10.17609 0.7817108631 2.4121558666    0.740  3.244  3.5845  0.353    3  0.000  0.523     0.00     0.00 -1 -1.84e-16      0.00 7.453e-01 2.532e-01 2.717e-04 8.107e-05 6.929e-04 -1.000 1.543e-03 -3.339 1.691 -0.330 -2.094 -3.052 -3.831 -4.947 -5.817 -5.973
0.0015467 -1.00000 10.17609 0.7817153335 2.4121575356    0.736  3.279  3.5815  0.304    3  0.000  0.523     0.00     0.00 -1 -2.03e-16      0.00 7.453e-01 2.532e-01 2.717e-04 8.107e-05 6.929e-04 -1.000 1.543e-03 -3.428 1.740 -0.336 -2.133 -3.113 -3.909 -5.041 -5.921 -6.082
0.0015467 -1.00000 10.17609 0.7817195058 2.4121592045    0.733  3.312  3.5787  0.258    3  0.000  0.523     0.00     0.00 -1 -2.21e-16      0.00 7.453e-01 2.532e-01 2.717e-04 8.107e-05 6.929e-04 -1.000 1.543e-03 -3.511 1.786 -0.338 -2.167 -3.167 -3.980 -5.129 -6.018 -6.183
0.0015467 -1.00000 10.17609 0.7817236185 2.4121606350    0.729  3.344  3.5760  0.212    3  0.000  0.523     0.00     0.00 -1 -2.41e-16      0.00 7.453e-01 2.532e-01 2.717e-04 8.107e-05 6.929e-04 -1.000 1.543e-03 -3.590 1.826 -0.340 -2.197 -3.217 -4.049 -5.214 -6.111 -6.280
0.0015467 -1.00000 10.17609 0.7817236185 2.4121606350    0.697  1.693  3.7456  2.522    4  0.000  0.513     0.00     0.00 -1    -1e-30      0.00 7.390e-01 2.594e-01 2.699e-04 8.883e-05 7.035e-04 -1.000 1.566e-03 0.538 1.249 1.257 0.672 0.283 -0.083 -0.563 -0.950 -1.002
0.0015467 -1.00000 10.17609 0.7817690372 2.4121773243    0.697  1.708  3.7444  2.503    4  0.000  0.513     0.00     0.00 -1    -1e-30      0.00 7.390e-01 2.594e-01 2.699e-04 8.883e-05 7.035e-04 -1.000 1.566e-03 0.501 1.221 1.227 0.638 0.247 -0.121 -0.605 -0.995 -1.047
0.0015467 -1.00000 10.17609 0.7818155885 2.4121944904    0.697  1.710  3.7444  2.501    4  0.000  0.513     0.00     0.00 -1    -1e-30      0.00 7.390e-01 2.594e-01 2.699e-04 8.883e-05 7.035e-04 -1.000 1.566e-03 0.495 1.216 1.221 0.632 0.241 -0.127 -0.611 -1.002 -1.053
0.0015467 -1.00000 10.17609 0.7818626761 2.4122118950    0.697  1.711  3.7446  2.501    4  0.000  0.513     0.00     0.00 -1    -1e-30      0.00 7.390e-01 2.594e-01 2.699e-04 8.883e-05 7.035e-04 -1.000 1.566e-03 0.493 1.212 1.217 0.629 0.239 -0.129 -0.612 -1.002 -1.054
0.0015467 -1.00000 10.17609 0.7819103003 2.4122295380    0.697  1.711  3.7452  2.503    4  0.000  0.513     0.00     0.00 -1    -1e-30      0.00 7.390e-01 2.594e-01 2.699e-04 8.883e-05 7.035e-04 -1.000 1.566e-03 0.492 1.208 1.214 0.627 0.238 -0.129 -0.610 -0.999 -1.050
0.0015467 -1.00000 10.17609 0.7819601297 2.4122478962    0.697  1.710  3.7460  2.507    4  0.000  0.513     0.00     0.00 -1    -1e-30      0.00 7.390e-01 2.594e-01 2.699e-04 8.883e-05 7.035e-04 -1.000 1.566e-03 0.494 1.204 1.211 0.627 0.240 -0.126 -0.605 -0.991 -1.042
0.0015467 -1.00000 10.17609 0.7820095420 2.4122660160    0.697  1.709  3.7470  2.512    4  0.000  0.513     0.00     0.00 -1    -1e-30      0.00 7.390e-01 2.594e-01 2.699e-04 8.883e-05 7.035e-04 -1.000 1.566e-03 0.498 1.200 1.208 0.628 0.243 -0.121 -0.597 -0.981 -1.031
0.0015467 -1.00000 10.17609 0.7820580602 2.4122838974    0.697  1.707  3.7481  2.519    4  0.000  0.513     0.00     0.00 -1    -1e-30      0.00 7.390e-01 2.594e-01 2.699e-04 8.883e-05 7.035e-04 -1.000 1.566e-03 0.503 1.197 1.206 0.630 0.247 -0.115 -0.587 -0.969 -1.018
0.0015467 -1.00000 10.17609 0.7821067572 2.4123017788    0.697  1.705  3.7493  2.526    4  0.000  0.513     0.00     0.00 -1    -1e-30      0.00 7.390e-01 2.594e-01 2.699e-04 8.883e-05 7.035e-04 -1.000 1.566e-03 0.508 1.193 1.204 0.633 0.252 -0.108 -0.577 -0.955 -1.005
0.0015467 -1.00000 10.17609 0.7821568251 2.4123203754    0.697  1.703  3.7505  2.533    4  0.000  0.513     0.00     0.00 -1    -1e-30      0.00 7.390e-01 2.594e-01 2.699e-04 8.883e-05 7.035e-04 -1.000 1.566e-03 0.513 1.189 1.201 0.635 0.256 -0.101 -0.567 -0.942 -0.991
0.0015467 -1.00000 10.17609 0.7822023034 2.4123370647    0.697  1.701  3.7516  2.538    4  0.000  0.513     0.00     0.00 -1    -1e-30      0.00 7.390e-01 2.594e-01 2.699e-04 8.883e-05 7.035e-04 -1.000 1.566e-03 0.517 1.186 1.199 0.636 0.260 -0.095 -0.558 -0.931 -0.979
0.0015467 -1.00000 10.17609 0.7822503448 2.4123547077    0.697  1.700  3.7526  2.544    4  0.000  0.513     0.00     0.00 -1    -1e-30      0.00 7.390e-01 2.594e-01 2.699e-04 8.883e-05 7.035e-04 -1.000 1.566e-03 0.521 1.183 1.197 0.638 0.264 -0.090 -0.550 -0.920 -0.968
0.0015467 -1.00000 10.17609 0.7823000550 2.4123730659    0.697  1.698  3.7536  2.550    4  0.000  0.513     0.00     0.00 -1    -1e-30      0.00 7.390e-01 2.594e-01 2.699e-04 8.883e-05 7.035e-04 -1.000 1.566e-03 0.524 1.180 1.194 0.639 0.267 -0.085 -0.542 -0.910 -0.957
0.0015467 -1.00000 10.17609 0.7823488712 2.4123909473    0.697  1.697  3.7544  2.554    4  0.000  0.513     0.00     0.00 -1    -1e-30      0.00 7.390e-01 2.594e-01 2.699e-04 8.883e-05 7.035e-04 -1.000 1.566e-03 0.527 1.178 1.192 0.640 0.270 -0.081 -0.536 -0.901 -0.948
0.0015467 -1.00000 10.17609 0.7823985219 2.4124093056    0.697  1.696  3.7551  2.557    4  0.000  0.513     0.00     0.00 -1    -1e-30      0.00 7.390e-01 2.594e-01 2.699e-04 8.883e-05 7.035e-04 -1.000 1.566e-03 0.529 1.175 1.190 0.641 0.271 -0.078 -0.531 -0.895 -0.941
0.0015467 -1.00000 10.17609 0.7824096084 2.4124133587    0.697  1.696  3.7552  2.558    4  0.000  0.513     0.00     0.00 -1    -1e-30      0.00 7.390e-01 2.594e-01 2.699e-04 8.883e-05 7.035e-04 -1.000 1.566e-03 0.529 1.175 1.190 0.641 0.272 -0.077 -0.530 -0.894 -0.940
0.0015467 -1.00000 10.17609 0.7824466825 2.4124269485    0.697  1.696  3.7555  2.559    4  0.000  0.513     0.00     0.00 -1    -1e-30      0.00 7.390e-01 2.594e-01 2.699e-04 8.883e-05 7.035e-04 -1.000 1.566e-03 0.530 1.173 1.189 0.641 0.272 -0.076 -0.529 -0.892 -0.938
0.0015467 -1.00000 10.17609 0.7824948430 2.4124448299    0.698  1.696  3.7557  2.560    4  0.000  0.513     0.00     0.00 -1    -1e-30      0.00 7.390e-01 2.594e-01 2.699e-04 8.883e-05 7.035e-04 -1.000 1.566e-03 0.530 1.172 1.188 0.640 0.272 -0.076 -0.528 -0.890 -0.936
0.0015467 -1.00000 10.17609 0.7825447917 2.4124631882    0.698  1.697  3.7557  2.560    4  0.000  0.513     0.00     0.00 -1    -1e-30      0.00 7.390e-01 2.594e-01 2.699e-04 8.883e-05 7.035e-04 -1.000 1.566e-03 0.529 1.171 1.186 0.639 0.271 -0.077 -0.529 -0.892 -0.938
0.0015467 -1.00000 10.17609 0.7825953960 2.4124817848    0.698  1.697  3.7554  2.558    4  0.000  0.513     0.00     0.00 -1    -1e-30      0.00 7.390e-01 2.594e-01 2.699e-04 8.883e-05 7.035e-04 -1.000 1.566e-03 0.527 1.170 1.186 0.638 0.269 -0.079 -0.532 -0.895 -0.941
0.0015467 -1.00000 10.17609 0.7826424241 2.4124989510    0.698  1.699  3.7550  2.555    4  0.000  0.513     0.00     0.00 -1    -1e-30      0.00 7.390e-01 2.594e-01 2.699e-04 8.883e-05 7.035e-04 -1.000 1.566e-03 0.523 1.170 1.185 0.635 0.266 -0.084 -0.537 -0.902 -0.948
0.0015467 -1.00000 10.17609 0.7826883197 2.4125158787    0.698  1.700  3.7543  2.551    4  0.000  0.513     0.00     0.00 -1    -1e-30      0.00 7.390e-01 2.594e-01 2.699e-04 8.883e-05 7.035e-04 -1.000 1.566e-03 0.519 1.170 1.185 0.632 0.261 -0.089 -0.544 -0.910 -0.957
0.0015467 -1.00000 10.17609 0.7827351689 2.4125332832    0.698  1.703  3.7535  2.545    4  0.000  0.513     0.00     0.00 -1    -1e-30      0.00 7.390e-01 2.594e-01 2.699e-04 8.883e-05 7.035e-04 -1.000 1.566e-03 0.513 1.170 1.184 0.628 0.256 -0.096 -0.554 -0.922 -0.969
0.0015467 -1.00000 10.17609 0.7827629447 2.4125432968    0.698  1.704  3.7529  2.541    4  0.000  0.513     0.00     0.00 -1    -1e-30      0.00 7.390e-01 2.594e-01 2.699e-04 8.883e-05 7.035e-04 -1.000 1.566e-03 0.509 1.170 1.183 0.626 0.252 -0.101 -0.560 -0.930 -0.977
0.0015467 -1.00000 10.17609 0.7827844620 2.4125514030    0.698  1.706  3.7524  2.537    4  0.000  0.513     0.00     0.00 -1    -1e-30      0.00 7.390e-01 2.594e-01 2.699e-04 8.883e-05 7.035e-04 -1.000 1.566e-03 0.505 1.170 1.183 0.623 0.248 -0.106 -0.566 -0.937 -0.985
0.0015467 -1.00000 10.17609 0.7828320861 2.4125688076    0.698  1.709  3.7512  2.529    4  0.000  0.513     0.00     0.00 -1    -1e-30      0.00 7.390e-01 2.594e-01 2.699e-04 8.883e-05 7.035e-04 -1.000 1.566e-03 0.497 1.169 1.181 0.617 0.240 -0.116 -0.580 -0.954 -1.002
0.0015467 -1.00000 10.17609 0.7828801870 2.4125864506    0.698  1.713  3.7500  2.521    4  0.000  0.513     0.00     0.00 -1    -1e-30      0.00 7.390e-01 2.594e-01 2.699e-04 8.883e-05 7.035e-04 -1.000 1.566e-03 0.487 1.167 1.178 0.610 0.231 -0.127 -0.595 -0.971 -1.020
0.0015467 -1.00000 10.17609 0.7829266787 2.4126036167    0.698  1.717  3.7488  2.512    4  0.000  0.513     0.00     0.00 -1    -1e-30      0.00 7.390e-01 2.594e-01 2.699e-04 8.883e-05 7.035e-04 -1.000 1.566e-03 0.477 1.166 1.175 0.602 0.220 -0.140 -0.611 -0.990 -1.039
0.0015467 -1.00000 10.17609 0.7829740644 2.4126210213    0.698  1.723  3.7473  2.500    4  0.000  0.513     0.00     0.00 -1    -1e-30      0.00 7.390e-01 2.594e-01 2.699e-04 8.883e-05 7.035e-04 -1.000 1.566e-03 0.462 1.163 1.170 0.592 0.207 -0.156 -0.631 -1.015 -1.065
0.0015467 -1.00000 10.17609 0.7830220461 2.4126386642    0.698  1.730  3.7455  2.486    4  0.000  0.513     0.00     0.00 -1    -1e-30      0.00 7.390e-01 2.594e-01 2.699e-04 8.883e-05 7.035e-04 -1.000 1.566e-03 0.445 1.159 1.164 0.578 0.190 -0.176 -0.657 -1.045 -1.096
0.0015467 -1.00000 10.17609 0.7830695510 2.4126560688    0.698  1.738  3.7437  2.471    4  0.000  0.513     0.00     0.00 -1    -1e-30      0.00 7.390e-01 2.594e-01 2.699e-04 8.883e-05 7.035e-04 -1.000 1.566e-03 0.426 1.154 1.155 0.564 0.172 -0.198 -0.683 -1.075 -1.127
0.0015467 -1.00000 10.17609 0.7831172943 2.4126737118    0.698  1.746  3.7419  2.456    4  0.000  0.513     0.00     0.00 -1    -1e-30      0.00 7.390e-01 2.594e-01 2.699e-04 8.883e-05 7.035e-04 -1.000 1.566e-03 0.405 1.147 1.145 0.547 0.151 -0.221 -0.712 -1.108 -1.161
0.0015467 -1.00000 10.17609 0.7831680775 2.4126923084    0.698  1.757  3.7397  2.436    4  0.000  0.513     0.00     0.00 -1    -1e-30      0.00 7.390e-01 2.594e-01 2.699e-04 8.883e-05 7.035e-04 -1.000 1.566e-03 0.377 1.138 1.130 0.524 0.124 -0.252 -0.749 -1.151 -1.205
0.0015467 -1.00000 10.17609 0.7832161188 2.4127099514    0.698  1.771  3.7373  2.413    4  0.000  0.513     0.00     0.00 -1    -1e-30      0.00 7.390e-01 2.594e-01 2.699e-04 8.883e-05 7.035e-04 -1.000 1.566e-03 0.343 1.128 1.112 0.495 0.091 -0.290 -0.793 -1.201 -1.256
0.0015467 -1.00000 10.17609 0.7832618952 2.4127266407    0.698  1.792  3.7340  2.378    4  0.000  0.513     0.00     0.00 -1    -1e-30      0.00 7.390e-01 2.594e-01 2.699e-04 8.883e-05 7.035e-04 -1.000 1.566e-03 0.290 1.110 1.081 0.450 0.039 -0.347 -0.860 -1.276 -1.333
0.0015467 -1.00000 10.17609 0.7833020091 2.4127414227    0.698  1.828  3.7284  2.320    4  0.000  0.513     0.00     0.00 -1    -1e-30      0.00 7.390e-01 2.594e-01 2.699e-04 8.883e-05 7.035e-04 -1.000 1.566e-03 0.200 1.078 1.027 0.372 -0.050 -0.446 -0.974 -1.404 -1.462
0.0015467 -1.00000 10.17609 0.7833217382 2.4127485752    0.698  1.865  3.7231  2.262    4  0.000  0.513     0.00     0.00 -1    -1e-30      0.00 7.390e-01 2.594e-01 2.699e-04 8.883e-05 7.035e-04 -1.000 1.566e-03 0.108 1.049 0.972 0.294 -0.139 -0.544 -1.088 -1.531 -1.592
0.0015467 -1.00000 10.17609 0.7833306193 2.4127519131    0.698  1.900  3.7181  2.206    4  0.000  0.513     0.00     0.00 -1    -1e-30      0.00 7.390e-01 2.594e-01 2.699e-04 8.883e-05 7.035e-04 -1.000 1.566e-03 0.020 1.020 0.919 0.219 -0.225 -0.639 -1.197 -1.653 -1.715
0.0015467 -1.00000 10.17609 0.7833347917 2.4127535820    0.698  1.935  3.7135  2.153    4  0.000  0.513     0.00     0.00 -1    -1e-30      0.00 7.390e-01 2.594e-01 2.699e-04 8.883e-05 7.035e-04 -1.000 1.566e-03 -0.067 0.994 0.868 0.147 -0.308 -0.730 -1.303 -1.771 -1.834
0.0015467 -1.00000 10.17609 0.7833369970 2.4127542973    0.698  1.969  3.7091  2.101    4  0.000  0.513     0.00     0.00 -1    -1e-30      0.00 7.390e-01 2.594e-01 2.699e-04 8.883e-05 7.035e-04 -1.000 1.566e-03 -0.153 0.966 0.816 0.074 -0.390 -0.820 -1.406 -1.886 -1.951
0.0015467 -1.00000 10.17609 0.7833383679 2.4127547741    0.698  2.004  3.7049  2.050    4  0.000  0.513     0.00     0.00 -1    -1e-30      0.00 7.390e-01 2.594e-01 2.699e-04 8.883e-05 7.035e-04 -1.000 1.566e-03 -0.240 0.938 0.762 0.001 -0.472 -0.910 -1.509 -2.001 -2.067
0.0015467 -1.00000 10.17609 0.7833389640 2.4127550125    0.698  2.025  3.7025  2.019    4  0.000  0.513     0.00     0.00 -1    -1e-30      0.00 7.390e-01 2.594e-01 2.699e-04 8.883e-05 7.035e-04 -1.000 1.566e-03 -0.293 0.919 0.729 -0.043 -0.523 -0.965 -1.572 -2.069 -2.136
0.0015467 -1.00000 10.17609 0.7833390236 2.4127550125    0.698  2.026  3.7024  2.018    7  0.000  0.513     0.00     0.00 -1 -1.12e-09      0.00 7.390e-01 2.578e-01 2.699e-04 8.883e-05 7.035e-04 -1.000 3.229e-03 -0.294 0.919 0.728 -0.045 -0.524 -0.966 -1.573 -2.071 -2.138
0.0015467 -1.00000 10.17609 0.7833393216 2.4127552509    0.698  2.041  3.7007  1.996    7  0.000  0.513     0.00     0.00 -1 -1.24e-09      0.00 7.390e-01 2.578e-01 2.699e-04 8.883e-05 7.035e-04 -1.000 3.229e-03 -0.333 0.904 0.703 -0.078 -0.561 -1.006 -1.618 -2.121 -2.189
0.0015467 -1.00000 10.17609 0.7833401561 2.4127554893    0.698  2.078  3.6968  1.943    7  0.000  0.513     0.00     0.00 -1 -1.52e-09      0.00 7.390e-01 2.578e-01 2.699e-04 8.883e-05 7.035e-04 -1.000 3.229e-03 -0.426 0.876 0.645 -0.156 -0.649 -1.102 -1.727 -2.241 -2.310
0.0015467 -1.00000 10.17609 0.7833408713 2.4127557278    0.698  2.117  3.6929  1.889    7  0.000  0.513     0.00     0.00 -1 -1.92e-09      0.00 7.390e-01 2.578e-01 2.699e-04 8.883e-05 7.035e-04 -1.000 3.229e-03 -0.522 0.847 0.585 -0.236 -0.739 -1.199 -1.837 -2.362 -2.432
0.0015467 -1.00000 10.17609 0.7833416462 2.4127559662    0.698  2.154  3.6890  1.836    7  0.000  0.513     0.00     0.00 -1 -2.36e-09      0.00 7.390e-01 2.578e-01 2.699e-04 8.883e-05 7.035e-04 -1.000 3.229e-03 -0.616 0.821 0.528 -0.314 -0.827 -1.295 -1.946 -2.484 -2.554
0.0015467 -1.00000 10.17609 0.7833424807 2.4127562046    0.698  2.192  3.6852  1.782    7  0.000  0.513     0.00     0.00 -1 -2.96e-09      0.00 7.390e-01 2.578e-01 2.699e-04 8.883e-05 7.035e-04 -1.000 3.229e-03 -0.711 0.808 0.474 -0.395 -0.918 -1.392 -2.057 -2.606 -2.677
0.0015467 -1.00000 10.17609 0.7833445072 2.4127569199    0.698  2.218  3.6829  1.747    7  0.000  0.513     0.00     0.00 -1 -3.43e-09      0.00 7.390e-01 2.578e-01 2.699e-04 8.883e-05 7.035e-04 -1.000 3.229e-03 -0.775 0.807 0.440 -0.453 -0.982 -1.459 -2.131 -2.686 -2.757
0.0015467 -1.00000 10.17609 0.7833461165 2.4127576351    0.697  2.179  3.6867  1.801    7  0.000  0.513     0.00     0.00 -1 -2.76e-09      0.00 7.390e-01 2.578e-01 2.699e-04 8.883e-05 7.035e-04 -1.000 3.229e-03 -0.677 0.804 0.489 -0.366 -0.884 -1.356 -2.017 -2.562 -2.633
0.0015467 -1.00000 10.17609 0.7833505869 2.4127593040    0.697  2.136  3.6910  1.861    7  0.000  0.513     0.00     0.00 -1 -2.16e-09      0.00 7.390e-01 2.578e-01 2.699e-04 8.883e-05 7.035e-04 -1.000 3.229e-03 -0.570 0.832 0.555 -0.277 -0.785 -1.249 -1.893 -2.424 -2.495
0.0015467 -1.00000 10.17609 0.7833766341 2.4127688408    0.694  2.143  3.6902  1.849    7  0.000  0.513     0.00     0.00 -1 -2.27e-09      0.00 7.390e-01 2.578e-01 2.699e-04 8.883e-05 7.035e-04 -1.000 3.229e-03 -0.587 0.829 0.545 -0.291 -0.801 -1.266 -1.913 -2.447 -2.517
0.0015467 -1.00000 10.17609 0.7833942771 2.4127752781    0.692  2.183  3.6860  1.791    7  0.000  0.513     0.00     0.00 -1 -2.91e-09      0.00 7.390e-01 2.578e-01 2.699e-04 8.883e-05 7.035e-04 -1.000 3.229e-03 -0.687 0.807 0.486 -0.372 -0.892 -1.366 -2.029 -2.576 -2.648
0.0015467 -1.00000 10.17609 0.7834124565 2.4127819538    0.689  2.223  3.6821  1.734    7  0.000  0.513     0.00     0.00 -1 -3.68e-09      0.00 7.390e-01 2.578e-01 2.699e-04 8.883e-05 7.035e-04 -1.000 3.229e-03 -0.787 0.816 0.438 -0.462 -0.993 -1.471 -2.146 -2.702 -2.773
0.0015467 -1.00000 10.17609 0.7834300995 2.4127883911    0.685  2.264  3.6782  1.674    7  0.000  0.513     0.00     0.00 -1 -4.74e-09      0.00 7.390e-01 2.578e-01 2.699e-04 8.883e-05 7.035e-04 -1.000 3.229e-03 -0.891 0.812 0.384 -0.551 -1.094 -1.578 -2.266 -2.832 -2.902
0.0015467 -1.00000 10.17609 0.7834454775 2.4127941132    0.680  2.305  3.6744  1.615    7  0.000  0.513     0.00     0.00 -1 -6.13e-09      0.00 7.390e-01 2.578e-01 2.699e-04 8.883e-05 7.035e-04 -1.000 3.229e-03 -0.993 0.813 0.333 -0.638 -1.193 -1.683 -2.383 -2.959 -3.030
0.0015467 -1.00000 10.17609 0.7834588289 2.4127988815    0.676  2.346  3.6706  1.556    7  0.000  0.513     0.00     0.00 -1 -7.88e-09      0.00 7.390e-01 2.578e-01 2.699e-04 8.883e-05 7.035e-04 -1.000 3.225e-03 -1.095 0.815 0.284 -0.723 -1.290 -1.786 -2.499 -3.084 -3.156
0.0015467 -1.00000 10.17609 0.7834705710 2.4128034115    0.670  2.387  3.6669  1.497    7  0.000  0.513     0.00     0.00 -1 -9.99e-09      0.00 7.390e-01 2.579e-01 2.698e-04 8.884e-05 7.035e-04 -1.000 3.135e-03 -1.197 0.801 0.228 -0.802 -1.380 -1.885 -2.613 -3.209 -3.283
0.0015467 -1.00000 10.17609 0.7834809422 2.4128072262    0.664  2.427  3.6632  1.438    7  0.000  0.512     0.00     0.00 -1 -1.28e-08      0.00 7.390e-01 2.579e-01 2.697e-04 8.885e-05 7.035e-04 -1.000 3.129e-03 -1.298 0.821 0.186 -0.883 -1.474 -1.986 -2.728 -3.333 -3.408
0.0015467 -1.00000 10.17609 0.7834901810 2.4128105640    0.657  2.467  3.6595  1.378    7  0.000  0.512     0.00     0.00 -1 -1.65e-08      0.00 7.390e-01 2.579e-01 2.695e-04 8.895e-05 7.035e-04 -1.000 3.102e-03 -1.398 0.846 0.148 -0.963 -1.567 -2.086 -2.841 -3.455 -3.532
0.0015467 -1.00000 10.17609 0.7834986448 2.4128136635    0.648  2.507  3.6559  1.318    7  0.000  0.510     0.00     0.00 -1 -2.15e-08      0.00 7.390e-01 2.580e-01 2.684e-04 8.947e-05 7.035e-04 -1.000 3.030e-03 -1.499 0.867 0.107 -1.039 -1.656 -2.183 -2.954 -3.578 -3.657
0.0015467 -1.00000 10.17609 0.7835063934 2.4128165245    0.638  2.547  3.6521  1.256    7  0.000  0.505     0.00     0.00 -1 -2.78e-08      0.00 7.390e-01 2.580e-01 2.660e-04 9.151e-05 7.035e-04 -1.000 3.005e-03 -1.599 0.884 0.065 -1.111 -1.742 -2.279 -3.065 -3.701 -3.783
0.0015467 -1.00000 10.17609 0.7835136056 2.4128191471    0.626  2.587  3.6470  1.188    7  0.000  0.496     0.00     0.00 -1 -3.66e-08      0.00 7.390e-01 2.581e-01 2.619e-04 9.594e-05 7.035e-04 -1.000 2.938e-03 -1.697 0.938 0.044 -1.171 -1.820 -2.369 -3.178 -3.831 -3.916
0.0015467 -1.00000 10.17609 0.7835171819 2.4128203392    0.619  2.607  3.6410  1.139    7  0.000  0.492     0.00     0.00 -1 -4.27e-08      0.00 7.390e-01 2.581e-01 2.595e-04 9.881e-05 7.035e-04 -1.000 2.929e-03 -1.748 1.053 0.079 -1.176 -1.844 -2.409 -3.244 -3.917 -4.007
0.0015467 -1.00000 10.17609 0.7835237384 2.4128227234    0.602  2.647  3.6380  1.075    7  0.000  0.482     0.00     0.00 -1 -5.66e-08      0.00 7.390e-01 2.581e-01 2.547e-04 1.046e-04 7.035e-04 -1.000 2.903e-03 -1.848 1.063 0.032 -1.249 -1.930 -2.503 -3.352 -4.034 -4.127
0.0015467 -1.00000 10.17609 0.7835300565 2.4128251076    0.580  2.686  3.6363  1.012    7  0.000  0.474     0.00     0.00 -1 -7.78e-08      0.00 7.389e-01 2.582e-01 2.504e-04 1.099e-04 7.035e-04 -1.000 2.922e-03 -1.946 1.045 -0.029 -1.331 -2.020 -2.599 -3.455 -4.143 -4.237
0.0015467 -1.00000 10.17609 0.7835361958 2.4128274918    0.550  2.726  3.6379  0.956    7  0.000  0.467     0.00     0.00 -1 -1.12e-07      0.00 7.389e-01 2.582e-01 2.466e-04 1.145e-04 7.035e-04 -1.000 2.893e-03 -2.046 0.951 -0.133 -1.440 -2.129 -2.705 -3.555 -4.235 -4.328
0.0015467 -1.00000 10.17609 0.7835405469 2.4128289223    0.521  2.756  3.6491  0.947    7  0.000  0.462     0.00     0.00 -1 -1.46e-07      0.00 7.389e-01 2.582e-01 2.441e-04 1.176e-04 7.035e-04 -1.000 2.895e-03 -2.121 0.617 -0.351 -1.601 -2.257 -2.806 -3.608 -4.247 -4.331
0.0015467 -1.00000 10.17609 0.7835419178 2.4128293991    0.501  2.766  3.6671  0.992    7  0.000  0.459     0.00     0.00 -1 -1.54e-07      0.00 7.389e-01 2.583e-01 2.425e-04 1.196e-04 7.035e-04 -1.000 2.829e-03 -2.146 0.059 -0.652 -1.744 -2.338 -2.850 -3.577 -4.164 -4.237
0.0015467 -1.00000 10.17609 1.0965409279 2.4910964966    0.544 -4.813  3.5044  7.956    9  0.545  0.000     0.00     0.00 -1    -1e-30      0.00 7.252e-01 2.732e-01 2.244e-04 1.654e-04 7.173e-04 -1.000 1.584e-03 16.802 23.285 21.033 19.160 17.652 16.139 14.884 14.426 14.295
