# File generated by CMD 3.3 (http://stev.oapd.inaf.it/cmd) on Wed May 20 08:44:59 CEST 2020
# isochrones based on PARSEC release v1.2S +  COLIBRI S_35
# Basic references: Bressan et al. (2012), MNRAS, 427, 127 + Chen et al. (2014, 2015), MNRAS, 444, 2525 + MNRAS, 452, 1068 + Tang et al. (2014), MNRAS, 445, 4287 + Marigo et al. (2017), ApJ, 835, 77 + Pastorelli al. (2019), MNRAS in press
# Thermal pulse cycles included 
# On RGB, assumed Reimers mass loss with efficiency eta=0.2
# Photometric system: <i>UBVRIJHK</i> (cf. Maiz-Apellaniz 2006 + Bessell 1990)
# Using YBC version of bolometric corrections as in Chen et al. (2019)
# O-rich circumstellar dpmod60alox40 dust from Groenewegen (2006)
# C-rich circumstellar AMCSIC15 dust from Groenewegen (2006)
# IMF: Kroupa (2001, 2002) + Kroupa et al. (2013) canonical two-part-power law IMF corrected for unresolved binaries 
# Kind of output: isochrone tables
# Zini     MH   logAge Mini        int_IMF         Mass   logL    logTe  logg  label   McoreTP C_O  period0 period1 pmode  Mloss  tau1m   X   Y   Xc  Xn  Xo  Cexcess  Z 	 mbolmag  Umag    Bmag    Vmag    Rmag    Imag    Jmag    Hmag    Kmag
0.0015467 -1.00000 10.20412 0.0900000036 1.0816895962    0.090 -3.237  3.4442  5.358    1  0.000  0.545     0.00     0.00 -1 -3.34e-26      0.00 7.442e-01 2.542e-01 2.929e-04 7.903e-05 7.168e-04 -1.000 1.629e-03 12.862 21.258 18.511 16.511 14.475 12.444 10.797 10.425 10.259
0.0015467 -1.00000 10.20412 0.0960434452 1.1371793747    0.096 -3.090  3.4650  5.322    1  0.000  0.545     0.00     0.00 -1  -6.9e-26      0.00 7.432e-01 2.552e-01 2.929e-04 7.903e-05 7.168e-04 -1.000 1.629e-03 12.494 19.909 17.483 15.538 13.792 11.989 10.496 10.059 9.882
0.0015467 -1.00000 10.20412 0.1000000015 1.1711064577    0.100 -2.998  3.4779  5.300    1  0.000  0.545     0.00     0.00 -1 -4.59e-26      0.00 7.426e-01 2.558e-01 2.929e-04 7.903e-05 7.168e-04 -1.000 1.629e-03 12.265 19.117 16.873 14.963 13.376 11.716 10.308 9.837 9.655
0.0015467 -1.00000 10.20412 0.1200000048 1.3193155527    0.120 -2.717  3.5113  5.231    1  0.000  0.545     0.00     0.00 -1 -1.37e-28      0.00 7.399e-01 2.585e-01 2.929e-04 7.903e-05 7.168e-04 -1.000 1.629e-03 11.561 17.075 15.293 13.512 12.234 10.932 9.712 9.180 8.978
0.0015467 -1.00000 10.20412 0.1400000006 1.4384527206    0.140 -2.531  3.5291  5.183    1  0.000  0.545     0.00     0.00 -1 -1.12e-29      0.00 7.377e-01 2.606e-01 2.929e-04 7.904e-05 7.168e-04 -1.000 1.629e-03 11.096 16.006 14.433 12.748 11.579 10.439 9.302 8.750 8.543
0.0015467 -1.00000 10.20412 0.1599999964 1.5372931957    0.160 -2.387  3.5403  5.142    1  0.000  0.545     0.00     0.00 -1 -1.83e-28      0.00 7.362e-01 2.622e-01 2.929e-04 7.904e-05 7.168e-04 -1.000 1.629e-03 10.738 15.311 13.851 12.234 11.118 10.067 8.977 8.416 8.207
0.0015467 -1.00000 10.20412 0.2000000179 1.6938792467    0.200 -2.163  3.5549  5.074    1  0.000  0.545     0.00     0.00 -1 -1.37e-29      0.00 7.347e-01 2.637e-01 2.929e-04 7.904e-05 7.168e-04 -1.000 1.629e-03 10.178 14.356 13.027 11.498 10.443 9.495 8.461 7.891 7.679
0.0015467 -1.00000 10.20412 0.2500000298 1.8403259516    0.250 -1.959  3.5663  5.012    1  0.000  0.545     0.00     0.00 -1 -2.32e-25      0.00 7.345e-01 2.638e-01 2.929e-04 7.904e-05 7.168e-04 -1.000 1.629e-03 9.666 13.560 12.324 10.862 9.851 8.977 7.984 7.407 7.194
0.0015467 -1.00000 10.20412 0.3000000417 1.9529141188    0.300 -1.802  3.5751  4.969    1  0.000  0.545     0.00     0.00 -1 -1.47e-27      0.00 7.348e-01 2.636e-01 2.929e-04 7.904e-05 7.168e-04 -1.000 1.629e-03 9.275 12.975 11.801 10.387 9.408 8.581 7.618 7.036 6.825
0.0015467 -1.00000 10.20412 0.3500000238 2.0434176922    0.350 -1.670  3.5825  4.934    1  0.000  0.545     0.00     0.00 -1 -1.09e-25      0.00 7.463e-01 2.520e-01 2.929e-04 7.903e-05 7.168e-04 -1.000 1.629e-03 8.946 12.490 11.367 9.992 9.040 8.249 7.310 6.724 6.515
0.0015467 -1.00000 10.20412 0.4000000358 2.1185026169    0.400 -1.515  3.5942  4.884    1  0.000  0.545     0.00     0.00 -1  -7.8e-29      0.00 7.470e-01 2.514e-01 2.929e-04 7.903e-05 7.168e-04 -1.000 1.629e-03 8.557 11.868 10.821 9.508 8.598 7.857 6.954 6.362 6.161
0.0015467 -1.00000 10.20412 0.4499999881 2.1822810173    0.450 -1.332  3.6119  4.822    1  0.000  0.545     0.00     0.00 -1 -8.38e-30      0.00 7.470e-01 2.514e-01 2.929e-04 7.903e-05 7.168e-04 -1.000 1.629e-03 8.100 11.082 10.136 8.920 8.075 7.394 6.542 5.939 5.762
0.0015467 -1.00000 10.20412 0.4872082770 2.2240440845    0.487 -1.173  3.6336  4.785    1  0.000  0.545     0.00     0.00 -1 -1.08e-30      0.00 7.470e-01 2.514e-01 2.929e-04 7.903e-05 7.168e-04 -1.000 1.629e-03 7.703 10.309 9.474 8.374 7.609 6.997 6.201 5.589 5.446
0.0015467 -1.00000 10.20412 0.5000000000 2.2374541759    0.500 -1.121  3.6407  4.773    1  0.000  0.545     0.00     0.00 -1    -1e-30      0.00 7.470e-01 2.514e-01 2.929e-04 7.903e-05 7.168e-04 -1.000 1.629e-03 7.573 10.055 9.258 8.196 7.458 6.868 6.089 5.479 5.347
0.0015467 -1.00000 10.20412 0.5500000715 2.2836585045    0.550 -0.879  3.6755  4.710    1  0.000  0.544     0.00     0.00 -1 -1.09e-29      0.00 7.917e-01 2.069e-01 2.452e-04 6.621e-05 6.009e-04 -1.000 1.379e-03 6.967 8.779 8.251 7.366 6.761 6.265 5.587 5.035 4.938
0.0015467 -1.00000 10.20412 0.6000000238 2.3211214542    0.600 -0.651  3.7087  4.654    1  0.000  0.543     0.00     0.00 -1 -1.13e-30      0.00 8.017e-01 1.970e-01 2.355e-04 6.364e-05 5.779e-04 -1.000 1.293e-03 6.398 7.619 7.396 6.637 6.140 5.708 5.139 4.680 4.602
0.0015467 -1.00000 10.20412 0.6051847339 2.3246009350    0.605 -0.627  3.7123  4.648    1  0.000  0.543     0.00     0.00 -1 -5.82e-29      0.00 8.028e-01 1.959e-01 2.344e-04 6.334e-05 5.752e-04 -1.000 1.286e-03 6.337 7.504 7.309 6.563 6.076 5.650 5.092 4.642 4.566
0.0015467 -1.00000 10.20412 0.6169379950 2.3322401047    0.617 -0.571  3.7204  4.632    1  0.000  0.543     0.00     0.00 -1  -5.2e-25      0.00 8.054e-01 1.934e-01 2.317e-04 6.264e-05 5.689e-04 -1.000 1.285e-03 6.197 7.245 7.113 6.396 5.930 5.518 4.984 4.554 4.482
0.0015467 -1.00000 10.20412 0.6318608522 2.3414700031    0.632 -0.499  3.7305  4.611    1  0.000  0.543     0.00     0.00 -1 -8.95e-27      0.00 8.087e-01 1.900e-01 2.283e-04 6.173e-05 5.608e-04 -1.000 1.272e-03 6.017 6.932 6.870 6.189 5.746 5.350 4.845 4.439 4.372
0.0015467 -1.00000 10.20412 0.6455433965 2.3495028019    0.645 -0.431  3.7395  4.589    1  0.000  0.543     0.00     0.00 -1 -9.91e-28      0.00 8.119e-01 1.869e-01 2.251e-04 6.087e-05 5.531e-04 -1.000 1.280e-03 5.849 6.657 6.651 6.001 5.576 5.194 4.714 4.328 4.265
0.0015467 -1.00000 10.20412 0.6499999762 2.3520355225    0.650 -0.409  3.7424  4.582    1  0.000  0.542     0.00     0.00 -1 -7.53e-29      0.00 8.129e-01 1.858e-01 2.240e-04 6.059e-05 5.506e-04 -1.000 1.246e-03 5.793 6.569 6.580 5.939 5.521 5.143 4.671 4.291 4.229
0.0015467 -1.00000 10.20412 0.6530309319 2.3537352085    0.653 -0.394  3.7442  4.575    1  0.000  0.542     0.00     0.00 -1 -1.11e-29      0.00 8.138e-01 1.850e-01 2.232e-04 6.037e-05 5.486e-04 -1.000 1.263e-03 5.754 6.511 6.532 5.897 5.483 5.108 4.641 4.264 4.203
0.0015467 -1.00000 10.20412 0.6629704833 2.3591840267    0.663 -0.342  3.7500  4.554    1  0.000  0.542     0.00     0.00 -1 -2.78e-26      0.00 8.167e-01 1.821e-01 2.203e-04 5.961e-05 5.418e-04 -1.000 1.233e-03 5.625 6.319 6.372 5.757 5.356 4.990 4.537 4.171 4.115
0.0015467 -1.00000 10.20412 0.6719433665 2.3639440536    0.672 -0.294  3.7551  4.531    1  0.000  0.542     0.00     0.00 -1 -3.04e-23      0.00 8.194e-01 1.794e-01 2.177e-04 5.891e-05 5.356e-04 -1.000 1.203e-03 5.504 6.147 6.225 5.629 5.239 4.881 4.440 4.083 4.030
0.0015467 -1.00000 10.20412 0.6805539131 2.3683764935    0.680 -0.245  3.7598  4.507    1  0.000  0.542     0.00     0.00 -1 -1.91e-23      0.00 8.221e-01 1.767e-01 2.151e-04 5.823e-05 5.294e-04 -1.000 1.203e-03 5.384 5.978 6.079 5.501 5.121 4.771 4.342 3.992 3.943
0.0015467 -1.00000 10.20412 0.6884382963 2.3723235130    0.688 -0.199  3.7640  4.483    1  0.000  0.541     0.00     0.00 -1 -1.64e-24      0.00 8.246e-01 1.742e-01 2.127e-04 5.758e-05 5.237e-04 -1.000 1.203e-03 5.268 5.826 5.943 5.380 5.009 4.666 4.246 3.903 3.857
0.0015467 -1.00000 10.20412 0.6958350539 2.3759329319    0.695 -0.153  3.7678  4.457    1  0.000  0.541     0.00     0.00 -1 -5.85e-27      0.00 8.271e-01 1.717e-01 2.104e-04 5.696e-05 5.182e-04 -1.000 1.192e-03 5.153 5.680 5.810 5.261 4.898 4.561 4.150 3.814 3.770
0.0015467 -1.00000 10.20412 0.6999999881 2.3779268265    0.700 -0.127  3.7699  4.441    1  0.000  0.541     0.00     0.00 -1 -1.63e-29      0.00 8.285e-01 1.704e-01 2.090e-04 5.661e-05 5.150e-04 -1.000 1.174e-03 5.086 5.596 5.733 5.192 4.833 4.500 4.093 3.760 3.718
0.0015467 -1.00000 10.20412 0.7016879320 2.3787271976    0.701 -0.116  3.7707  4.434    1  0.000  0.541     0.00     0.00 -1 -3.91e-30      0.00 8.292e-01 1.697e-01 2.083e-04 5.643e-05 5.135e-04 -1.000 1.168e-03 5.059 5.562 5.701 5.164 4.807 4.475 4.070 3.739 3.697
0.0015467 -1.00000 10.20412 0.7093149424 2.3822886944    0.709 -0.063  3.7743  4.401    1  0.000  0.539     0.00     0.00 -1 -1.81e-27      0.00 8.323e-01 1.666e-01 2.048e-04 5.563e-05 5.063e-04 -1.000 1.148e-03 4.927 5.403 5.553 5.029 4.679 4.353 3.956 3.631 3.592
0.0015467 -1.00000 10.20412 0.7166863680 2.3856484890    0.716 -0.009  3.7774  4.364    1  0.000  0.538     0.00     0.00 -1 -6.66e-25      0.00 8.354e-01 1.635e-01 2.015e-04 5.484e-05 4.994e-04 -1.000 1.115e-03 4.792 5.245 5.402 4.891 4.547 4.226 3.837 3.517 3.480
0.0015467 -1.00000 10.20412 0.7236929536 2.3887689114    0.723  0.045  3.7800  4.324    1  0.000  0.537     0.00     0.00 -1 -1.79e-22      0.00 8.378e-01 1.611e-01 1.989e-04 5.423e-05 4.941e-04 -1.000 1.126e-03 4.657 5.090 5.254 4.753 4.415 4.098 3.715 3.399 3.364
0.0015467 -1.00000 10.20412 0.7301134467 2.3915679455    0.730  0.098  3.7819  4.283    1  0.000  0.536     0.00     0.00 -1 -3.01e-20      0.00 8.388e-01 1.601e-01 1.977e-04 5.399e-05 4.920e-04 -1.000 1.118e-03 4.525 4.949 5.113 4.620 4.286 3.972 3.592 3.280 3.246
0.0015467 -1.00000 10.20412 0.7340460420 2.3932545185    0.733  0.132  3.7828  4.254    1  0.000  0.535     0.00     0.00 -1 -2.55e-26      0.00 8.393e-01 1.596e-01 1.971e-04 5.388e-05 4.911e-04 -1.000 1.115e-03 4.439 4.858 5.022 4.533 4.201 3.889 3.511 3.200 3.167
0.0015467 -1.00000 10.20412 0.7354821563 2.3938653469    0.735  0.146  3.7829  4.242    1  0.000  0.535     0.00     0.00 -1 -3.91e-26      0.00 8.395e-01 1.594e-01 1.969e-04 5.386e-05 4.909e-04 -1.000 1.114e-03 4.405 4.824 4.986 4.498 4.166 3.855 3.477 3.166 3.133
0.0015467 -1.00000 10.20412 0.7406044602 2.3960216045    0.740  0.199  3.7824  4.190    1  0.000  0.534     0.00     0.00 -1 -2.32e-26      0.00 8.397e-01 1.591e-01 1.966e-04 5.384e-05 4.909e-04 -1.000 1.115e-03 4.274 4.696 4.855 4.367 4.035 3.723 3.343 3.032 2.999
0.0015467 -1.00000 10.20412 0.7456197739 2.3981001377    0.745  0.255  3.7806  4.130    1  0.000  0.533     0.00     0.00 -1 -2.72e-29      0.00 8.393e-01 1.596e-01 1.974e-04 5.413e-05 4.936e-04 -1.000 1.130e-03 4.133 4.565 4.720 4.227 3.892 3.578 3.194 2.880 2.845
0.0015467 -1.00000 10.20412 0.7471185327 2.3987147808    0.746  0.272  3.7799  4.110    1  0.000  0.533     0.00     0.00 -1    -1e-30      0.00 8.390e-01 1.598e-01 1.979e-04 5.428e-05 4.950e-04 -1.000 1.144e-03 4.089 4.525 4.679 4.184 3.848 3.532 3.147 2.831 2.797
0.0015467 -1.00000 10.20412 0.7500000000 2.3998889923    0.749  0.313  3.7758  4.055    2  0.000  0.532     0.00     0.00 -1    -1e-30      0.00 8.328e-01 1.660e-01 2.056e-04 5.644e-05 5.148e-04 -1.000 1.166e-03 3.986 4.451 4.593 4.086 3.742 3.420 3.025 2.702 2.665
0.0015467 -1.00000 10.20412 0.7514030933 2.4004569054    0.751  0.334  3.7736  4.026    2  0.000  0.532     0.00     0.00 -1 -3.23e-30      0.00 8.291e-01 1.697e-01 2.102e-04 5.769e-05 5.261e-04 -1.000 1.187e-03 3.935 4.415 4.552 4.037 3.689 3.364 2.964 2.636 2.598
0.0015467 -1.00000 10.20412 0.7534639239 2.4012868404    0.753  0.368  3.7682  3.972    2  0.000  0.533     0.00     0.00 -1 -1.81e-29      0.00 8.178e-01 1.809e-01 2.225e-04 6.107e-05 5.568e-04 -1.000 1.256e-03 3.851 4.368 4.491 3.958 3.601 3.267 2.853 2.516 2.474
0.0015467 -1.00000 10.20412 0.7552860379 2.4020161629    0.754  0.402  3.7605  3.907    2  0.000  0.534     0.00     0.00 -1 -8.41e-29      0.00 8.014e-01 1.972e-01 2.385e-04 6.537e-05 5.956e-04 -1.000 1.333e-03 3.764 4.339 4.440 3.881 3.509 3.163 2.730 2.378 2.332
0.0015467 -1.00000 10.20412 0.7564794421 2.4024918079    0.756  0.430  3.7534  3.852    2  0.000  0.535     0.00     0.00 -1 -2.31e-28      0.00 7.898e-01 2.088e-01 2.490e-04 6.821e-05 6.210e-04 -1.000 1.392e-03 3.696 4.328 4.407 3.824 3.438 3.081 2.631 2.266 2.215
0.0015467 -1.00000 10.20412 0.7575268745 2.4029076099    0.757  0.461  3.7460  3.791    2  0.000  0.535     0.00     0.00 -1 -5.67e-28      0.00 7.809e-01 2.176e-01 2.569e-04 7.030e-05 6.396e-04 -1.000 1.438e-03 3.616 4.311 4.365 3.757 3.358 2.989 2.520 2.140 2.085
0.0015467 -1.00000 10.20412 0.7584347129 2.4032671452    0.757  0.499  3.7394  3.728    2  0.000  0.536     0.00     0.00 -1 -1.24e-27      0.00 7.746e-01 2.239e-01 2.624e-04 7.179e-05 6.529e-04 -1.000 1.466e-03 3.522 4.274 4.305 3.676 3.264 2.884 2.398 2.004 1.945
0.0015467 -1.00000 10.20412 0.7591326237 2.4035427570    0.758  0.537  3.7349  3.672    2  0.000  0.536     0.00     0.00 -1  -2.3e-27      0.00 7.706e-01 2.279e-01 2.659e-04 7.273e-05 6.613e-04 -1.000 1.473e-03 3.427 4.223 4.235 3.591 3.171 2.783 2.284 1.879 1.818
0.0015467 -1.00000 10.20412 0.7596029043 2.4037282467    0.759  0.567  3.7322  3.632    2  0.000  0.536     0.00     0.00 -1  -3.5e-27      0.00 7.682e-01 2.303e-01 2.680e-04 7.326e-05 6.661e-04 -1.000 1.486e-03 3.351 4.173 4.175 3.522 3.097 2.705 2.198 1.786 1.724
0.0015467 -1.00000 10.20412 0.7597127557 2.4037714005    0.759  0.576  3.7317  3.621    2  0.000  0.536     0.00     0.00 -1 -3.86e-27      0.00 7.677e-01 2.308e-01 2.684e-04 7.337e-05 6.670e-04 -1.000 1.500e-03 3.331 4.157 4.157 3.502 3.076 2.684 2.175 1.763 1.700
0.0015467 -1.00000 10.20412 0.7602909803 2.4039990902    0.759  0.620  3.7291  3.567    3  0.000  0.537     0.00     0.00 -1 -6.51e-27      0.00 7.649e-01 2.336e-01 2.704e-04 7.391e-05 6.719e-04 -1.000 1.561e-03 3.221 4.072 4.062 3.398 2.968 2.572 2.055 1.635 1.572
0.0015467 -1.00000 10.20412 0.7607780695 2.4041903019    0.760  0.661  3.7273  3.519    3  0.000  0.537     0.00     0.00 -1 -1.02e-26      0.00 7.627e-01 2.357e-01 2.718e-04 7.430e-05 6.753e-04 -1.000 1.529e-03 3.119 3.988 3.970 3.301 2.867 2.468 1.946 1.521 1.457
0.0015467 -1.00000 10.20412 0.7613186836 2.4044024944    0.760  0.710  3.7255  3.463    3  0.000  0.537     0.00     0.00 -1 -1.67e-26      0.00 7.604e-01 2.380e-01 2.732e-04 7.467e-05 6.786e-04 -1.000 1.538e-03 2.995 3.882 3.857 3.182 2.745 2.343 1.815 1.385 1.321
0.0015467 -1.00000 10.20412 0.7618182898 2.4045982361    0.761  0.759  3.7239  3.408    3  0.000  0.537     0.00     0.00 -1 -2.67e-26      0.00 7.584e-01 2.401e-01 2.743e-04 7.497e-05 6.813e-04 -1.000 1.529e-03 2.872 3.776 3.743 3.063 2.624 2.219 1.686 1.251 1.187
0.0015467 -1.00000 10.20412 0.7623195648 2.4047942162    0.761  0.813  3.7223  3.348    3  0.000  0.537     0.00     0.00 -1 -4.31e-26      0.00 7.563e-01 2.421e-01 2.751e-04 7.523e-05 6.835e-04 -1.000 1.539e-03 2.738 3.657 3.618 2.932 2.491 2.083 1.545 1.106 1.041
0.0015467 -1.00000 10.20412 0.7627635598 2.4049675465    0.762  0.865  3.7209  3.291    3  0.000  0.536     0.00     0.00 -1 -6.62e-26      0.00 7.545e-01 2.440e-01 2.756e-04 7.549e-05 6.853e-04 -1.000 1.539e-03 2.608 3.541 3.496 2.806 2.362 1.952 1.409 0.967 0.901
0.0015467 -1.00000 10.20412 0.7631402016 2.4051144123    0.762  0.913  3.7196  3.237    3  0.000  0.536     0.00     0.00 -1 -9.59e-26      0.00 7.529e-01 2.455e-01 2.758e-04 7.573e-05 6.866e-04 -1.000 1.566e-03 2.487 3.435 3.383 2.689 2.243 1.831 1.284 0.837 0.772
0.0015467 -1.00000 10.20412 0.7634350657 2.4052293301    0.762  0.954  3.7185  3.192    3  0.000  0.535     0.00     0.00 -1 -1.29e-25      0.00 7.518e-01 2.467e-01 2.757e-04 7.598e-05 6.875e-04 -1.000 1.556e-03 2.386 3.346 3.289 2.591 2.143 1.729 1.178 0.728 0.662
0.0015467 -1.00000 10.20412 0.7637615204 2.4053564072    0.763  1.002  3.7171  3.138    3  0.000  0.534     0.00     0.00 -1  -1.8e-25      0.00 7.506e-01 2.479e-01 2.754e-04 7.635e-05 6.883e-04 -1.000 1.554e-03 2.264 3.239 3.176 2.473 2.022 1.606 1.050 0.596 0.530
0.0015467 -1.00000 10.20412 0.7640735507 2.4054777622    0.763  1.054  3.7156  3.081    3  0.000  0.532     0.00     0.00 -1 -2.48e-25      0.00 7.494e-01 2.490e-01 2.750e-04 7.686e-05 6.891e-04 -1.000 1.544e-03 2.136 3.129 3.057 2.349 1.896 1.478 0.917 0.458 0.391
0.0015467 -1.00000 10.20412 0.7643562555 2.4055876732    0.763  1.105  3.7140  3.024    3  0.000  0.531     0.00     0.00 -1 -3.35e-25      0.00 7.486e-01 2.499e-01 2.745e-04 7.739e-05 6.897e-04 -1.000 1.554e-03 2.008 3.019 2.940 2.227 1.770 1.349 0.783 0.319 0.253
0.0015467 -1.00000 10.20412 0.7646030188 2.4056832790    0.763  1.153  3.7124  2.969    3  0.000  0.530     0.00     0.00 -1 -4.39e-25      0.00 7.478e-01 2.506e-01 2.740e-04 7.793e-05 6.901e-04 -1.000 1.585e-03 1.887 2.916 2.829 2.109 1.650 1.226 0.655 0.186 0.119
0.0015467 -1.00000 10.20412 0.7648261189 2.4057698250    0.763  1.202  3.7108  2.914    3  0.000  0.529     0.00     0.00 -1 -5.63e-25      0.00 7.474e-01 2.511e-01 2.735e-04 7.838e-05 6.904e-04 -1.000 1.555e-03 1.765 2.815 2.719 1.993 1.530 1.104 0.526 0.053 -0.015
0.0015467 -1.00000 10.20412 0.7650267482 2.4058477879    0.764  1.250  3.7091  2.859    3  0.000  0.528     0.00     0.00 -1 -7.08e-25      0.00 7.471e-01 2.514e-01 2.732e-04 7.871e-05 6.906e-04 -1.000 1.553e-03 1.646 2.717 2.612 1.879 1.413 0.983 0.400 -0.079 -0.147
0.0015467 -1.00000 10.20412 0.7652131319 2.4059200287    0.764  1.298  3.7073  2.804    3  0.000  0.527     0.00     0.00 -1 -8.82e-25      0.00 7.469e-01 2.516e-01 2.730e-04 7.891e-05 6.907e-04 -1.000 1.560e-03 1.524 2.619 2.503 1.763 1.294 0.861 0.271 -0.213 -0.282
0.0015467 -1.00000 10.20412 0.7653779984 2.4059836864    0.764  1.346  3.7054  2.749    3  0.000  0.527     0.00     0.00 -1 -1.08e-24      0.00 7.468e-01 2.517e-01 2.729e-04 7.903e-05 6.908e-04 -1.000 1.555e-03 1.406 2.525 2.398 1.651 1.178 0.741 0.146 -0.344 -0.413
0.0015467 -1.00000 10.20412 0.7655318379 2.4060432911    0.764  1.394  3.7035  2.693    3  0.000  0.527     0.00     0.00 -1 -1.31e-24      0.00 7.468e-01 2.517e-01 2.729e-04 7.907e-05 6.908e-04 -1.000 1.555e-03 1.285 2.429 2.292 1.537 1.060 0.620 0.017 -0.478 -0.548
0.0015467 -1.00000 10.20412 0.7656677961 2.4060959816    0.764  1.441  3.7016  2.638    3  0.000  0.527     0.00     0.00 -1 -1.56e-24      0.00 7.467e-01 2.517e-01 2.729e-04 7.909e-05 6.908e-04 -1.000 1.554e-03 1.167 2.337 2.189 1.426 0.945 0.502 -0.108 -0.609 -0.680
0.0015467 -1.00000 10.20412 0.7657889724 2.4061427116    0.764  1.487  3.6996  2.585    3  0.000  0.527     0.00     0.00 -1 -1.83e-24      0.00 7.467e-01 2.517e-01 2.729e-04 7.910e-05 6.908e-04 -1.000 1.554e-03 1.053 2.248 2.090 1.319 0.834 0.386 -0.230 -0.737 -0.808
0.0015467 -1.00000 10.20412 0.7659013867 2.4061863422    0.764  1.533  3.6976  2.530    3  0.000  0.527     0.00     0.00 -1 -2.14e-24      0.00 7.467e-01 2.517e-01 2.729e-04 7.912e-05 6.909e-04 -1.000 1.554e-03 0.938 2.161 1.990 1.212 0.722 0.271 -0.353 -0.867 -0.938
0.0015467 -1.00000 10.20412 0.7660011053 2.4062247276    0.764  1.577  3.6955  2.478    3  0.000  0.527     0.00     0.00 -1 -2.46e-24      0.00 7.467e-01 2.517e-01 2.728e-04 7.913e-05 6.909e-04 -1.000 1.554e-03 0.826 2.080 1.895 1.108 0.614 0.159 -0.471 -0.992 -1.064
0.0015467 -1.00000 10.20412 0.7660951614 2.4062612057    0.764  1.623  3.6934  2.424    3  0.000  0.527     0.00     0.00 -1 -2.83e-24      0.00 7.467e-01 2.517e-01 2.728e-04 7.914e-05 6.909e-04 -1.000 1.554e-03 0.713 2.001 1.800 1.002 0.503 0.044 -0.593 -1.120 -1.192
0.0015467 -1.00000 10.20412 0.7661798596 2.4062938690    0.764  1.667  3.6913  2.371    3  0.000  0.527     0.00     0.00 -1 -3.22e-24      0.00 7.467e-01 2.517e-01 2.728e-04 7.915e-05 6.909e-04 -1.000 1.554e-03 0.602 1.926 1.707 0.899 0.395 -0.068 -0.712 -1.245 -1.318
0.0015467 -1.00000 10.20412 0.7662590146 2.4063243866    0.764  1.711  3.6891  2.318    3  0.000  0.527     0.00     0.00 -1 -3.64e-24      0.00 7.467e-01 2.518e-01 2.728e-04 7.916e-05 6.909e-04 -1.000 1.554e-03 0.492 1.854 1.617 0.798 0.288 -0.179 -0.830 -1.370 -1.443
0.0015467 -1.00000 10.20412 0.7663349509 2.4063537121    0.764  1.755  3.6869  2.266    3  0.000  0.527     0.00     0.00 -1 -4.11e-24      0.00 7.467e-01 2.518e-01 2.728e-04 7.917e-05 6.909e-04 -1.000 1.554e-03 0.383 1.785 1.528 0.698 0.183 -0.288 -0.948 -1.494 -1.569
0.0015467 -1.00000 10.20412 0.7664127946 2.4063837528    0.764  1.796  3.6848  2.217    3  0.000  0.527     0.00     0.00 -1 -4.64e-24      0.00 7.467e-01 2.518e-01 2.728e-04 7.918e-05 6.909e-04 -1.000 1.554e-03 0.281 1.720 1.445 0.605 0.085 -0.390 -1.057 -1.610 -1.685
0.0015467 -1.00000 10.20412 0.7664834261 2.4064111710    0.764  1.818  3.6838  2.190    3  0.000  0.527     0.00     0.00 -1 -5.08e-24      0.00 7.467e-01 2.518e-01 2.728e-04 7.919e-05 6.909e-04 -1.000 1.554e-03 0.225 1.682 1.398 0.553 0.031 -0.446 -1.117 -1.674 -1.749
0.0015467 -1.00000 10.20412 0.7665308118 2.4064292908    0.764  1.806  3.6849  2.207    3  0.000  0.527     0.00     0.00 -1 -5.21e-24      0.00 7.467e-01 2.518e-01 2.728e-04 7.920e-05 6.909e-04 -1.000 1.554e-03 0.255 1.695 1.419 0.579 0.059 -0.416 -1.083 -1.636 -1.711
0.0015467 -1.00000 10.20412 0.7665477991 2.4064359665    0.764  1.800  3.6853  2.214    3  0.000  0.527     0.00     0.00 -1 -5.25e-24      0.00 7.467e-01 2.518e-01 2.728e-04 7.920e-05 6.909e-04 -1.000 1.554e-03 0.269 1.701 1.430 0.591 0.072 -0.402 -1.067 -1.619 -1.694
0.0015467 -1.00000 10.20412 0.7665964961 2.4064548016    0.764  1.838  3.6833  2.168    3  0.000  0.527     0.00     0.00 -1 -5.75e-24      0.00 7.467e-01 2.518e-01 2.728e-04 7.920e-05 6.909e-04 -1.000 1.554e-03 0.174 1.643 1.354 0.505 -0.018 -0.496 -1.169 -1.728 -1.803
0.0015467 -1.00000 10.20412 0.7666488290 2.4064748287    0.764  1.882  3.6809  2.115    3  0.000  0.527     0.00     0.00 -1 -6.37e-24      0.00 7.467e-01 2.518e-01 2.728e-04 7.921e-05 6.910e-04 -1.000 1.554e-03 0.066 1.578 1.268 0.408 -0.122 -0.605 -1.286 -1.853 -1.929
0.0015467 -1.00000 10.20412 0.7666981220 2.4064939022    0.764  1.925  3.6784  2.062    3  0.000  0.527     0.00     0.00 -1 -7.05e-24      0.00 7.466e-01 2.518e-01 2.728e-04 7.922e-05 6.910e-04 -1.000 1.554e-03 -0.043 1.515 1.184 0.310 -0.226 -0.713 -1.404 -1.978 -2.055
0.0015467 -1.00000 10.20412 0.7667428255 2.4065110683    0.764  1.968  3.6760  2.009    3  0.000  0.527     0.00     0.00 -1 -7.75e-24      0.00 7.466e-01 2.518e-01 2.728e-04 7.922e-05 6.910e-04 -1.000 1.554e-03 -0.149 1.455 1.102 0.216 -0.327 -0.819 -1.518 -2.100 -2.177
0.0015467 -1.00000 10.20412 0.7667835951 2.4065268040    0.764  2.009  3.6736  1.958    3  0.000  0.527     0.00     0.00 -1  -8.5e-24      0.00 7.466e-01 2.518e-01 2.728e-04 7.923e-05 6.910e-04 -1.000 1.554e-03 -0.253 1.424 1.033 0.119 -0.431 -0.926 -1.632 -2.219 -2.296
0.0015467 -1.00000 10.20412 0.7668207288 2.4065411091    0.764  2.050  3.6711  1.907    3  0.000  0.527     0.00     0.00 -1 -9.27e-24      0.00 7.466e-01 2.518e-01 2.728e-04 7.923e-05 6.910e-04 -1.000 1.554e-03 -0.355 1.391 0.965 0.026 -0.532 -1.030 -1.744 -2.337 -2.413
0.0015467 -1.00000 10.20412 0.7668555379 2.4065546989    0.763  2.091  3.6686  1.857    3  0.000  0.527     0.00     0.00 -1 -1.01e-23      0.00 7.466e-01 2.518e-01 2.728e-04 7.924e-05 6.910e-04 -1.000 1.554e-03 -0.457 1.360 0.898 -0.066 -0.631 -1.134 -1.856 -2.454 -2.531
0.0015467 -1.00000 10.20412 0.7668880224 2.4065670967    0.763  2.132  3.6661  1.805    3  0.000  0.527     0.00     0.00 -1  -1.1e-23      0.00 7.466e-01 2.518e-01 2.728e-04 7.924e-05 6.910e-04 -1.000 1.553e-03 -0.560 1.333 0.832 -0.157 -0.730 -1.237 -1.968 -2.573 -2.650
0.0015467 -1.00000 10.20412 0.7669171691 2.4065783024    0.763  2.172  3.6636  1.755    3  0.000  0.527     0.00     0.00 -1 -1.19e-23      0.00 7.466e-01 2.518e-01 2.728e-04 7.924e-05 6.910e-04 -1.000 1.553e-03 -0.659 1.309 0.770 -0.245 -0.826 -1.337 -2.077 -2.688 -2.765
0.0015467 -1.00000 10.20412 0.7669439316 2.4065885544    0.763  2.211  3.6610  1.705    3  0.000  0.527     0.00     0.00 -1 -1.28e-23      0.00 7.466e-01 2.518e-01 2.728e-04 7.925e-05 6.910e-04 -1.000 1.553e-03 -0.758 1.288 0.710 -0.331 -0.920 -1.436 -2.185 -2.802 -2.880
0.0015467 -1.00000 10.20412 0.7669683695 2.4065980911    0.763  2.250  3.6585  1.656    3  0.000  0.527     0.00     0.00 -1 -1.38e-23      0.00 7.466e-01 2.518e-01 2.728e-04 7.925e-05 6.910e-04 -1.000 1.553e-03 -0.855 1.271 0.654 -0.414 -1.011 -1.531 -2.291 -2.915 -2.993
0.0015467 -1.00000 10.20412 0.7669911385 2.4066069126    0.763  2.289  3.6559  1.607    3  0.000  0.527     0.00     0.00 -1 -1.49e-23      0.00 7.466e-01 2.518e-01 2.728e-04 7.925e-05 6.910e-04 -1.000 1.553e-03 -0.952 1.237 0.589 -0.493 -1.099 -1.625 -2.395 -3.028 -3.108
0.0015467 -1.00000 10.20412 0.7670124769 2.4066150188    0.762  2.328  3.6533  1.557    3  0.000  0.527     0.00     0.00 -1  -1.6e-23      0.00 7.466e-01 2.518e-01 2.728e-04 7.926e-05 6.910e-04 -1.000 1.553e-03 -1.050 1.225 0.534 -0.576 -1.190 -1.721 -2.501 -3.141 -3.223
0.0015467 -1.00000 10.20412 0.7670321465 2.4066226482    0.762  2.366  3.6507  1.508    3  0.000  0.527     0.00     0.00 -1 -1.71e-23      0.00 7.466e-01 2.518e-01 2.728e-04 7.926e-05 6.910e-04 -1.000 1.553e-03 -1.146 1.217 0.481 -0.657 -1.279 -1.815 -2.606 -3.253 -3.335
0.0015467 -1.00000 10.20412 0.7670542598 2.4066312313    0.762  2.413  3.6474  1.448    3  0.000  0.527     0.00     0.00 -1 -1.86e-23      0.00 7.466e-01 2.518e-01 2.728e-04 7.926e-05 6.910e-04 -1.000 1.553e-03 -1.263 1.207 0.417 -0.749 -1.384 -1.928 -2.733 -3.390 -3.475
0.0015467 -1.00000 10.20412 0.7670709491 2.4066376686    0.761  2.452  3.6448  1.399    3  0.000  0.527     0.00     0.00 -1 -1.99e-23      0.00 7.466e-01 2.518e-01 2.728e-04 7.926e-05 6.910e-04 -1.000 1.553e-03 -1.359 1.200 0.365 -0.823 -1.468 -2.019 -2.836 -3.501 -3.588
0.0015467 -1.00000 10.20412 0.7670891285 2.4066445827    0.761  2.497  3.6416  1.341    3  0.000  0.527     0.00     0.00 -1 -2.15e-23      0.00 7.466e-01 2.518e-01 2.728e-04 7.927e-05 6.910e-04 -1.000 1.553e-03 -1.471 1.195 0.305 -0.910 -1.567 -2.127 -2.958 -3.634 -3.723
0.0015467 -1.00000 10.20412 0.7671058774 2.4066510201    0.761  2.542  3.6383  1.283    3  0.000  0.527     0.00     0.00 -1 -2.32e-23      0.00 7.466e-01 2.518e-01 2.728e-04 7.927e-05 6.910e-04 -1.000 1.553e-03 -1.584 1.191 0.246 -0.995 -1.665 -2.234 -3.079 -3.766 -3.858
0.0015467 -1.00000 10.20412 0.7671216130 2.4066572189    0.760  2.587  3.6351  1.224    3  0.000  0.527     0.00     0.00 -1  -2.5e-23      0.00 7.466e-01 2.518e-01 2.728e-04 7.927e-05 6.910e-04 -1.000 1.553e-03 -1.698 1.189 0.188 -1.080 -1.764 -2.342 -3.202 -3.899 -3.994
0.0015467 -1.00000 10.20412 0.7671356797 2.4066624641    0.760  2.631  3.6318  1.167    3  0.000  0.527     0.00     0.00 -1 -2.68e-23      0.00 7.466e-01 2.518e-01 2.728e-04 7.927e-05 6.910e-04 -1.000 1.553e-03 -1.808 1.193 0.134 -1.161 -1.858 -2.445 -3.320 -4.029 -4.126
0.0015467 -1.00000 10.20412 0.7671486735 2.4066674709    0.759  2.675  3.6285  1.110    3  0.000  0.527     0.00     0.00 -1 -2.88e-23      0.00 7.466e-01 2.518e-01 2.728e-04 7.927e-05 6.910e-04 -1.000 1.553e-03 -1.917 1.201 0.083 -1.240 -1.950 -2.547 -3.437 -4.156 -4.257
0.0015467 -1.00000 10.20412 0.7671606541 2.4066722393    0.759  2.718  3.6253  1.053    3  0.000  0.527     0.00     0.00 -1 -3.09e-23      0.00 7.466e-01 2.518e-01 2.728e-04 7.927e-05 6.910e-04 -1.000 1.553e-03 -2.026 1.211 0.033 -1.317 -2.041 -2.648 -3.553 -4.284 -4.387
0.0015467 -1.00000 10.20412 0.7671716213 2.4066762924    0.758  2.761  3.6220  0.997    3  0.000  0.527     0.00     0.00 -1 -3.31e-23      0.00 7.466e-01 2.518e-01 2.728e-04 7.928e-05 6.910e-04 -1.000 1.553e-03 -2.132 1.228 -0.013 -1.391 -2.129 -2.746 -3.667 -4.409 -4.516
0.0015467 -1.00000 10.20412 0.7671816945 2.4066803455    0.757  2.803  3.6188  0.941    3  0.000  0.527     0.00     0.00 -1 -3.53e-23      0.00 7.466e-01 2.518e-01 2.728e-04 7.928e-05 6.910e-04 -1.000 1.553e-03 -2.237 1.258 -0.051 -1.460 -2.214 -2.843 -3.779 -4.533 -4.643
0.0015467 -1.00000 10.20412 0.7671912313 2.4066839218    0.757  2.846  3.6156  0.885    3  0.000  0.527     0.00     0.00 -1 -3.77e-23      0.00 7.466e-01 2.518e-01 2.728e-04 7.928e-05 6.910e-04 -1.000 1.553e-03 -2.344 1.288 -0.089 -1.529 -2.301 -2.941 -3.893 -4.658 -4.771
0.0015467 -1.00000 10.20412 0.7671999931 2.4066872597    0.756  2.887  3.6123  0.830    3  0.000  0.527     0.00     0.00 -1 -4.02e-23      0.00 7.466e-01 2.518e-01 2.728e-04 7.928e-05 6.910e-04 -1.000 1.553e-03 -2.449 1.321 -0.123 -1.596 -2.384 -3.036 -4.005 -4.781 -4.898
0.0015467 -1.00000 10.20412 0.7672078013 2.4066903591    0.755  2.928  3.6091  0.777    3  0.000  0.527     0.00     0.00 -1 -4.28e-23      0.00 7.466e-01 2.518e-01 2.728e-04 7.928e-05 6.910e-04 -1.000 1.553e-03 -2.549 1.356 -0.155 -1.658 -2.463 -3.127 -4.112 -4.899 -5.019
0.0015467 -1.00000 10.20412 0.7672153711 2.4066932201    0.754  2.969  3.6059  0.722    3  0.000  0.527     0.00     0.00 -1 -4.56e-23      0.00 7.466e-01 2.518e-01 2.728e-04 7.928e-05 6.910e-04 -1.000 1.553e-03 -2.652 1.394 -0.185 -1.720 -2.543 -3.220 -4.221 -5.018 -5.143
0.0015467 -1.00000 10.20412 0.7672225237 2.4066960812    0.753  3.010  3.6027  0.667    3  0.000  0.527     0.00     0.00 -1 -4.85e-23      0.00 7.466e-01 2.518e-01 2.728e-04 7.928e-05 6.910e-04 -1.000 1.553e-03 -2.755 1.431 -0.216 -1.782 -2.623 -3.313 -4.330 -5.139 -5.268
0.0015467 -1.00000 10.20412 0.7672288418 2.4066984653    0.752  3.049  3.5996  0.615    3  0.000  0.527     0.00     0.00 -1 -5.14e-23      0.00 7.466e-01 2.518e-01 2.728e-04 7.928e-05 6.910e-04 -1.000 1.553e-03 -2.852 1.473 -0.240 -1.838 -2.697 -3.399 -4.433 -5.253 -5.386
0.0015467 -1.00000 10.20412 0.7672349215 2.4067008495    0.750  3.089  3.5964  0.562    3  0.000  0.527     0.00     0.00 -1 -5.46e-23      0.00 7.466e-01 2.518e-01 2.728e-04 7.928e-05 6.910e-04 -1.000 1.553e-03 -2.952 1.512 -0.265 -1.894 -2.772 -3.488 -4.538 -5.369 -5.506
0.0015467 -1.00000 10.20412 0.7672406435 2.4067029953    0.749  3.128  3.5933  0.509    3  0.000  0.527     0.00     0.00 -1 -5.79e-23      0.00 7.466e-01 2.518e-01 2.728e-04 7.928e-05 6.910e-04 -1.000 1.553e-03 -3.050 1.554 -0.288 -1.949 -2.845 -3.576 -4.642 -5.484 -5.625
0.0015467 -1.00000 10.20412 0.7672458887 2.4067049026    0.747  3.167  3.5902  0.458    3  0.000  0.527     0.00     0.00 -1 -6.13e-23      0.00 7.466e-01 2.518e-01 2.728e-04 7.928e-05 6.910e-04 -1.000 1.553e-03 -3.146 1.605 -0.302 -1.998 -2.914 -3.660 -4.743 -5.596 -5.742
0.0015467 -1.00000 10.20412 0.7672507763 2.4067068100    0.746  3.205  3.5871  0.406    3  0.000  0.527     0.00     0.00 -1 -6.48e-23      0.00 7.466e-01 2.518e-01 2.727e-04 7.929e-05 6.910e-04 -1.000 1.553e-03 -3.241 1.656 -0.310 -2.041 -2.980 -3.743 -4.844 -5.707 -5.858
0.0015467 -1.00000 10.20412 0.7672553658 2.4067087173    0.744  3.242  3.5840  0.356    3  0.000  0.527     0.00     0.00 -1 -6.85e-23      0.00 7.466e-01 2.518e-01 2.727e-04 7.929e-05 6.910e-04 -1.000 1.553e-03 -3.334 1.708 -0.317 -2.083 -3.043 -3.824 -4.942 -5.815 -5.972
0.0015467 -1.00000 10.20412 0.7672596574 2.4067103863    0.742  3.278  3.5810  0.306    3  0.000  0.527     0.00     0.00 -1 -7.23e-23      0.00 7.466e-01 2.519e-01 2.727e-04 7.929e-05 6.910e-04 -1.000 1.553e-03 -3.426 1.756 -0.324 -2.124 -3.106 -3.904 -5.039 -5.922 -6.083
0.0015467 -1.00000 10.20412 0.7672635317 2.4067118168    0.740  3.312  3.5781  0.259    3  0.000  0.527     0.00     0.00 -1  -7.6e-23      0.00 7.466e-01 2.519e-01 2.727e-04 7.929e-05 6.910e-04 -1.000 1.553e-03 -3.510 1.801 -0.326 -2.157 -3.160 -3.977 -5.129 -6.021 -6.187
0.0015467 -1.00000 10.20412 0.7672674656 2.4067132473    0.738  3.345  3.5754  0.215    3  0.000  0.527     0.00     0.00 -1 -7.98e-23      0.00 7.466e-01 2.519e-01 2.727e-04 7.929e-05 6.910e-04 -1.000 1.553e-03 -3.592 1.839 -0.330 -2.190 -3.213 -4.048 -5.216 -6.116 -6.286
0.0015467 -1.00000 10.20412 0.7672674656 2.4067132473    0.680  1.682  3.7524  2.551    4  0.000  0.513     0.00     0.00 -1    -1e-30      0.00 7.390e-01 2.594e-01 2.699e-04 8.883e-05 7.035e-04 -1.000 1.566e-03 0.565 1.228 1.242 0.683 0.308 -0.046 -0.506 -0.877 -0.924
0.0015467 -1.00000 10.20412 0.7673135996 2.4067311287    0.680  1.696  3.7511  2.531    4  0.000  0.513     0.00     0.00 -1    -1e-30      0.00 7.390e-01 2.594e-01 2.699e-04 8.883e-05 7.035e-04 -1.000 1.566e-03 0.530 1.202 1.214 0.650 0.273 -0.083 -0.547 -0.921 -0.969
0.0015467 -1.00000 10.20412 0.7673596740 2.4067487717    0.680  1.698  3.7512  2.530    4  0.000  0.513     0.00     0.00 -1    -1e-30      0.00 7.390e-01 2.594e-01 2.699e-04 8.883e-05 7.035e-04 -1.000 1.566e-03 0.525 1.198 1.210 0.646 0.268 -0.088 -0.552 -0.925 -0.974
0.0015467 -1.00000 10.20412 0.7674057484 2.4067664146    0.681  1.699  3.7515  2.530    4  0.000  0.513     0.00     0.00 -1    -1e-30      0.00 7.390e-01 2.594e-01 2.699e-04 8.883e-05 7.035e-04 -1.000 1.566e-03 0.523 1.194 1.206 0.643 0.266 -0.089 -0.552 -0.925 -0.973
0.0015467 -1.00000 10.20412 0.7674529552 2.4067847729    0.681  1.698  3.7523  2.533    4  0.000  0.513     0.00     0.00 -1    -1e-30      0.00 7.390e-01 2.594e-01 2.699e-04 8.883e-05 7.035e-04 -1.000 1.566e-03 0.524 1.189 1.202 0.642 0.267 -0.087 -0.548 -0.919 -0.967
0.0015467 -1.00000 10.20412 0.7675001025 2.4068028927    0.681  1.697  3.7533  2.538    4  0.000  0.513     0.00     0.00 -1    -1e-30      0.00 7.390e-01 2.594e-01 2.699e-04 8.883e-05 7.035e-04 -1.000 1.566e-03 0.526 1.185 1.198 0.642 0.269 -0.083 -0.542 -0.910 -0.957
0.0015467 -1.00000 10.20412 0.7675482631 2.4068212509    0.681  1.696  3.7545  2.545    4  0.000  0.513     0.00     0.00 -1    -1e-30      0.00 7.390e-01 2.594e-01 2.699e-04 8.883e-05 7.035e-04 -1.000 1.566e-03 0.530 1.181 1.195 0.643 0.273 -0.077 -0.532 -0.898 -0.944
0.0015467 -1.00000 10.20412 0.7675963044 2.4068398476    0.681  1.694  3.7559  2.553    4  0.000  0.513     0.00     0.00 -1    -1e-30      0.00 7.390e-01 2.594e-01 2.699e-04 8.883e-05 7.035e-04 -1.000 1.566e-03 0.535 1.176 1.191 0.645 0.277 -0.070 -0.521 -0.883 -0.929
0.0015467 -1.00000 10.20412 0.7676439285 2.4068582058    0.681  1.692  3.7576  2.562    4  0.000  0.513     0.00     0.00 -1    -1e-30      0.00 7.390e-01 2.594e-01 2.699e-04 8.883e-05 7.035e-04 -1.000 1.566e-03 0.541 1.170 1.187 0.647 0.282 -0.062 -0.509 -0.867 -0.912
0.0015467 -1.00000 10.20412 0.7676907778 2.4068760872    0.681  1.690  3.7592  2.570    4  0.000  0.513     0.00     0.00 -1    -1e-30      0.00 7.390e-01 2.594e-01 2.699e-04 8.883e-05 7.035e-04 -1.000 1.566e-03 0.546 1.164 1.182 0.648 0.287 -0.055 -0.497 -0.851 -0.895
0.0015467 -1.00000 10.20412 0.7677419782 2.4068958759    0.681  1.688  3.7609  2.579    4  0.000  0.513     0.00     0.00 -1    -1e-30      0.00 7.390e-01 2.594e-01 2.699e-04 8.883e-05 7.035e-04 -1.000 1.566e-03 0.551 1.158 1.177 0.649 0.292 -0.047 -0.485 -0.835 -0.878
0.0015467 -1.00000 10.20412 0.7677875161 2.4069132805    0.681  1.686  3.7623  2.586    4  0.000  0.513     0.00     0.00 -1    -1e-30      0.00 7.390e-01 2.594e-01 2.699e-04 8.883e-05 7.035e-04 -1.000 1.566e-03 0.554 1.154 1.173 0.651 0.296 -0.040 -0.474 -0.821 -0.864
0.0015467 -1.00000 10.20412 0.7678371668 2.4069323540    0.681  1.685  3.7637  2.593    4  0.000  0.513     0.00     0.00 -1    -1e-30      0.00 7.390e-01 2.594e-01 2.699e-04 8.883e-05 7.035e-04 -1.000 1.566e-03 0.558 1.149 1.169 0.652 0.299 -0.034 -0.465 -0.808 -0.850
0.0015467 -1.00000 10.20412 0.7678861022 2.4069511890    0.681  1.684  3.7648  2.599    4  0.000  0.513     0.00     0.00 -1    -1e-30      0.00 7.390e-01 2.594e-01 2.699e-04 8.883e-05 7.035e-04 -1.000 1.566e-03 0.561 1.146 1.166 0.652 0.302 -0.029 -0.457 -0.797 -0.839
0.0015467 -1.00000 10.20412 0.7679356933 2.4069702625    0.681  1.683  3.7656  2.603    4  0.000  0.513     0.00     0.00 -1    -1e-30      0.00 7.390e-01 2.594e-01 2.699e-04 8.883e-05 7.035e-04 -1.000 1.566e-03 0.563 1.143 1.163 0.652 0.304 -0.026 -0.451 -0.790 -0.831
0.0015467 -1.00000 10.20412 0.7679472566 2.4069747925    0.681  1.683  3.7658  2.604    4  0.000  0.513     0.00     0.00 -1    -1e-30      0.00 7.390e-01 2.594e-01 2.699e-04 8.883e-05 7.035e-04 -1.000 1.566e-03 0.563 1.142 1.162 0.653 0.304 -0.025 -0.450 -0.788 -0.830
0.0015467 -1.00000 10.20412 0.7679660320 2.4069819450    0.681  1.683  3.7659  2.604    4  0.000  0.513     0.00     0.00 -1    -1e-30      0.00 7.390e-01 2.594e-01 2.699e-04 8.883e-05 7.035e-04 -1.000 1.566e-03 0.564 1.142 1.162 0.652 0.305 -0.025 -0.449 -0.787 -0.828
0.0015467 -1.00000 10.20412 0.7679834962 2.4069886208    0.681  1.682  3.7661  2.605    4  0.000  0.513     0.00     0.00 -1    -1e-30      0.00 7.390e-01 2.594e-01 2.699e-04 8.883e-05 7.035e-04 -1.000 1.566e-03 0.564 1.141 1.161 0.652 0.305 -0.024 -0.448 -0.786 -0.827
0.0015467 -1.00000 10.20412 0.7680290937 2.4070062637    0.681  1.683  3.7662  2.606    4  0.000  0.513     0.00     0.00 -1    -1e-30      0.00 7.390e-01 2.594e-01 2.699e-04 8.883e-05 7.035e-04 -1.000 1.566e-03 0.564 1.140 1.160 0.652 0.305 -0.024 -0.448 -0.785 -0.826
0.0015467 -1.00000 10.20412 0.7680764198 2.4070243835    0.681  1.683  3.7659  2.604    4  0.000  0.513     0.00     0.00 -1    -1e-30      0.00 7.390e-01 2.594e-01 2.699e-04 8.883e-05 7.035e-04 -1.000 1.566e-03 0.562 1.140 1.160 0.651 0.303 -0.026 -0.451 -0.789 -0.830
0.0015467 -1.00000 10.20412 0.7681243420 2.4070427418    0.681  1.684  3.7652  2.600    4  0.000  0.513     0.00     0.00 -1    -1e-30      0.00 7.390e-01 2.594e-01 2.699e-04 8.883e-05 7.035e-04 -1.000 1.566e-03 0.559 1.141 1.161 0.650 0.300 -0.030 -0.457 -0.796 -0.838
0.0015467 -1.00000 10.20412 0.7681689262 2.4070599079    0.681  1.686  3.7642  2.594    4  0.000  0.513     0.00     0.00 -1    -1e-30      0.00 7.390e-01 2.594e-01 2.699e-04 8.883e-05 7.035e-04 -1.000 1.566e-03 0.555 1.143 1.163 0.647 0.296 -0.036 -0.465 -0.807 -0.849
0.0015467 -1.00000 10.20412 0.7682123780 2.4070765972    0.681  1.688  3.7630  2.588    4  0.000  0.513     0.00     0.00 -1    -1e-30      0.00 7.390e-01 2.594e-01 2.699e-04 8.883e-05 7.035e-04 -1.000 1.566e-03 0.550 1.145 1.165 0.645 0.291 -0.043 -0.475 -0.820 -0.862
0.0015467 -1.00000 10.20412 0.7682567835 2.4070935249    0.681  1.691  3.7615  2.579    4  0.000  0.513     0.00     0.00 -1    -1e-30      0.00 7.390e-01 2.594e-01 2.699e-04 8.883e-05 7.035e-04 -1.000 1.566e-03 0.544 1.148 1.166 0.641 0.285 -0.053 -0.489 -0.837 -0.880
0.0015467 -1.00000 10.20412 0.7682830095 2.4071037769    0.681  1.692  3.7606  2.573    4  0.000  0.513     0.00     0.00 -1    -1e-30      0.00 7.390e-01 2.594e-01 2.699e-04 8.883e-05 7.035e-04 -1.000 1.566e-03 0.539 1.149 1.167 0.639 0.280 -0.059 -0.497 -0.848 -0.891
0.0015467 -1.00000 10.20412 0.7683035731 2.4071116447    0.682  1.694  3.7598  2.569    4  0.000  0.513     0.00     0.00 -1    -1e-30      0.00 7.390e-01 2.594e-01 2.699e-04 8.883e-05 7.035e-04 -1.000 1.566e-03 0.535 1.149 1.168 0.636 0.276 -0.064 -0.505 -0.857 -0.901
0.0015467 -1.00000 10.20412 0.7683489919 2.4071290493    0.682  1.697  3.7581  2.559    4  0.000  0.513     0.00     0.00 -1    -1e-30      0.00 7.390e-01 2.594e-01 2.699e-04 8.883e-05 7.035e-04 -1.000 1.566e-03 0.526 1.152 1.169 0.631 0.268 -0.076 -0.521 -0.877 -0.922
0.0015467 -1.00000 10.20412 0.7683948278 2.4071466923    0.682  1.702  3.7564  2.548    4  0.000  0.513     0.00     0.00 -1    -1e-30      0.00 7.390e-01 2.594e-01 2.699e-04 8.883e-05 7.035e-04 -1.000 1.566e-03 0.516 1.154 1.169 0.625 0.258 -0.088 -0.538 -0.899 -0.945
0.0015467 -1.00000 10.20412 0.7684391141 2.4071636200    0.682  1.707  3.7544  2.534    4  0.000  0.513     0.00     0.00 -1    -1e-30      0.00 7.390e-01 2.594e-01 2.699e-04 8.883e-05 7.035e-04 -1.000 1.566e-03 0.502 1.154 1.167 0.615 0.244 -0.106 -0.561 -0.927 -0.973
0.0015467 -1.00000 10.20412 0.7684842348 2.4071807861    0.682  1.713  3.7524  2.520    4  0.000  0.513     0.00     0.00 -1    -1e-30      0.00 7.390e-01 2.594e-01 2.699e-04 8.883e-05 7.035e-04 -1.000 1.566e-03 0.487 1.152 1.164 0.605 0.230 -0.124 -0.585 -0.955 -1.003
0.0015467 -1.00000 10.20412 0.7685299516 2.4071984291    0.682  1.720  3.7506  2.506    4  0.000  0.513     0.00     0.00 -1    -1e-30      0.00 7.390e-01 2.594e-01 2.699e-04 8.883e-05 7.035e-04 -1.000 1.566e-03 0.471 1.148 1.159 0.593 0.214 -0.143 -0.609 -0.984 -1.032
0.0015467 -1.00000 10.20412 0.7685752511 2.4072158337    0.682  1.727  3.7487  2.492    4  0.000  0.513     0.00     0.00 -1    -1e-30      0.00 7.390e-01 2.594e-01 2.699e-04 8.883e-05 7.035e-04 -1.000 1.566e-03 0.454 1.145 1.152 0.579 0.197 -0.163 -0.634 -1.014 -1.063
0.0015467 -1.00000 10.20412 0.7686207294 2.4072332382    0.682  1.735  3.7465  2.474    4  0.000  0.513     0.00     0.00 -1    -1e-30      0.00 7.390e-01 2.594e-01 2.699e-04 8.883e-05 7.035e-04 -1.000 1.566e-03 0.432 1.140 1.144 0.562 0.176 -0.188 -0.666 -1.051 -1.102
0.0015467 -1.00000 10.20412 0.7686691880 2.4072518349    0.682  1.747  3.7440  2.453    4  0.000  0.513     0.00     0.00 -1    -1e-30      0.00 7.390e-01 2.594e-01 2.699e-04 8.883e-05 7.035e-04 -1.000 1.566e-03 0.404 1.132 1.131 0.540 0.149 -0.220 -0.704 -1.096 -1.147
0.0015467 -1.00000 10.20412 0.7687149644 2.4072692394    0.682  1.760  3.7414  2.429    4  0.000  0.513     0.00     0.00 -1    -1e-30      0.00 7.390e-01 2.594e-01 2.699e-04 8.883e-05 7.035e-04 -1.000 1.566e-03 0.370 1.119 1.113 0.512 0.116 -0.257 -0.750 -1.147 -1.200
0.0015467 -1.00000 10.20412 0.7687585950 2.4072861671    0.682  1.779  3.7380  2.396    4  0.000  0.513     0.00     0.00 -1    -1e-30      0.00 7.390e-01 2.594e-01 2.699e-04 8.883e-05 7.035e-04 -1.000 1.566e-03 0.322 1.102 1.086 0.472 0.068 -0.311 -0.812 -1.218 -1.273
0.0015467 -1.00000 10.20412 0.7687968016 2.4073007107    0.682  1.814  3.7323  2.339    4  0.000  0.513     0.00     0.00 -1    -1e-30      0.00 7.390e-01 2.594e-01 2.699e-04 8.883e-05 7.035e-04 -1.000 1.566e-03 0.234 1.073 1.035 0.397 -0.017 -0.406 -0.924 -1.343 -1.400
0.0015467 -1.00000 10.20412 0.7688155770 2.4073078632    0.682  1.852  3.7265  2.277    4  0.000  0.513     0.00     0.00 -1    -1e-30      0.00 7.390e-01 2.594e-01 2.699e-04 8.883e-05 7.035e-04 -1.000 1.566e-03 0.140 1.043 0.980 0.317 -0.110 -0.509 -1.043 -1.477 -1.536
0.0015467 -1.00000 10.20412 0.7688240409 2.4073112011    0.682  1.887  3.7212  2.221    4  0.000  0.513     0.00     0.00 -1    -1e-30      0.00 7.390e-01 2.594e-01 2.699e-04 8.883e-05 7.035e-04 -1.000 1.566e-03 0.052 1.016 0.928 0.242 -0.195 -0.603 -1.153 -1.600 -1.661
0.0015467 -1.00000 10.20412 0.7688280940 2.4073126316    0.682  1.923  3.7161  2.165    4  0.000  0.513     0.00     0.00 -1    -1e-30      0.00 7.390e-01 2.594e-01 2.699e-04 8.883e-05 7.035e-04 -1.000 1.566e-03 -0.038 0.990 0.876 0.167 -0.282 -0.699 -1.264 -1.724 -1.787
0.0015467 -1.00000 10.20412 0.7688301802 2.4073135853    0.682  1.959  3.7112  2.109    4  0.000  0.513     0.00     0.00 -1    -1e-30      0.00 7.390e-01 2.594e-01 2.699e-04 8.883e-05 7.035e-04 -1.000 1.566e-03 -0.129 0.963 0.823 0.091 -0.368 -0.794 -1.374 -1.848 -1.912
0.0015467 -1.00000 10.20412 0.7688314915 2.4073140621    0.682  1.996  3.7066  2.054    4  0.000  0.513     0.00     0.00 -1    -1e-30      0.00 7.390e-01 2.594e-01 2.699e-04 8.883e-05 7.035e-04 -1.000 1.566e-03 -0.221 0.934 0.767 0.014 -0.456 -0.890 -1.484 -1.970 -2.036
0.0015467 -1.00000 10.20412 0.7688320279 2.4073143005    0.682  2.019  3.7040  2.020    4  0.000  0.513     0.00     0.00 -1    -1e-30      0.00 7.390e-01 2.594e-01 2.699e-04 8.883e-05 7.035e-04 -1.000 1.566e-03 -0.278 0.915 0.732 -0.034 -0.510 -0.949 -1.551 -2.045 -2.112
0.0015467 -1.00000 10.20412 0.7688320875 2.4073143005    0.682  2.020  3.7039  2.020    7  0.000  0.513     0.00     0.00 -1 -1.16e-09      0.00 7.390e-01 2.578e-01 2.699e-04 8.883e-05 7.035e-04 -1.000 3.229e-03 -0.280 0.914 0.731 -0.035 -0.511 -0.951 -1.553 -2.047 -2.113
0.0015467 -1.00000 10.20412 0.7688323855 2.4073143005    0.682  2.036  3.7021  1.996    7  0.000  0.513     0.00     0.00 -1 -1.28e-09      0.00 7.390e-01 2.578e-01 2.699e-04 8.883e-05 7.035e-04 -1.000 3.229e-03 -0.320 0.900 0.706 -0.069 -0.549 -0.992 -1.600 -2.099 -2.166
0.0015467 -1.00000 10.20412 0.7688331008 2.4073145390    0.682  2.072  3.6982  1.944    7  0.000  0.513     0.00     0.00 -1 -1.58e-09      0.00 7.390e-01 2.578e-01 2.699e-04 8.883e-05 7.035e-04 -1.000 3.229e-03 -0.410 0.872 0.649 -0.146 -0.636 -1.086 -1.706 -2.216 -2.284
0.0015467 -1.00000 10.20412 0.7688338161 2.4073150158    0.682  2.111  3.6941  1.889    7  0.000  0.513     0.00     0.00 -1 -1.98e-09      0.00 7.390e-01 2.578e-01 2.699e-04 8.883e-05 7.035e-04 -1.000 3.229e-03 -0.507 0.844 0.589 -0.227 -0.726 -1.184 -1.818 -2.340 -2.410
0.0015467 -1.00000 10.20412 0.7688345313 2.4073152542    0.682  2.149  3.6901  1.835    7  0.000  0.513     0.00     0.00 -1 -2.47e-09      0.00 7.390e-01 2.578e-01 2.699e-04 8.883e-05 7.035e-04 -1.000 3.229e-03 -0.603 0.818 0.531 -0.306 -0.816 -1.282 -1.930 -2.463 -2.534
0.0015467 -1.00000 10.20412 0.7688353062 2.4073154926    0.682  2.186  3.6863  1.783    7  0.000  0.513     0.00     0.00 -1 -3.06e-09      0.00 7.390e-01 2.578e-01 2.699e-04 8.883e-05 7.035e-04 -1.000 3.229e-03 -0.695 0.796 0.476 -0.382 -0.901 -1.374 -2.036 -2.582 -2.654
0.0015467 -1.00000 10.20412 0.7688371539 2.4073162079    0.681  2.208  3.6843  1.752    7  0.000  0.513     0.00     0.00 -1 -3.47e-09      0.00 7.390e-01 2.578e-01 2.699e-04 8.883e-05 7.035e-04 -1.000 3.229e-03 -0.750 0.800 0.448 -0.432 -0.958 -1.433 -2.101 -2.651 -2.722
0.0015467 -1.00000 10.20412 0.7688386440 2.4073166847    0.681  2.179  3.6872  1.793    7  0.000  0.513     0.00     0.00 -1 -2.95e-09      0.00 7.390e-01 2.578e-01 2.699e-04 8.883e-05 7.035e-04 -1.000 3.229e-03 -0.676 0.798 0.486 -0.367 -0.884 -1.356 -2.014 -2.557 -2.629
0.0015467 -1.00000 10.20412 0.7688427567 2.4073183537    0.680  2.139  3.6912  1.848    7  0.000  0.513     0.00     0.00 -1 -2.36e-09      0.00 7.390e-01 2.578e-01 2.699e-04 8.883e-05 7.035e-04 -1.000 3.229e-03 -0.578 0.823 0.545 -0.286 -0.793 -1.257 -1.901 -2.431 -2.501
0.0015467 -1.00000 10.20412 0.7688667774 2.4073276520    0.677  2.141  3.6909  1.843    7  0.000  0.513     0.00     0.00 -1 -2.42e-09      0.00 7.390e-01 2.578e-01 2.699e-04 8.883e-05 7.035e-04 -1.000 3.229e-03 -0.583 0.825 0.544 -0.290 -0.798 -1.262 -1.907 -2.438 -2.508
0.0015467 -1.00000 10.20412 0.7688830495 2.4073338509    0.675  2.175  3.6872  1.793    7  0.000  0.513     0.00     0.00 -1 -2.99e-09      0.00 7.390e-01 2.578e-01 2.699e-04 8.883e-05 7.035e-04 -1.000 3.229e-03 -0.668 0.806 0.494 -0.359 -0.876 -1.348 -2.006 -2.549 -2.620
0.0015467 -1.00000 10.20412 0.7688998580 2.4073402882    0.672  2.214  3.6833  1.736    7  0.000  0.513     0.00     0.00 -1 -3.79e-09      0.00 7.390e-01 2.578e-01 2.699e-04 8.883e-05 7.035e-04 -1.000 3.229e-03 -0.766 0.810 0.445 -0.445 -0.973 -1.450 -2.121 -2.673 -2.744
0.0015467 -1.00000 10.20412 0.7689161301 2.4073464870    0.668  2.254  3.6795  1.678    7  0.000  0.513     0.00     0.00 -1 -4.81e-09      0.00 7.390e-01 2.578e-01 2.699e-04 8.883e-05 7.035e-04 -1.000 3.229e-03 -0.865 0.809 0.394 -0.531 -1.071 -1.553 -2.236 -2.799 -2.869
0.0015467 -1.00000 10.20412 0.7689302564 2.4073519707    0.663  2.293  3.6758  1.622    7  0.000  0.513     0.00     0.00 -1 -6.15e-09      0.00 7.390e-01 2.578e-01 2.699e-04 8.883e-05 7.035e-04 -1.000 3.229e-03 -0.963 0.811 0.346 -0.614 -1.165 -1.653 -2.348 -2.920 -2.991
0.0015467 -1.00000 10.20412 0.7689425945 2.4073565006    0.659  2.332  3.6721  1.565    7  0.000  0.513     0.00     0.00 -1 -7.81e-09      0.00 7.390e-01 2.578e-01 2.699e-04 8.883e-05 7.035e-04 -1.000 3.206e-03 -1.060 0.814 0.299 -0.695 -1.257 -1.751 -2.459 -3.039 -3.111
0.0015467 -1.00000 10.20412 0.7689534426 2.4073607922    0.653  2.370  3.6686  1.509    7  0.000  0.513     0.00     0.00 -1 -9.93e-09      0.00 7.390e-01 2.579e-01 2.699e-04 8.884e-05 7.035e-04 -1.000 3.147e-03 -1.156 0.821 0.255 -0.774 -1.348 -1.848 -2.568 -3.157 -3.230
0.0015467 -1.00000 10.20412 0.7689630389 2.4073643684    0.647  2.408  3.6651  1.453    7  0.000  0.512     0.00     0.00 -1 -1.27e-08      0.00 7.390e-01 2.579e-01 2.698e-04 8.884e-05 7.035e-04 -1.000 3.131e-03 -1.250 0.812 0.205 -0.846 -1.431 -1.940 -2.674 -3.274 -3.348
0.0015467 -1.00000 10.20412 0.7689715624 2.4073677063    0.640  2.446  3.6616  1.397    7  0.000  0.512     0.00     0.00 -1 -1.61e-08      0.00 7.390e-01 2.579e-01 2.696e-04 8.889e-05 7.035e-04 -1.000 3.107e-03 -1.345 0.834 0.168 -0.921 -1.518 -2.033 -2.781 -3.389 -3.465
0.0015467 -1.00000 10.20412 0.7689793706 2.4073705673    0.632  2.484  3.6581  1.340    7  0.000  0.511     0.00     0.00 -1 -2.05e-08      0.00 7.390e-01 2.580e-01 2.690e-04 8.918e-05 7.035e-04 -1.000 3.033e-03 -1.439 0.865 0.135 -0.995 -1.604 -2.127 -2.888 -3.505 -3.582
0.0015467 -1.00000 10.20412 0.7689865232 2.4073734283    0.623  2.521  3.6547  1.282    7  0.000  0.507     0.00     0.00 -1 -2.62e-08      0.00 7.390e-01 2.580e-01 2.673e-04 9.025e-05 7.035e-04 -1.000 3.018e-03 -1.533 0.878 0.094 -1.064 -1.686 -2.216 -2.992 -3.619 -3.699
0.0015467 -1.00000 10.20412 0.7689931393 2.4073760509    0.612  2.558  3.6507  1.221    7  0.000  0.501     0.00     0.00 -1  -3.4e-08      0.00 7.390e-01 2.580e-01 2.641e-04 9.335e-05 7.035e-04 -1.000 2.995e-03 -1.626 0.906 0.061 -1.129 -1.765 -2.305 -3.098 -3.738 -3.820
0.0015467 -1.00000 10.20412 0.7689964175 2.4073772430    0.605  2.577  3.6483  1.187    7  0.000  0.496     0.00     0.00 -1  -3.9e-08      0.00 7.390e-01 2.580e-01 2.620e-04 9.574e-05 7.035e-04 -1.000 2.966e-03 -1.674 0.932 0.051 -1.157 -1.802 -2.349 -3.152 -3.800 -3.884
0.0015467 -1.00000 10.20412 0.7690024972 2.4073796272    0.590  2.614  3.6432  1.119    7  0.000  0.487     0.00     0.00 -1 -5.13e-08      0.00 7.390e-01 2.581e-01 2.573e-04 1.012e-04 7.035e-04 -1.000 2.916e-03 -1.766 0.995 0.037 -1.210 -1.873 -2.432 -3.258 -3.922 -4.011
0.0015467 -1.00000 10.20412 0.7690082788 2.4073817730    0.570  2.652  3.6401  1.054    7  0.000  0.478     0.00     0.00 -1 -6.97e-08      0.00 7.389e-01 2.582e-01 2.526e-04 1.070e-04 7.035e-04 -1.000 2.899e-03 -1.861 1.012 -0.004 -1.279 -1.954 -2.522 -3.361 -4.036 -4.127
0.0015467 -1.00000 10.20412 0.7690140009 2.4073839188    0.544  2.690  3.6430  1.007    7  0.000  0.470     0.00     0.00 -1  -9.6e-08      0.00 7.389e-01 2.582e-01 2.482e-04 1.124e-04 7.035e-04 -1.000 2.892e-03 -1.956 0.878 -0.126 -1.394 -2.063 -2.625 -3.452 -4.115 -4.204
0.0015467 -1.00000 10.20412 0.7690179944 2.4073853493    0.520  2.718  3.6519  0.996    7  0.000  0.464     0.00     0.00 -1 -1.21e-07      0.00 7.389e-01 2.582e-01 2.452e-04 1.161e-04 7.035e-04 -1.000 2.883e-03 -2.024 0.610 -0.306 -1.528 -2.171 -2.713 -3.502 -4.132 -4.214
0.0015467 -1.00000 10.20412 0.7690192461 2.4073858261    0.502  2.726  3.6635  1.019    7  0.000  0.461     0.00     0.00 -1 -1.27e-07      0.00 7.389e-01 2.583e-01 2.436e-04 1.180e-04 7.035e-04 -1.000 2.829e-03 -2.046 0.261 -0.498 -1.625 -2.230 -2.748 -3.489 -4.086 -4.160
0.0015467 -1.00000 10.20412 1.0965409279 2.4910964966    0.544 -4.939  3.4730  7.957    9  0.545  0.000     0.00     0.00 -1    -1e-30      0.00 7.252e-01 2.732e-01 2.244e-04 1.654e-04 7.173e-04 -1.000 1.584e-03 17.117 25.025 22.225 20.283 18.382 16.528 15.096 14.724 14.627
#isochrone terminated
