# File generated by CMD 3.3 (http://stev.oapd.inaf.it/cmd) on Sun Jun  7 12:21:31 CEST 2020
# isochrones based on PARSEC release v1.2S +  COLIBRI S_35
# Basic references: Bressan et al. (2012), MNRAS, 427, 127 + Chen et al. (2014, 2015), MNRAS, 444, 2525 + MNRAS, 452, 1068 + Tang et al. (2014), MNRAS, 445, 4287 + Marigo et al. (2017), ApJ, 835, 77 + Pastorelli al. (2019), MNRAS in press
# Thermal pulse cycles included 
# On RGB, assumed Reimers mass loss with efficiency eta=0.2
# Photometric system: <i>UBVRIJHK</i> (cf. Maiz-Apellaniz 2006 + Bessell 1990)
# Using YBC version of bolometric corrections as in Chen et al. (2019)
# O-rich circumstellar dpmod60alox40 dust from Groenewegen (2006)
# C-rich circumstellar AMCSIC15 dust from Groenewegen (2006)
# IMF: Kroupa (2001, 2002) + Kroupa et al. (2013) canonical two-part-power law IMF corrected for unresolved binaries 
# Kind of output: isochrone tables
# Zini     MH   logAge Mini        int_IMF         Mass   logL    logTe  logg  label   McoreTP C_O  period0 period1 pmode  Mloss  tau1m   X   Y   Xc  Xn  Xo  Cexcess  Z 	 mbolmag  Umag    Bmag    Vmag    Rmag    Imag    Jmag    Hmag    Kmag
0.00059013 -1.42000 10.00000 0.0900000036 1.0816895962    0.090 -3.191  3.4702  5.416    1  0.000  0.545     0.00     0.00 -1 -5.29e-17      0.00 7.481e-01 2.513e-01 1.114e-04 3.006e-05 2.726e-04 -1.000 6.196e-04 12.748 20.329 17.560 15.558 13.801 12.105 10.749 10.425 10.317
0.00059013 -1.42000 10.00000 0.0983544365 1.1572115421    0.098 -2.955  3.5038  5.353    1  0.000  0.545     0.00     0.00 -1 -9.36e-17      0.00 7.469e-01 2.525e-01 1.114e-04 3.006e-05 2.726e-04 -1.000 6.196e-04 12.158 18.223 16.098 14.196 12.820 11.485 10.274 9.826 9.686
0.00059013 -1.42000 10.00000 0.1000000089 1.1711064577    0.100 -2.911  3.5101  5.341    1  0.000  0.545     0.00     0.00 -1 -1.04e-16      0.00 7.467e-01 2.527e-01 1.114e-04 3.006e-05 2.726e-04 -1.000 6.196e-04 12.048 17.856 15.840 13.967 12.644 11.371 10.184 9.720 9.573
0.00059013 -1.42000 10.00000 0.1199999973 1.3193154335    0.120 -2.626  3.5417  5.262    1  0.000  0.545     0.00     0.00 -1 -2.01e-16      0.00 7.446e-01 2.548e-01 1.114e-04 3.006e-05 2.726e-04 -1.000 6.196e-04 11.335 16.005 14.450 12.783 11.651 10.643 9.574 9.047 8.877
0.00059013 -1.42000 10.00000 0.1383302659 1.4293760061    0.138 -2.459  3.5560  5.214    1  0.000  0.545     0.00     0.00 -1  -2.9e-16      0.00 7.431e-01 2.563e-01 1.114e-04 3.006e-05 2.726e-04 -1.000 6.196e-04 10.918 15.149 13.762 12.200 11.132 10.221 9.202 8.658 8.479
0.00059013 -1.42000 10.00000 0.1400000006 1.4384527206    0.140 -2.445  3.5572  5.210    1  0.000  0.545     0.00     0.00 -1    -3e-16      0.00 7.430e-01 2.564e-01 1.114e-04 3.006e-05 2.726e-04 -1.000 6.195e-04 10.883 15.079 13.705 12.151 11.088 10.185 9.171 8.625 8.446
0.00059013 -1.42000 10.00000 0.1599999964 1.5372931957    0.160 -2.305  3.5675  5.169    1  0.000  0.545     0.00     0.00 -1 -4.05e-16      0.00 7.418e-01 2.576e-01 1.114e-04 3.006e-05 2.726e-04 -1.000 6.196e-04 10.532 14.436 13.174 11.694 10.675 9.833 8.853 8.298 8.111
0.00059013 -1.42000 10.00000 0.2000000179 1.6938792467    0.200 -2.085  3.5810  5.100    1  0.000  0.545     0.00     0.00 -1 -6.51e-16      0.00 7.405e-01 2.589e-01 1.114e-04 3.006e-05 2.726e-04 -1.000 6.196e-04 9.983 13.535 12.405 11.018 10.056 9.280 8.344 7.780 7.587
0.00059013 -1.42000 10.00000 0.2500000298 1.8403259516    0.250 -1.880  3.5922  5.037    1  0.000  0.545     0.00     0.00 -1 -9.24e-16      0.00 7.403e-01 2.591e-01 1.114e-04 3.006e-05 2.726e-04 -1.000 6.196e-04 9.470 12.748 11.724 10.410 9.497 8.765 7.865 7.295 7.100
0.00059013 -1.42000 10.00000 0.3000000417 1.9529141188    0.300 -1.723  3.6007  4.993    1  0.000  0.545     0.00     0.00 -1 -1.38e-15      0.00 7.404e-01 2.590e-01 1.114e-04 3.006e-05 2.726e-04 -1.000 6.196e-04 9.078 12.166 11.211 9.950 9.074 8.370 7.496 6.923 6.731
0.00059013 -1.42000 10.00000 0.3500000238 2.0434176922    0.350 -1.596  3.6079  4.962    1  0.000  0.545     0.00     0.00 -1 -1.78e-15      0.00 7.424e-01 2.570e-01 1.114e-04 3.006e-05 2.726e-04 -1.000 6.195e-04 8.761 11.699 10.797 9.579 8.732 8.051 7.198 6.624 6.438
0.00059013 -1.42000 10.00000 0.4000000358 2.1185026169    0.400 -1.453  3.6190  4.921    1  0.000  0.545     0.00     0.00 -1 -2.42e-15      0.00 7.500e-01 2.494e-01 1.114e-04 3.006e-05 2.726e-04 -1.000 6.195e-04 8.404 11.125 10.298 9.143 8.340 7.691 6.870 6.294 6.121
0.00059013 -1.42000 10.00000 0.4500000179 2.1822810173    0.450 -1.281  3.6370  4.872    1  0.000  0.545     0.00     0.00 -1  -3.6e-15      0.00 7.500e-01 2.493e-01 1.114e-04 3.006e-05 2.726e-04 -1.000 6.195e-04 7.972 10.357 9.649 8.589 7.858 7.259 6.486 5.913 5.763
0.00059013 -1.42000 10.00000 0.5000000000 2.2374541759    0.500 -1.086  3.6631  4.828    1  0.000  0.545     0.00     0.00 -1 -5.62e-15      0.00 7.500e-01 2.493e-01 1.114e-04 3.006e-05 2.726e-04 -1.000 6.195e-04 7.486 9.396 8.875 7.943 7.307 6.776 6.074 5.530 5.409
0.00059013 -1.42000 10.00000 0.5500000715 2.2836585045    0.550 -0.878  3.6891  4.765    1  0.000  0.544     0.00     0.00 -1  -9.3e-15      0.00 7.789e-01 2.205e-01 9.939e-05 2.683e-05 2.434e-04 -1.000 5.944e-04 6.965 8.398 8.104 7.283 6.738 6.264 5.641 5.152 5.052
0.00059013 -1.42000 10.00000 0.6000000238 2.3211214542    0.600 -0.678  3.7158  4.710    1  0.000  0.544     0.00     0.00 -1  -1.5e-14      0.00 7.877e-01 2.118e-01 9.599e-05 2.592e-05 2.353e-04 -1.000 5.630e-04 6.466 7.491 7.410 6.687 6.213 5.786 5.243 4.815 4.732
0.00059013 -1.42000 10.00000 0.6034568548 2.3234488964    0.603 -0.664  3.7179  4.706    1  0.000  0.544     0.00     0.00 -1 -1.55e-14      0.00 7.883e-01 2.111e-01 9.572e-05 2.585e-05 2.346e-04 -1.000 5.798e-04 6.430 7.427 7.361 6.645 6.177 5.753 5.216 4.793 4.710
0.00059013 -1.42000 10.00000 0.6166939139 2.3320846558    0.616 -0.610  3.7258  4.693    1  0.000  0.544     0.00     0.00 -1 -1.77e-14      0.00 7.911e-01 2.084e-01 9.466e-05 2.557e-05 2.321e-04 -1.000 5.146e-04 6.294 7.189 7.175 6.488 6.038 5.627 5.112 4.706 4.628
0.00059013 -1.42000 10.00000 0.6321215034 2.3416266441    0.632 -0.546  3.7350  4.677    1  0.000  0.544     0.00     0.00 -1 -2.06e-14      0.00 7.944e-01 2.051e-01 9.336e-05 2.522e-05 2.290e-04 -1.000 5.529e-04 6.136 6.923 6.963 6.310 5.879 5.483 4.992 4.604 4.532
0.00059013 -1.42000 10.00000 0.6463628411 2.3499715328    0.646 -0.488  3.7433  4.661    1  0.000  0.543     0.00     0.00 -1 -2.37e-14      0.00 7.976e-01 2.019e-01 9.211e-05 2.489e-05 2.260e-04 -1.000 4.975e-04 5.989 6.688 6.772 6.148 5.734 5.351 4.881 4.508 4.441
0.00059013 -1.42000 10.00000 0.6499999762 2.3520355225    0.650 -0.473  3.7454  4.657    1  0.000  0.543     0.00     0.00 -1 -2.46e-14      0.00 7.984e-01 2.010e-01 9.179e-05 2.480e-05 2.252e-04 -1.000 5.233e-04 5.952 6.629 6.724 6.107 5.697 5.318 4.853 4.483 4.418
0.00059013 -1.42000 10.00000 0.6519523263 2.3531324863    0.652 -0.465  3.7465  4.655    1  0.000  0.543     0.00     0.00 -1 -2.51e-14      0.00 7.990e-01 2.005e-01 9.158e-05 2.475e-05 2.247e-04 -1.000 5.134e-04 5.932 6.598 6.698 6.085 5.678 5.300 4.837 4.469 4.405
0.00059013 -1.42000 10.00000 0.6675297618 2.3616211414    0.667 -0.400  3.7547  4.633    1  0.000  0.543     0.00     0.00 -1 -2.95e-14      0.00 8.035e-01 1.960e-01 8.985e-05 2.429e-05 2.206e-04 -1.000 4.983e-04 5.770 6.357 6.494 5.912 5.522 5.157 4.714 4.358 4.301
0.00059013 -1.42000 10.00000 0.6820285916 2.3691227436    0.682 -0.339  3.7621  4.611    1  0.000  0.543     0.00     0.00 -1 -3.44e-14      0.00 8.081e-01 1.914e-01 8.813e-05 2.383e-05 2.165e-04 -1.000 4.957e-04 5.618 6.138 6.306 5.751 5.377 5.025 4.598 4.253 4.202
0.00059013 -1.42000 10.00000 0.6957926154 2.3759124279    0.696 -0.281  3.7689  4.589    1  0.000  0.542     0.00     0.00 -1    -4e-14      0.00 8.127e-01 1.868e-01 8.636e-05 2.337e-05 2.123e-04 -1.000 4.956e-04 5.472 5.939 6.130 5.600 5.239 4.897 4.486 4.150 4.104
0.00059013 -1.42000 10.00000 0.6999999881 2.3779268265    0.700 -0.263  3.7710  4.582    1  0.000  0.542     0.00     0.00 -1 -4.19e-14      0.00 8.142e-01 1.853e-01 8.580e-05 2.322e-05 2.110e-04 -1.000 4.956e-04 5.427 5.879 6.076 5.553 5.196 4.858 4.450 4.118 4.073
0.00059013 -1.42000 10.00000 0.7078760266 2.3816235065    0.708 -0.228  3.7747  4.567    1  0.000  0.541     0.00     0.00 -1 -4.59e-14      0.00 8.178e-01 1.817e-01 8.428e-05 2.285e-05 2.078e-04 -1.000 4.918e-04 5.341 5.767 5.974 5.465 5.115 4.783 4.383 4.056 4.014
0.00059013 -1.42000 10.00000 0.7175295353 2.3860275745    0.717 -0.186  3.7791  4.547    1  0.000  0.539     0.00     0.00 -1 -5.14e-14      0.00 8.224e-01 1.771e-01 8.231e-05 2.238e-05 2.036e-04 -1.000 4.655e-04 5.234 5.629 5.848 5.355 5.014 4.688 4.298 3.978 3.939
0.00059013 -1.42000 10.00000 0.7266940475 2.3900842667    0.726 -0.144  3.7831  4.528    1  0.000  0.537     0.00     0.00 -1 -5.75e-14      0.00 8.271e-01 1.725e-01 8.037e-05 2.191e-05 1.994e-04 -1.000 4.066e-04 5.130 5.502 5.728 5.249 4.915 4.597 4.215 3.900 3.865
0.00059013 -1.42000 10.00000 0.7390015721 2.3953506947    0.739 -0.087  3.7883  4.498    1  0.000  0.535     0.00     0.00 -1 -6.73e-14      0.00 8.335e-01 1.661e-01 7.776e-05 2.127e-05 1.938e-04 -1.000 3.976e-04 4.986 5.332 5.564 5.103 4.779 4.469 4.098 3.791 3.759
0.00059013 -1.42000 10.00000 0.7500000000 2.3998889923    0.750 -0.033  3.7928  4.469    1  0.000  0.533     0.00     0.00 -1 -7.81e-14      0.00 8.392e-01 1.604e-01 7.543e-05 2.070e-05 1.887e-04 -1.000 3.956e-04 4.853 5.178 5.412 4.966 4.652 4.349 3.987 3.687 3.659
0.00059013 -1.42000 10.00000 0.7549511194 2.4018824100    0.755 -0.009  3.7947  4.455    1  0.000  0.532     0.00     0.00 -1 -8.37e-14      0.00 8.410e-01 1.586e-01 7.483e-05 2.054e-05 1.873e-04 -1.000 4.010e-04 4.791 5.109 5.343 4.904 4.593 4.293 3.936 3.639 3.612
0.00059013 -1.42000 10.00000 0.7666458488 2.4064736366    0.766  0.052  3.7992  4.419    1  0.000  0.532     0.00     0.00 -1 -9.94e-14      0.00 8.450e-01 1.546e-01 7.358e-05 2.022e-05 1.845e-04 -1.000 3.979e-04 4.640 4.939 5.173 4.749 4.447 4.155 3.807 3.517 3.493
0.00059013 -1.42000 10.00000 0.7775012851 2.4105937481    0.777  0.112  3.8032  4.381    1  0.000  0.531     0.00     0.00 -1 -1.18e-13      0.00 8.482e-01 1.514e-01 7.259e-05 1.996e-05 1.823e-04 -1.000 3.957e-04 4.489 4.776 5.007 4.595 4.301 4.016 3.677 3.395 3.373
0.00059013 -1.42000 10.00000 0.7871671319 2.4141523838    0.786  0.169  3.8067  4.343    1  0.000  0.530     0.00     0.00 -1  -1.4e-13      0.00 8.508e-01 1.488e-01 7.187e-05 1.977e-05 1.806e-04 -1.000 3.956e-04 4.346 4.624 4.849 4.449 4.162 3.883 3.552 3.277 3.256
0.00059013 -1.42000 10.00000 0.7960730791 2.4173433781    0.795  0.226  3.8097  4.303    1  0.000  0.530     0.00     0.00 -1 -1.66e-13      0.00 8.529e-01 1.467e-01 7.132e-05 1.963e-05 1.794e-04 -1.000 3.956e-04 4.205 4.475 4.695 4.305 4.024 3.750 3.425 3.156 3.137
0.00059013 -1.42000 10.00000 0.8000000715 2.4187245369    0.799  0.252  3.8109  4.284    1  0.000  0.530     0.00     0.00 -1  -1.8e-13      0.00 8.538e-01 1.458e-01 7.111e-05 1.957e-05 1.790e-04 -1.000 3.956e-04 4.139 4.407 4.624 4.237 3.959 3.687 3.365 3.099 3.080
0.00059013 -1.42000 10.00000 0.8034113646 2.4199118614    0.802  0.275  3.8120  4.267    1  0.000  0.529     0.00     0.00 -1 -1.93e-13      0.00 8.538e-01 1.458e-01 7.121e-05 1.961e-05 1.793e-04 -1.000 3.986e-04 4.082 4.348 4.562 4.179 3.902 3.633 3.314 3.049 3.031
0.00059013 -1.42000 10.00000 0.8126077652 2.4230551720    0.811  0.341  3.8145  4.216    1  0.000  0.529     0.00     0.00 -1 -2.36e-13      0.00 8.530e-01 1.466e-01 7.175e-05 1.976e-05 1.807e-04 -1.000 4.606e-04 3.918 4.181 4.386 4.011 3.740 3.475 3.161 2.903 2.885
0.00059013 -1.42000 10.00000 0.8198137283 2.4254617691    0.819  0.397  3.8156  4.169    1  0.000  0.529     0.00     0.00 -1 -2.84e-13      0.00 8.511e-01 1.485e-01 7.265e-05 2.001e-05 1.830e-04 -1.000 4.718e-04 3.777 4.041 4.238 3.868 3.599 3.337 3.026 2.771 2.753
0.00059013 -1.42000 10.00000 0.8200343847 2.4255347252    0.819  0.399  3.8157  4.167    1  0.000  0.529     0.00     0.00 -1 -2.85e-13      0.00 8.510e-01 1.485e-01 7.268e-05 2.002e-05 1.831e-04 -1.000 4.717e-04 3.773 4.036 4.234 3.863 3.595 3.332 3.022 2.766 2.749
0.00059013 -1.42000 10.00000 0.8221634626 2.4262359142    0.821  0.417  3.8155  4.149    1  0.000  0.529     0.00     0.00 -1 -3.04e-13      0.00 8.504e-01 1.492e-01 7.297e-05 2.010e-05 1.838e-04 -1.000 4.717e-04 3.727 3.991 4.186 3.816 3.548 3.286 2.975 2.719 2.702
0.00059013 -1.42000 10.00000 0.8282244205 2.4282097816    0.827  0.474  3.8143  4.091    1  0.000  0.529     0.00     0.00 -1 -3.67e-13      0.00 8.486e-01 1.509e-01 7.379e-05 2.032e-05 1.859e-04 -1.000 4.717e-04 3.586 3.857 4.047 3.675 3.405 3.141 2.827 2.570 2.552
0.00059013 -1.42000 10.00000 0.8332894444 2.4298338890    0.832  0.528  3.8109  4.026    1  0.000  0.529     0.00     0.00 -1 -4.46e-13      0.00 8.471e-01 1.524e-01 7.448e-05 2.051e-05 1.876e-04 -1.000 4.718e-04 3.451 3.733 3.920 3.541 3.266 2.997 2.675 2.412 2.393
0.00059013 -1.42000 10.00000 0.8341471553 2.4301066399    0.833  0.538  3.8100  4.013    1  0.000  0.529     0.00     0.00 -1 -4.67e-13      0.00 8.469e-01 1.527e-01 7.459e-05 2.054e-05 1.878e-04 -1.000 4.717e-04 3.426 3.710 3.897 3.516 3.239 2.969 2.646 2.381 2.361
0.00059013 -1.42000 10.00000 0.8356832862 2.4305937290    0.834  0.558  3.8075  3.984    2  0.000  0.529     0.00     0.00 -1 -5.04e-13      0.00 8.464e-01 1.531e-01 7.480e-05 2.060e-05 1.884e-04 -1.000 4.717e-04 3.376 3.669 3.855 3.467 3.186 2.912 2.583 2.313 2.293
0.00059013 -1.42000 10.00000 0.8386926651 2.4315416813    0.837  0.600  3.8006  3.915    2  0.000  0.529     0.00     0.00 -1 -5.98e-13      0.00 8.456e-01 1.540e-01 7.520e-05 2.071e-05 1.894e-04 -1.000 4.717e-04 3.269 3.586 3.771 3.365 3.072 2.787 2.442 2.159 2.135
0.00059013 -1.42000 10.00000 0.8408545256 2.4322178364    0.839  0.635  3.7923  3.848    2  0.000  0.529     0.00     0.00 -1    -7e-13      0.00 8.444e-01 1.552e-01 7.585e-05 2.089e-05 1.910e-04 -1.000 4.677e-04 3.182 3.531 3.714 3.284 2.976 2.678 2.314 2.015 1.987
0.00059013 -1.42000 10.00000 0.8424662352 2.4327194691    0.841  0.664  3.7829  3.783    2  0.000  0.530     0.00     0.00 -1 -8.05e-13      0.00 8.367e-01 1.628e-01 7.932e-05 2.182e-05 1.994e-04 -1.000 4.638e-04 3.111 3.502 3.680 3.221 2.896 2.583 2.197 1.881 1.848
0.00059013 -1.42000 10.00000 0.8439654708 2.4331839085    0.842  0.691  3.7716  3.711    2  0.000  0.532     0.00     0.00 -1  -9.3e-13      0.00 8.150e-01 1.845e-01 8.756e-05 2.404e-05 2.193e-04 -1.000 4.519e-04 3.043 3.494 3.660 3.165 2.819 2.487 2.075 1.738 1.698
0.00059013 -1.42000 10.00000 0.8450325727 2.4335134029    0.843  0.713  3.7622  3.652    2  0.000  0.535     0.00     0.00 -1 -1.05e-12      0.00 7.905e-01 2.089e-01 9.573e-05 2.622e-05 2.387e-04 -1.000 5.575e-04 2.988 3.497 3.648 3.122 2.758 2.411 1.976 1.623 1.577
0.00059013 -1.42000 10.00000 0.8460070491 2.4338135719    0.844  0.741  3.7536  3.589    2  0.000  0.536     0.00     0.00 -1  -1.2e-12      0.00 7.770e-01 2.225e-01 1.003e-04 2.743e-05 2.495e-04 -1.000 5.538e-04 2.917 3.486 3.619 3.062 2.682 2.321 1.866 1.497 1.445
0.00059013 -1.42000 10.00000 0.8467649221 2.4340462685    0.845  0.774  3.7477  3.533    2  0.000  0.536     0.00     0.00 -1 -1.38e-12      0.00 7.706e-01 2.288e-01 1.024e-04 2.800e-05 2.546e-04 -1.000 5.816e-04 2.834 3.447 3.566 2.989 2.598 2.227 1.758 1.378 1.322
0.00059013 -1.42000 10.00000 0.8474923372 2.4342694283    0.845  0.815  3.7429  3.473    2  0.000  0.537     0.00     0.00 -1 -1.62e-12      0.00 7.665e-01 2.330e-01 1.038e-04 2.837e-05 2.579e-04 -1.000 5.434e-04 2.732 3.381 3.488 2.895 2.495 2.116 1.635 1.246 1.187
0.00059013 -1.42000 10.00000 0.8476096392 2.4343051910    0.845  0.824  3.7424  3.463    2  0.000  0.537     0.00     0.00 -1 -1.67e-12      0.00 7.660e-01 2.335e-01 1.039e-04 2.841e-05 2.582e-04 -1.000 5.578e-04 2.711 3.365 3.469 2.875 2.474 2.094 1.612 1.222 1.162
0.00059013 -1.42000 10.00000 0.8482271433 2.4344942570    0.846  0.870  3.7395  3.406    3  0.000  0.537     0.00     0.00 -1 -1.98e-12      0.00 7.634e-01 2.360e-01 1.046e-04 2.860e-05 2.599e-04 -1.000 6.035e-04 2.596 3.273 3.369 2.766 2.359 1.975 1.484 1.088 1.027
0.00059013 -1.42000 10.00000 0.8487473726 2.4346530437    0.847  0.912  3.7373  3.355    3  0.000  0.537     0.00     0.00 -1 -2.32e-12      0.00 7.614e-01 2.380e-01 1.051e-04 2.873e-05 2.611e-04 -1.000 6.052e-04 2.491 3.189 3.276 2.665 2.255 1.867 1.370 0.969 0.906
0.00059013 -1.42000 10.00000 0.8493247628 2.4348292351    0.847  0.962  3.7352  3.296    3  0.000  0.537     0.00     0.00 -1 -2.79e-12      0.00 7.593e-01 2.401e-01 1.056e-04 2.886e-05 2.622e-04 -1.000 6.102e-04 2.364 3.082 3.161 2.543 2.129 1.738 1.234 0.828 0.764
0.00059013 -1.42000 10.00000 0.8498584032 2.4349915981    0.847  1.013  3.7333  3.238    3  0.000  0.537     0.00     0.00 -1 -3.35e-12      0.00 7.572e-01 2.422e-01 1.059e-04 2.896e-05 2.631e-04 -1.000 5.989e-04 2.237 2.972 3.044 2.420 2.002 1.608 1.099 0.687 0.623
0.00059013 -1.42000 10.00000 0.8500000238 2.4350347519    0.848  1.027  3.7328  3.222    3  0.000  0.537     0.00     0.00 -1 -3.52e-12      0.00 7.567e-01 2.427e-01 1.059e-04 2.899e-05 2.633e-04 -1.000 5.921e-04 2.202 2.942 3.011 2.386 1.967 1.573 1.062 0.649 0.584
0.00059013 -1.42000 10.00000 0.8503715992 2.4351477623    0.848  1.066  3.7315  3.179    3  0.000  0.536     0.00     0.00 -1 -4.04e-12      0.00 7.553e-01 2.442e-01 1.060e-04 2.906e-05 2.638e-04 -1.000 5.660e-04 2.106 2.857 2.922 2.292 1.872 1.475 0.960 0.544 0.479
0.00059013 -1.42000 10.00000 0.8508129120 2.4352817535    0.848  1.115  3.7299  3.124    3  0.000  0.535     0.00     0.00 -1 -4.82e-12      0.00 7.535e-01 2.460e-01 1.059e-04 2.922e-05 2.643e-04 -1.000 5.716e-04 1.984 2.749 2.808 2.173 1.750 1.351 0.831 0.410 0.345
0.00059013 -1.42000 10.00000 0.8512132764 2.4354033470    0.849  1.163  3.7284  3.070    3  0.000  0.532     0.00     0.00 -1 -5.73e-12      0.00 7.518e-01 2.476e-01 1.055e-04 2.952e-05 2.647e-04 -1.000 6.053e-04 1.863 2.644 2.697 2.057 1.631 1.229 0.704 0.279 0.213
0.00059013 -1.42000 10.00000 0.8515762687 2.4355132580    0.849  1.210  3.7269  3.017    3  0.000  0.529     0.00     0.00 -1 -6.79e-12      0.00 7.503e-01 2.491e-01 1.049e-04 3.004e-05 2.650e-04 -1.000 6.093e-04 1.745 2.540 2.587 1.942 1.514 1.110 0.580 0.150 0.084
0.00059013 -1.42000 10.00000 0.8519126177 2.4356150627    0.849  1.258  3.7254  2.963    3  0.000  0.524     0.00     0.00 -1 -8.06e-12      0.00 7.490e-01 2.504e-01 1.041e-04 3.081e-05 2.652e-04 -1.000 5.959e-04 1.626 2.436 2.476 1.826 1.395 0.989 0.454 0.021 -0.046
0.00059013 -1.42000 10.00000 0.8522176147 2.4357073307    0.849  1.305  3.7238  2.909    3  0.000  0.519     0.00     0.00 -1 -9.55e-12      0.00 7.479e-01 2.515e-01 1.032e-04 3.177e-05 2.654e-04 -1.000 6.006e-04 1.508 2.335 2.367 1.712 1.279 0.869 0.330 -0.108 -0.175
0.00059013 -1.42000 10.00000 0.8525109887 2.4357960224    0.850  1.354  3.7221  2.854    3  0.000  0.514     0.00     0.00 -1 -1.14e-11      0.00 7.469e-01 2.524e-01 1.023e-04 3.285e-05 2.656e-04 -1.000 6.164e-04 1.385 2.229 2.254 1.593 1.156 0.744 0.200 -0.242 -0.310
0.00059013 -1.42000 10.00000 0.8527604938 2.4358713627    0.850  1.399  3.7206  2.802    3  0.000  0.510     0.00     0.00 -1 -1.34e-11      0.00 7.462e-01 2.532e-01 1.015e-04 3.377e-05 2.657e-04 -1.000 6.140e-04 1.272 2.131 2.149 1.483 1.044 0.629 0.080 -0.366 -0.434
0.00059013 -1.42000 10.00000 0.8529971242 2.4359428883    0.850  1.446  3.7189  2.749    3  0.000  0.507     0.00     0.00 -1 -1.59e-11      0.00 7.456e-01 2.538e-01 1.009e-04 3.451e-05 2.658e-04 -1.000 5.816e-04 1.155 2.033 2.043 1.370 0.928 0.511 -0.044 -0.495 -0.564
0.00059013 -1.42000 10.00000 0.8532192707 2.4360098839    0.850  1.494  3.7171  2.693    3  0.000  0.505     0.00     0.00 -1 -1.89e-11      0.00 7.453e-01 2.542e-01 1.005e-04 3.505e-05 2.659e-04 -1.000 5.700e-04 1.034 1.933 1.934 1.255 0.809 0.389 -0.171 -0.627 -0.696
0.00059013 -1.42000 10.00000 0.8534103036 2.4360673428    0.850  1.539  3.7154  2.642    3  0.000  0.503     0.00     0.00 -1 -2.23e-11      0.00 7.450e-01 2.544e-01 1.002e-04 3.543e-05 2.659e-04 -1.000 6.191e-04 0.922 1.839 1.833 1.147 0.699 0.275 -0.290 -0.751 -0.821
0.00059013 -1.42000 10.00000 0.8535952568 2.4361231327    0.850  1.587  3.7135  2.587    3  0.000  0.502     0.00     0.00 -1 -2.65e-11      0.00 7.447e-01 2.546e-01 9.999e-05 3.567e-05 2.660e-04 -1.000 6.195e-04 0.804 1.741 1.727 1.034 0.582 0.155 -0.416 -0.882 -0.953
0.00059013 -1.42000 10.00000 0.8537607193 2.4361729622    0.850  1.633  3.7117  2.534    3  0.000  0.502     0.00     0.00 -1 -3.13e-11      0.00 7.447e-01 2.547e-01 9.994e-05 3.574e-05 2.660e-04 -1.000 6.196e-04 0.688 1.645 1.623 0.923 0.468 0.038 -0.539 -1.009 -1.081
0.00059013 -1.42000 10.00000 0.8539082408 2.4362175465    0.850  1.677  3.7099  2.482    3  0.000  0.502     0.00     0.00 -1 -3.69e-11      0.00 7.447e-01 2.547e-01 9.993e-05 3.575e-05 2.660e-04 -1.000 6.195e-04 0.576 1.554 1.524 0.816 0.358 -0.075 -0.658 -1.133 -1.206
0.00059013 -1.42000 10.00000 0.8540489078 2.4362597466    0.850  1.724  3.7079  2.427    3  0.000  0.502     0.00     0.00 -1 -4.37e-11      0.00 7.447e-01 2.547e-01 9.992e-05 3.577e-05 2.660e-04 -1.000 6.196e-04 0.460 1.467 1.422 0.706 0.242 -0.194 -0.783 -1.263 -1.336
0.00059013 -1.42000 10.00000 0.8541753888 2.4362978935    0.850  1.769  3.7060  2.374    3  0.000  0.501     0.00     0.00 -1 -5.16e-11      0.00 7.446e-01 2.547e-01 9.991e-05 3.578e-05 2.660e-04 -1.000 6.195e-04 0.346 1.381 1.323 0.597 0.130 -0.310 -0.905 -1.389 -1.463
0.00059013 -1.42000 10.00000 0.8542912602 2.4363327026    0.849  1.815  3.7039  2.320    3  0.000  0.501     0.00     0.00 -1 -6.09e-11      0.00 7.446e-01 2.547e-01 9.990e-05 3.579e-05 2.660e-04 -1.000 6.196e-04 0.233 1.296 1.225 0.490 0.018 -0.425 -1.026 -1.515 -1.590
0.00059013 -1.42000 10.00000 0.8543992043 2.4363651276    0.849  1.860  3.7019  2.267    3  0.000  0.501     0.00     0.00 -1  -7.2e-11      0.00 7.446e-01 2.547e-01 9.990e-05 3.580e-05 2.660e-04 -1.000 6.195e-04 0.120 1.212 1.127 0.383 -0.094 -0.541 -1.147 -1.642 -1.718
0.00059013 -1.42000 10.00000 0.8544965386 2.4363944530    0.849  1.904  3.6999  2.214    3  0.000  0.501     0.00     0.00 -1 -8.46e-11      0.00 7.446e-01 2.548e-01 9.989e-05 3.581e-05 2.660e-04 -1.000 6.196e-04 0.009 1.130 1.032 0.278 -0.203 -0.653 -1.266 -1.766 -1.842
0.00059013 -1.42000 10.00000 0.8545880318 2.4364218712    0.849  1.949  3.6977  2.161    3  0.000  0.501     0.00     0.00 -1 -9.97e-11      0.00 7.446e-01 2.548e-01 9.988e-05 3.582e-05 2.660e-04 -1.000 6.195e-04 -0.102 1.052 0.938 0.174 -0.311 -0.766 -1.385 -1.891 -1.968
0.00059013 -1.42000 10.00000 0.8546763062 2.4364483356    0.848  1.994  3.6955  2.107    3  0.000  0.501     0.00     0.00 -1 -1.18e-10      0.00 7.446e-01 2.548e-01 9.987e-05 3.583e-05 2.660e-04 -1.000 6.196e-04 -0.215 0.972 0.844 0.069 -0.422 -0.881 -1.507 -2.019 -2.096
0.00059013 -1.42000 10.00000 0.8547606468 2.4364738464    0.848  2.036  3.6934  2.056    3  0.000  0.501     0.00     0.00 -1 -1.38e-10      0.00 7.446e-01 2.548e-01 9.987e-05 3.584e-05 2.660e-04 -1.000 6.196e-04 -0.321 0.899 0.755 -0.030 -0.525 -0.988 -1.621 -2.138 -2.217
0.00059013 -1.42000 10.00000 0.8548669219 2.4365055561    0.848  2.073  3.6917  2.012    3  0.000  0.501     0.00     0.00 -1 -1.59e-10      0.00 7.446e-01 2.548e-01 9.986e-05 3.585e-05 2.660e-04 -1.000 6.196e-04 -0.414 0.832 0.677 -0.117 -0.616 -1.082 -1.721 -2.243 -2.321
0.00059013 -1.42000 10.00000 0.8548991084 2.4365153313    0.847  2.063  3.6925  2.025    3  0.000  0.501     0.00     0.00 -1 -1.53e-10      0.00 7.446e-01 2.548e-01 9.986e-05 3.586e-05 2.660e-04 -1.000 6.196e-04 -0.387 0.848 0.697 -0.093 -0.591 -1.055 -1.691 -2.211 -2.290
0.00059013 -1.42000 10.00000 0.8549392819 2.4365274906    0.847  2.048  3.6934  2.043    3  0.000  0.501     0.00     0.00 -1 -1.46e-10      0.00 7.446e-01 2.548e-01 9.985e-05 3.586e-05 2.660e-04 -1.000 6.196e-04 -0.351 0.870 0.725 -0.060 -0.556 -1.018 -1.651 -2.169 -2.247
0.00059013 -1.42000 10.00000 0.8549695015 2.4365365505    0.847  2.069  3.6924  2.018    3  0.000  0.501     0.00     0.00 -1 -1.56e-10      0.00 7.446e-01 2.548e-01 9.985e-05 3.586e-05 2.660e-04 -1.000 6.196e-04 -0.404 0.833 0.682 -0.109 -0.607 -1.072 -1.708 -2.228 -2.307
0.00059013 -1.42000 10.00000 0.8550284505 2.4365541935    0.847  2.112  3.6902  1.967    3  0.000  0.501     0.00     0.00 -1 -1.82e-10      0.00 7.446e-01 2.548e-01 9.985e-05 3.587e-05 2.660e-04 -1.000 6.195e-04 -0.509 0.764 0.596 -0.207 -0.710 -1.179 -1.822 -2.349 -2.428
0.00059013 -1.42000 10.00000 0.8550825715 2.4365704060    0.846  2.153  3.6880  1.917    3  0.000  0.501     0.00     0.00 -1 -2.12e-10      0.00 7.446e-01 2.548e-01 9.984e-05 3.588e-05 2.660e-04 -1.000 6.196e-04 -0.611 0.703 0.514 -0.300 -0.809 -1.282 -1.933 -2.467 -2.547
0.00059013 -1.42000 10.00000 0.8551343679 2.4365859032    0.846  2.195  3.6858  1.866    3  0.000  0.501     0.00     0.00 -1 -2.47e-10      0.00 7.446e-01 2.548e-01 9.984e-05 3.588e-05 2.660e-04 -1.000 6.196e-04 -0.716 0.641 0.431 -0.396 -0.910 -1.388 -2.047 -2.588 -2.668
0.00059013 -1.42000 10.00000 0.8551803827 2.4365997314    0.845  2.235  3.6835  1.817    3  0.000  0.501     0.00     0.00 -1 -2.87e-10      0.00 7.446e-01 2.548e-01 9.984e-05 3.589e-05 2.660e-04 -1.000 6.196e-04 -0.817 0.613 0.362 -0.491 -1.012 -1.492 -2.159 -2.706 -2.785
0.00059013 -1.42000 10.00000 0.8552240133 2.4366128445    0.845  2.275  3.6813  1.767    3  0.000  0.501     0.00     0.00 -1 -3.34e-10      0.00 7.446e-01 2.548e-01 9.983e-05 3.589e-05 2.660e-04 -1.000 6.196e-04 -0.918 0.575 0.289 -0.585 -1.113 -1.597 -2.271 -2.824 -2.903
0.00059013 -1.42000 10.00000 0.8552628756 2.4366245270    0.844  2.314  3.6791  1.719    3  0.000  0.501     0.00     0.00 -1 -3.86e-10      0.00 7.446e-01 2.548e-01 9.983e-05 3.590e-05 2.660e-04 -1.000 6.196e-04 -1.015 0.544 0.223 -0.674 -1.209 -1.697 -2.378 -2.938 -3.015
0.00059013 -1.42000 10.00000 0.8552992940 2.4366354942    0.844  2.353  3.6768  1.671    3  0.000  0.501     0.00     0.00 -1 -4.46e-10      0.00 7.446e-01 2.548e-01 9.983e-05 3.590e-05 2.660e-04 -1.000 6.196e-04 -1.112 0.515 0.157 -0.762 -1.304 -1.796 -2.485 -3.051 -3.128
0.00059013 -1.42000 10.00000 0.8553329110 2.4366455078    0.843  2.391  3.6745  1.623    3  0.000  0.501     0.00     0.00 -1 -5.15e-10      0.00 7.446e-01 2.548e-01 9.983e-05 3.590e-05 2.660e-04 -1.000 6.196e-04 -1.208 0.491 0.095 -0.848 -1.398 -1.895 -2.591 -3.163 -3.239
0.00059013 -1.42000 10.00000 0.8553643823 2.4366548061    0.843  2.429  3.6722  1.575    3  0.000  0.501     0.00     0.00 -1 -5.94e-10      0.00 7.446e-01 2.548e-01 9.982e-05 3.591e-05 2.660e-04 -1.000 6.196e-04 -1.304 0.472 0.035 -0.933 -1.492 -1.993 -2.697 -3.276 -3.351
0.00059013 -1.42000 10.00000 0.8553993702 2.4366652966    0.842  2.476  3.6694  1.517    3  0.000  0.501     0.00     0.00 -1 -7.07e-10      0.00 7.446e-01 2.548e-01 9.982e-05 3.591e-05 2.660e-04 -1.000 6.196e-04 -1.419 0.451 -0.035 -1.035 -1.604 -2.110 -2.824 -3.410 -3.486
0.00059013 -1.42000 10.00000 0.8554262519 2.4366734028    0.841  2.513  3.6669  1.469    3  0.000  0.501     0.00     0.00 -1 -8.14e-10      0.00 7.446e-01 2.548e-01 9.982e-05 3.591e-05 2.660e-04 -1.000 6.196e-04 -1.513 0.406 -0.101 -1.113 -1.689 -2.202 -2.926 -3.520 -3.597
0.00059013 -1.42000 10.00000 0.8554563522 2.4366824627    0.840  2.559  3.6642  1.412    3  0.000  0.501     0.00     0.00 -1 -9.68e-10      0.00 7.446e-01 2.548e-01 9.982e-05 3.592e-05 2.660e-04 -1.000 6.196e-04 -1.628 0.400 -0.164 -1.211 -1.799 -2.318 -3.052 -3.654 -3.731
0.00059013 -1.42000 10.00000 0.8554840088 2.4366908073    0.839  2.604  3.6612  1.354    3  0.000  0.501     0.00     0.00 -1 -1.15e-09      0.00 7.446e-01 2.548e-01 9.981e-05 3.592e-05 2.660e-04 -1.000 6.196e-04 -1.740 0.407 -0.220 -1.305 -1.907 -2.433 -3.178 -3.787 -3.864
0.00059013 -1.42000 10.00000 0.8555097580 2.4366984367    0.837  2.650  3.6582  1.296    3  0.000  0.501     0.00     0.00 -1 -1.36e-09      0.00 7.446e-01 2.548e-01 9.981e-05 3.592e-05 2.660e-04 -1.000 6.195e-04 -1.854 0.423 -0.272 -1.398 -2.013 -2.547 -3.304 -3.921 -3.998
0.00059013 -1.42000 10.00000 0.8555327654 2.4367053509    0.836  2.694  3.6553  1.240    3  0.000  0.501     0.00     0.00 -1 -1.61e-09      0.00 7.446e-01 2.548e-01 9.981e-05 3.592e-05 2.660e-04 -1.000 6.196e-04 -1.964 0.415 -0.330 -1.486 -2.113 -2.655 -3.423 -4.050 -4.128
0.00059013 -1.42000 10.00000 0.8555540442 2.4367117882    0.835  2.737  3.6522  1.183    3  0.000  0.501     0.00     0.00 -1  -1.9e-09      0.00 7.446e-01 2.548e-01 9.981e-05 3.593e-05 2.660e-04 -1.000 6.196e-04 -2.073 0.412 -0.386 -1.571 -2.211 -2.761 -3.543 -4.179 -4.259
0.00059013 -1.42000 10.00000 0.8555743098 2.4367177486    0.833  2.782  3.6492  1.126    3  0.000  0.501     0.00     0.00 -1 -2.26e-09      0.00 7.446e-01 2.548e-01 9.981e-05 3.593e-05 2.660e-04 -1.000 6.196e-04 -2.184 0.406 -0.444 -1.659 -2.311 -2.870 -3.664 -4.310 -4.391
0.00059013 -1.42000 10.00000 0.8555917144 2.4367229939    0.831  2.823  3.6463  1.072    3  0.000  0.501     0.00     0.00 -1 -2.64e-09      0.00 7.446e-01 2.548e-01 9.981e-05 3.593e-05 2.660e-04 -1.000 6.196e-04 -2.288 0.405 -0.495 -1.738 -2.402 -2.969 -3.776 -4.432 -4.515
0.00059013 -1.42000 10.00000 0.8556082845 2.4367280006    0.829  2.865  3.6433  1.017    3  0.000  0.501     0.00     0.00 -1  -3.1e-09      0.00 7.446e-01 2.548e-01 9.980e-05 3.593e-05 2.660e-04 -1.000 6.196e-04 -2.393 0.410 -0.545 -1.817 -2.494 -3.070 -3.890 -4.556 -4.641
0.00059013 -1.42000 10.00000 0.8556237817 2.4367327690    0.827  2.907  3.6403  0.962    3  0.000  0.501     0.00     0.00 -1 -3.65e-09      0.00 7.446e-01 2.548e-01 9.980e-05 3.593e-05 2.660e-04 -1.000 6.196e-04 -2.498 0.424 -0.590 -1.894 -2.586 -3.171 -4.005 -4.680 -4.767
0.00059013 -1.42000 10.00000 0.8556377292 2.4367368221    0.825  2.948  3.6374  0.909    3  0.000  0.501     0.00     0.00 -1 -4.26e-09      0.00 7.446e-01 2.548e-01 9.980e-05 3.594e-05 2.660e-04 -1.000 6.195e-04 -2.599 0.447 -0.627 -1.964 -2.672 -3.267 -4.114 -4.799 -4.888
0.00059013 -1.42000 10.00000 0.8556507230 2.4367406368    0.823  2.988  3.6344  0.855    3  0.000  0.501     0.00     0.00 -1 -4.98e-09      0.00 7.446e-01 2.548e-01 9.980e-05 3.594e-05 2.660e-04 -1.000 6.196e-04 -2.699 0.476 -0.660 -2.032 -2.755 -3.361 -4.223 -4.919 -5.010
0.00059013 -1.42000 10.00000 0.8556632400 2.4367444515    0.820  3.029  3.6313  0.800    3  0.000  0.501     0.00     0.00 -1 -5.84e-09      0.00 7.446e-01 2.548e-01 9.980e-05 3.594e-05 2.660e-04 -1.000 6.196e-04 -2.802 0.504 -0.695 -2.103 -2.842 -3.458 -4.335 -5.041 -5.134
0.00059013 -1.42000 10.00000 0.8556745648 2.4367477894    0.817  3.068  3.6285  0.748    3  0.000  0.501     0.00     0.00 -1 -6.79e-09      0.00 7.446e-01 2.548e-01 9.980e-05 3.594e-05 2.660e-04 -1.000 6.195e-04 -2.900 0.531 -0.729 -2.169 -2.924 -3.550 -4.441 -5.156 -5.251
0.00059013 -1.42000 10.00000 0.8556851149 2.4367511272    0.814  3.107  3.6254  0.695    3  0.000  0.501     0.00     0.00 -1 -7.93e-09      0.00 7.446e-01 2.548e-01 9.980e-05 3.594e-05 2.660e-04 -1.000 6.196e-04 -2.998 0.566 -0.757 -2.231 -3.003 -3.641 -4.547 -5.273 -5.371
0.00059013 -1.42000 10.00000 0.8556952477 2.4367539883    0.811  3.147  3.6224  0.641    3  0.000  0.501     0.00     0.00 -1 -9.26e-09      0.00 7.446e-01 2.548e-01 9.980e-05 3.594e-05 2.660e-04 -1.000 6.196e-04 -3.098 0.598 -0.789 -2.296 -3.085 -3.733 -4.654 -5.391 -5.491
0.00059013 -1.42000 10.00000 0.8557046056 2.4367568493    0.807  3.186  3.6195  0.589    3  0.000  0.501     0.00     0.00 -1 -1.08e-08      0.00 7.446e-01 2.548e-01 9.980e-05 3.594e-05 2.660e-04 -1.000 6.196e-04 -3.195 0.633 -0.817 -2.358 -3.164 -3.823 -4.759 -5.506 -5.608
0.00059013 -1.42000 10.00000 0.8557134271 2.4367594719    0.803  3.225  3.6166  0.536    3  0.000  0.501     0.00     0.00 -1 -1.26e-08      0.00 7.446e-01 2.548e-01 9.980e-05 3.594e-05 2.660e-04 -1.000 6.196e-04 -3.292 0.674 -0.840 -2.416 -3.239 -3.911 -4.862 -5.620 -5.725
0.00059013 -1.42000 10.00000 0.8557217717 2.4367620945    0.798  3.263  3.6137  0.484    3  0.000  0.501     0.00     0.00 -1 -1.46e-08      0.00 7.446e-01 2.548e-01 9.980e-05 3.594e-05 2.660e-04 -1.000 6.195e-04 -3.387 0.716 -0.860 -2.471 -3.313 -3.997 -4.964 -5.732 -5.840
0.00059013 -1.42000 10.00000 0.8557296395 2.4367644787    0.793  3.299  3.6110  0.435    3  0.000  0.501     0.00     0.00 -1 -1.69e-08      0.00 7.446e-01 2.548e-01 9.980e-05 3.594e-05 2.660e-04 -1.000 6.196e-04 -3.476 0.763 -0.872 -2.519 -3.381 -4.078 -5.060 -5.837 -5.949
0.00059013 -1.42000 10.00000 0.8557315469 2.4367649555    0.792  3.306  3.6104  0.424    3  0.000  0.501     0.00     0.00 -1 -1.75e-08      0.00 7.446e-01 2.548e-01 9.980e-05 3.595e-05 2.660e-04 -1.000 6.196e-04 -3.496 0.773 -0.874 -2.529 -3.396 -4.095 -5.081 -5.860 -5.973
0.00059013 -1.42000 10.00000 0.8557315469 2.4367649555    0.791  1.758  3.7490  2.526    4  0.000  0.522     0.00     0.00 -1    -1e-30      0.00 7.413e-01 2.581e-01 1.056e-04 3.207e-05 2.703e-04 -1.000 6.195e-04 0.375 1.000 1.067 0.518 0.139 -0.225 -0.699 -1.083 -1.134
0.00059013 -1.42000 10.00000 0.8557897210 2.4367823601    0.791  1.776  3.7475  2.503    4  0.000  0.522     0.00     0.00 -1    -1e-30      0.00 7.413e-01 2.581e-01 1.056e-04 3.207e-05 2.703e-04 -1.000 6.196e-04 0.331 0.967 1.031 0.477 0.095 -0.272 -0.750 -1.137 -1.189
0.00059013 -1.42000 10.00000 0.8558496833 2.4368002415    0.792  1.779  3.7473  2.499    4  0.000  0.522     0.00     0.00 -1    -1e-30      0.00 7.413e-01 2.581e-01 1.056e-04 3.207e-05 2.703e-04 -1.000 6.196e-04 0.323 0.961 1.024 0.470 0.087 -0.280 -0.759 -1.147 -1.198
0.00059013 -1.42000 10.00000 0.8559089303 2.4368181229    0.792  1.780  3.7474  2.498    4  0.000  0.522     0.00     0.00 -1    -1e-30      0.00 7.413e-01 2.581e-01 1.056e-04 3.207e-05 2.703e-04 -1.000 6.195e-04 0.319 0.956 1.020 0.465 0.083 -0.284 -0.762 -1.150 -1.201
0.00059013 -1.42000 10.00000 0.8559703231 2.4368364811    0.792  1.781  3.7477  2.498    4  0.000  0.522     0.00     0.00 -1    -1e-30      0.00 7.413e-01 2.581e-01 1.056e-04 3.207e-05 2.703e-04 -1.000 6.195e-04 0.316 0.952 1.016 0.462 0.081 -0.285 -0.763 -1.150 -1.202
0.00059013 -1.42000 10.00000 0.8560309410 2.4368546009    0.792  1.782  3.7482  2.500    4  0.000  0.522     0.00     0.00 -1    -1e-30      0.00 7.413e-01 2.581e-01 1.056e-04 3.207e-05 2.703e-04 -1.000 6.195e-04 0.316 0.948 1.012 0.461 0.080 -0.285 -0.762 -1.148 -1.199
0.00059013 -1.42000 10.00000 0.8560931087 2.4368731976    0.792  1.782  3.7489  2.503    4  0.000  0.522     0.00     0.00 -1    -1e-30      0.00 7.413e-01 2.581e-01 1.056e-04 3.207e-05 2.703e-04 -1.000 6.195e-04 0.316 0.944 1.008 0.459 0.080 -0.284 -0.759 -1.143 -1.193
0.00059013 -1.42000 10.00000 0.8561543226 2.4368915558    0.792  1.781  3.7497  2.507    4  0.000  0.522     0.00     0.00 -1    -1e-30      0.00 7.413e-01 2.581e-01 1.056e-04 3.207e-05 2.703e-04 -1.000 6.196e-04 0.318 0.940 1.005 0.459 0.081 -0.281 -0.754 -1.136 -1.186
0.00059013 -1.42000 10.00000 0.8562159538 2.4369099140    0.792  1.780  3.7506  2.511    4  0.000  0.522     0.00     0.00 -1    -1e-30      0.00 7.413e-01 2.581e-01 1.056e-04 3.207e-05 2.703e-04 -1.000 6.195e-04 0.319 0.936 1.002 0.459 0.083 -0.278 -0.748 -1.129 -1.178
0.00059013 -1.42000 10.00000 0.8562753201 2.4369277954    0.792  1.779  3.7515  2.515    4  0.000  0.522     0.00     0.00 -1    -1e-30      0.00 7.413e-01 2.581e-01 1.056e-04 3.208e-05 2.703e-04 -1.000 6.196e-04 0.321 0.933 0.998 0.459 0.085 -0.275 -0.743 -1.121 -1.170
0.00059013 -1.42000 10.00000 0.8563342690 2.4369454384    0.792  1.779  3.7523  2.519    4  0.000  0.522     0.00     0.00 -1    -1e-30      0.00 7.413e-01 2.581e-01 1.056e-04 3.208e-05 2.703e-04 -1.000 6.196e-04 0.323 0.930 0.995 0.459 0.086 -0.271 -0.737 -1.114 -1.162
0.00059013 -1.42000 10.00000 0.8563973308 2.4369642735    0.792  1.778  3.7532  2.523    4  0.000  0.522     0.00     0.00 -1    -1e-30      0.00 7.412e-01 2.581e-01 1.056e-04 3.208e-05 2.703e-04 -1.000 6.196e-04 0.325 0.926 0.992 0.459 0.088 -0.268 -0.732 -1.106 -1.154
0.00059013 -1.42000 10.00000 0.8564612269 2.4369833469    0.792  1.777  3.7540  2.527    4  0.000  0.522     0.00     0.00 -1    -1e-30      0.00 7.412e-01 2.581e-01 1.056e-04 3.208e-05 2.703e-04 -1.000 6.195e-04 0.326 0.923 0.989 0.459 0.089 -0.265 -0.727 -1.099 -1.147
0.00059013 -1.42000 10.00000 0.8565235734 2.4370019436    0.792  1.777  3.7547  2.531    4  0.000  0.522     0.00     0.00 -1    -1e-30      0.00 7.412e-01 2.581e-01 1.056e-04 3.208e-05 2.703e-04 -1.000 6.196e-04 0.327 0.919 0.986 0.458 0.091 -0.263 -0.722 -1.093 -1.140
0.00059013 -1.42000 10.00000 0.8565850258 2.4370203018    0.792  1.777  3.7553  2.533    4  0.000  0.522     0.00     0.00 -1    -1e-30      0.00 7.412e-01 2.581e-01 1.056e-04 3.208e-05 2.703e-04 -1.000 6.196e-04 0.328 0.916 0.983 0.457 0.091 -0.261 -0.719 -1.089 -1.135
0.00059013 -1.42000 10.00000 0.8565998673 2.4370248318    0.792  1.777  3.7554  2.534    4  0.000  0.522     0.00     0.00 -1    -1e-30      0.00 7.412e-01 2.581e-01 1.056e-04 3.208e-05 2.703e-04 -1.000 6.195e-04 0.328 0.916 0.982 0.457 0.091 -0.261 -0.719 -1.088 -1.134
0.00059013 -1.42000 10.00000 0.8566130400 2.4370286465    0.792  1.777  3.7555  2.534    4  0.000  0.522     0.00     0.00 -1    -1e-30      0.00 7.412e-01 2.581e-01 1.056e-04 3.208e-05 2.703e-04 -1.000 6.196e-04 0.328 0.915 0.981 0.457 0.091 -0.261 -0.718 -1.087 -1.134
0.00059013 -1.42000 10.00000 0.8566749692 2.4370472431    0.792  1.777  3.7559  2.536    4  0.000  0.522     0.00     0.00 -1    -1e-30      0.00 7.412e-01 2.581e-01 1.056e-04 3.208e-05 2.703e-04 -1.000 6.195e-04 0.328 0.912 0.979 0.456 0.091 -0.261 -0.717 -1.085 -1.131
0.00059013 -1.42000 10.00000 0.8567382693 2.4370660782    0.792  1.777  3.7562  2.537    4  0.000  0.522     0.00     0.00 -1    -1e-30      0.00 7.412e-01 2.581e-01 1.056e-04 3.208e-05 2.703e-04 -1.000 6.195e-04 0.327 0.910 0.976 0.454 0.090 -0.261 -0.716 -1.084 -1.130
0.00059013 -1.42000 10.00000 0.8568006158 2.4370846748    0.793  1.778  3.7564  2.537    4  0.000  0.522     0.00     0.00 -1    -1e-30      0.00 7.412e-01 2.581e-01 1.056e-04 3.209e-05 2.703e-04 -1.000 6.195e-04 0.325 0.907 0.974 0.452 0.088 -0.263 -0.718 -1.085 -1.131
0.00059013 -1.42000 10.00000 0.8568630219 2.4371032715    0.793  1.779  3.7563  2.535    4  0.000  0.522     0.00     0.00 -1    -1e-30      0.00 7.412e-01 2.581e-01 1.056e-04 3.209e-05 2.703e-04 -1.000 6.196e-04 0.323 0.905 0.971 0.450 0.085 -0.265 -0.721 -1.088 -1.134
0.00059013 -1.42000 10.00000 0.8569303155 2.4371235371    0.793  1.780  3.7560  2.533    4  0.000  0.522     0.00     0.00 -1    -1e-30      0.00 7.412e-01 2.581e-01 1.056e-04 3.209e-05 2.703e-04 -1.000 6.195e-04 0.319 0.903 0.969 0.447 0.082 -0.269 -0.725 -1.093 -1.140
0.00059013 -1.42000 10.00000 0.8569939137 2.4371423721    0.793  1.782  3.7555  2.529    4  0.000  0.522     0.00     0.00 -1    -1e-30      0.00 7.412e-01 2.581e-01 1.056e-04 3.209e-05 2.703e-04 -1.000 6.196e-04 0.314 0.901 0.967 0.443 0.077 -0.275 -0.732 -1.101 -1.148
0.00059013 -1.42000 10.00000 0.8570413589 2.4371566772    0.793  1.784  3.7551  2.526    4  0.000  0.522     0.00     0.00 -1    -1e-30      0.00 7.412e-01 2.581e-01 1.056e-04 3.209e-05 2.703e-04 -1.000 6.196e-04 0.310 0.899 0.965 0.439 0.073 -0.280 -0.739 -1.108 -1.155
0.00059013 -1.42000 10.00000 0.8570569754 2.4371612072    0.793  1.785  3.7549  2.524    4  0.000  0.522     0.00     0.00 -1    -1e-30      0.00 7.412e-01 2.581e-01 1.056e-04 3.209e-05 2.703e-04 -1.000 6.195e-04 0.308 0.899 0.965 0.438 0.071 -0.282 -0.741 -1.111 -1.158
0.00059013 -1.42000 10.00000 0.8571093678 2.4371769428    0.793  1.787  3.7543  2.519    4  0.000  0.522     0.00     0.00 -1    -1e-30      0.00 7.412e-01 2.582e-01 1.056e-04 3.209e-05 2.703e-04 -1.000 6.196e-04 0.302 0.897 0.962 0.434 0.065 -0.289 -0.750 -1.122 -1.169
0.00059013 -1.42000 10.00000 0.8571645617 2.4371933937    0.793  1.790  3.7535  2.513    4  0.000  0.522     0.00     0.00 -1    -1e-30      0.00 7.412e-01 2.582e-01 1.056e-04 3.209e-05 2.703e-04 -1.000 6.196e-04 0.295 0.895 0.960 0.428 0.058 -0.297 -0.760 -1.134 -1.181
0.00059013 -1.42000 10.00000 0.8572168946 2.4372088909    0.793  1.793  3.7527  2.507    4  0.000  0.522     0.00     0.00 -1    -1e-30      0.00 7.412e-01 2.582e-01 1.056e-04 3.209e-05 2.703e-04 -1.000 6.196e-04 0.288 0.893 0.957 0.423 0.051 -0.306 -0.771 -1.147 -1.195
0.00059013 -1.42000 10.00000 0.8572700620 2.4372248650    0.793  1.796  3.7518  2.500    4  0.000  0.522     0.00     0.00 -1    -1e-30      0.00 7.412e-01 2.582e-01 1.056e-04 3.210e-05 2.703e-04 -1.000 6.196e-04 0.279 0.890 0.954 0.416 0.043 -0.316 -0.783 -1.161 -1.210
0.00059013 -1.42000 10.00000 0.8573212624 2.4372401237    0.793  1.800  3.7508  2.493    4  0.000  0.522     0.00     0.00 -1    -1e-30      0.00 7.412e-01 2.582e-01 1.056e-04 3.210e-05 2.703e-04 -1.000 6.195e-04 0.270 0.887 0.951 0.409 0.034 -0.327 -0.797 -1.176 -1.226
0.00059013 -1.42000 10.00000 0.8573729992 2.4372556210    0.793  1.803  3.7500  2.486    4  0.000  0.522     0.00     0.00 -1    -1e-30      0.00 7.412e-01 2.582e-01 1.056e-04 3.210e-05 2.703e-04 -1.000 6.195e-04 0.261 0.883 0.946 0.402 0.025 -0.337 -0.809 -1.191 -1.241
0.00059013 -1.42000 10.00000 0.8574255109 2.4372711182    0.793  1.809  3.7487  2.476    4  0.000  0.522     0.00     0.00 -1    -1e-30      0.00 7.412e-01 2.582e-01 1.056e-04 3.210e-05 2.703e-04 -1.000 6.196e-04 0.249 0.880 0.941 0.392 0.012 -0.352 -0.827 -1.212 -1.262
0.00059013 -1.42000 10.00000 0.8574779034 2.4372868538    0.793  1.815  3.7472  2.464    4  0.000  0.522     0.00     0.00 -1    -1e-30      0.00 7.412e-01 2.582e-01 1.056e-04 3.210e-05 2.703e-04 -1.000 6.196e-04 0.233 0.875 0.934 0.379 -0.003 -0.370 -0.849 -1.237 -1.288
0.00059013 -1.42000 10.00000 0.8575345874 2.4373037815    0.793  1.823  3.7453  2.447    4  0.000  0.522     0.00     0.00 -1    -1e-30      0.00 7.412e-01 2.582e-01 1.056e-04 3.210e-05 2.703e-04 -1.000 6.196e-04 0.212 0.867 0.924 0.362 -0.025 -0.395 -0.879 -1.271 -1.323
0.00059013 -1.42000 10.00000 0.8575869799 2.4373192787    0.793  1.830  3.7439  2.435    4  0.000  0.522     0.00     0.00 -1    -1e-30      0.00 7.412e-01 2.582e-01 1.056e-04 3.210e-05 2.703e-04 -1.000 6.195e-04 0.195 0.861 0.916 0.348 -0.041 -0.413 -0.901 -1.296 -1.350
0.00059013 -1.42000 10.00000 0.8576388359 2.4373347759    0.793  1.842  3.7416  2.414    4  0.000  0.522     0.00     0.00 -1    -1e-30      0.00 7.412e-01 2.582e-01 1.056e-04 3.210e-05 2.703e-04 -1.000 6.195e-04 0.166 0.848 0.899 0.323 -0.070 -0.447 -0.941 -1.341 -1.396
0.00059013 -1.42000 10.00000 0.8576925993 2.4373507500    0.794  1.861  3.7383  2.382    4  0.000  0.522     0.00     0.00 -1    -1e-30      0.00 7.412e-01 2.582e-01 1.056e-04 3.210e-05 2.703e-04 -1.000 6.195e-04 0.118 0.828 0.871 0.283 -0.117 -0.500 -1.002 -1.410 -1.466
0.00059013 -1.42000 10.00000 0.8577415347 2.4373652935    0.794  1.894  3.7330  2.327    4  0.000  0.522     0.00     0.00 -1    -1e-30      0.00 7.412e-01 2.582e-01 1.056e-04 3.210e-05 2.703e-04 -1.000 6.195e-04 0.034 0.793 0.820 0.210 -0.201 -0.592 -1.109 -1.528 -1.587
0.00059013 -1.42000 10.00000 0.8577653170 2.4373724461    0.794  1.930  3.7281  2.272    4  0.000  0.522     0.00     0.00 -1    -1e-30      0.00 7.412e-01 2.582e-01 1.056e-04 3.210e-05 2.703e-04 -1.000 6.196e-04 -0.054 0.753 0.762 0.133 -0.288 -0.688 -1.218 -1.648 -1.710
0.00059013 -1.42000 10.00000 0.8577758074 2.4373755455    0.794  1.965  3.7236  2.219    4  0.000  0.522     0.00     0.00 -1    -1e-30      0.00 7.412e-01 2.582e-01 1.056e-04 3.210e-05 2.703e-04 -1.000 6.196e-04 -0.143 0.713 0.704 0.055 -0.375 -0.783 -1.326 -1.766 -1.830
0.00059013 -1.42000 10.00000 0.8577803969 2.4373769760    0.794  2.000  3.7195  2.168    4  0.000  0.522     0.00     0.00 -1    -1e-30      0.00 7.412e-01 2.582e-01 1.056e-04 3.210e-05 2.703e-04 -1.000 6.196e-04 -0.229 0.670 0.645 -0.022 -0.460 -0.875 -1.429 -1.879 -1.945
0.00059013 -1.42000 10.00000 0.8577825427 2.4373776913    0.794  2.030  3.7162  2.125    4  0.000  0.522     0.00     0.00 -1    -1e-30      0.00 7.412e-01 2.582e-01 1.056e-04 3.210e-05 2.703e-04 -1.000 6.195e-04 -0.305 0.633 0.592 -0.089 -0.534 -0.954 -1.518 -1.976 -2.043
0.00059013 -1.42000 10.00000 0.8577837944 2.4373779297    0.794  2.057  3.7135  2.086    4  0.000  0.522     0.00     0.00 -1    -1e-30      0.00 7.412e-01 2.582e-01 1.056e-04 3.211e-05 2.703e-04 -1.000 6.195e-04 -0.373 0.598 0.544 -0.149 -0.601 -1.026 -1.598 -2.063 -2.131
0.00059013 -1.42000 10.00000 0.8577839136 2.4373779297    0.794  2.061  3.7131  2.081    7  0.000  0.522     0.00     0.00 -1 -8.35e-10      0.00 7.412e-01 2.566e-01 1.056e-04 3.211e-05 2.703e-04 -1.000 2.198e-03 -0.382 0.594 0.538 -0.157 -0.609 -1.035 -1.608 -2.074 -2.142
0.00059013 -1.42000 10.00000 0.8577848673 2.4373784065    0.794  2.092  3.7104  2.040    7  0.000  0.522     0.00     0.00 -1 -1.01e-09      0.00 7.412e-01 2.566e-01 1.056e-04 3.211e-05 2.703e-04 -1.000 2.198e-03 -0.459 0.549 0.481 -0.227 -0.685 -1.116 -1.696 -2.169 -2.238
0.00059013 -1.42000 10.00000 0.8577858806 2.4373786449    0.794  2.128  3.7074  1.991    7  0.000  0.522     0.00     0.00 -1 -1.26e-09      0.00 7.412e-01 2.566e-01 1.056e-04 3.211e-05 2.703e-04 -1.000 2.198e-03 -0.549 0.500 0.415 -0.308 -0.772 -1.209 -1.798 -2.278 -2.349
0.00059013 -1.42000 10.00000 0.8577868938 2.4373788834    0.793  2.164  3.7045  1.944    7  0.000  0.522     0.00     0.00 -1 -1.56e-09      0.00 7.412e-01 2.566e-01 1.056e-04 3.211e-05 2.703e-04 -1.000 2.198e-03 -0.639 0.454 0.349 -0.389 -0.860 -1.302 -1.901 -2.388 -2.461
0.00059013 -1.42000 10.00000 0.8577879667 2.4373791218    0.793  2.193  3.7021  1.905    7  0.000  0.522     0.00     0.00 -1 -1.85e-09      0.00 7.412e-01 2.566e-01 1.056e-04 3.211e-05 2.703e-04 -1.000 2.198e-03 -0.714 0.415 0.294 -0.456 -0.933 -1.379 -1.985 -2.479 -2.552
0.00059013 -1.42000 10.00000 0.8577896357 2.4373795986    0.793  2.210  3.7008  1.882    7  0.000  0.522     0.00     0.00 -1 -2.05e-09      0.00 7.412e-01 2.566e-01 1.056e-04 3.211e-05 2.703e-04 -1.000 2.198e-03 -0.756 0.391 0.262 -0.494 -0.974 -1.423 -2.033 -2.530 -2.604
0.00059013 -1.42000 10.00000 0.8577923775 2.4373805523    0.793  2.195  3.7021  1.902    7  0.000  0.522     0.00     0.00 -1 -1.88e-09      0.00 7.412e-01 2.566e-01 1.056e-04 3.211e-05 2.703e-04 -1.000 2.198e-03 -0.719 0.410 0.289 -0.461 -0.938 -1.384 -1.990 -2.484 -2.557
0.00059013 -1.42000 10.00000 0.8577969074 2.4373819828    0.793  2.169  3.7041  1.936    7  0.000  0.522     0.00     0.00 -1 -1.62e-09      0.00 7.412e-01 2.566e-01 1.056e-04 3.211e-05 2.703e-04 -1.000 2.198e-03 -0.653 0.445 0.337 -0.402 -0.874 -1.316 -1.916 -2.405 -2.477
0.00059013 -1.42000 10.00000 0.8578264117 2.4373905659    0.791  2.177  3.7033  1.924    7  0.000  0.522     0.00     0.00 -1  -1.7e-09      0.00 7.412e-01 2.566e-01 1.056e-04 3.211e-05 2.703e-04 -1.000 2.198e-03 -0.673 0.437 0.324 -0.419 -0.893 -1.337 -1.939 -2.430 -2.503
0.00059013 -1.42000 10.00000 0.8578469753 2.4373967648    0.790  2.213  3.7004  1.876    7  0.000  0.522     0.00     0.00 -1 -2.12e-09      0.00 7.412e-01 2.566e-01 1.056e-04 3.211e-05 2.703e-04 -1.000 2.198e-03 -0.762 0.392 0.260 -0.499 -0.979 -1.429 -2.040 -2.539 -2.613
0.00059013 -1.42000 10.00000 0.8578705192 2.4374039173    0.787  2.262  3.6964  1.809    7  0.000  0.522     0.00     0.00 -1 -2.87e-09      0.00 7.412e-01 2.566e-01 1.056e-04 3.211e-05 2.703e-04 -1.000 2.198e-03 -0.886 0.333 0.171 -0.608 -1.099 -1.556 -2.181 -2.690 -2.766
0.00059013 -1.42000 10.00000 0.8578907251 2.4374098778    0.785  2.307  3.6929  1.749    7  0.000  0.522     0.00     0.00 -1 -3.73e-09      0.00 7.412e-01 2.566e-01 1.056e-04 3.211e-05 2.703e-04 -1.000 2.198e-03 -0.998 0.279 0.091 -0.707 -1.207 -1.671 -2.307 -2.826 -2.903
0.00059013 -1.42000 10.00000 0.8579086065 2.4374151230    0.782  2.351  3.6896  1.690    7  0.000  0.522     0.00     0.00 -1 -4.87e-09      0.00 7.412e-01 2.566e-01 1.056e-04 3.211e-05 2.703e-04 -1.000 2.198e-03 -1.108 0.226 0.012 -0.805 -1.312 -1.783 -2.430 -2.959 -3.037
0.00059013 -1.42000 10.00000 0.8579244614 2.4374198914    0.778  2.393  3.6863  1.633    7  0.000  0.522     0.00     0.00 -1 -6.29e-09      0.00 7.412e-01 2.566e-01 1.056e-04 3.211e-05 2.703e-04 -1.000 2.189e-03 -1.213 0.181 -0.061 -0.896 -1.412 -1.889 -2.547 -3.087 -3.166
0.00059013 -1.42000 10.00000 0.8579385877 2.4374241829    0.775  2.435  3.6832  1.577    7  0.000  0.521     0.00     0.00 -1 -8.09e-09      0.00 7.412e-01 2.567e-01 1.056e-04 3.211e-05 2.703e-04 -1.000 2.127e-03 -1.317 0.192 -0.116 -0.993 -1.520 -2.001 -2.669 -3.216 -3.292
0.00059013 -1.42000 10.00000 0.8579511046 2.4374277592    0.770  2.476  3.6801  1.521    7  0.000  0.521     0.00     0.00 -1 -1.04e-08      0.00 7.412e-01 2.567e-01 1.055e-04 3.214e-05 2.703e-04 -1.000 2.093e-03 -1.420 0.188 -0.174 -1.085 -1.622 -2.109 -2.786 -3.342 -3.417
0.00059013 -1.42000 10.00000 0.8579624295 2.4374310970    0.765  2.517  3.6770  1.465    7  0.000  0.519     0.00     0.00 -1 -1.33e-08      0.00 7.412e-01 2.568e-01 1.052e-04 3.231e-05 2.703e-04 -1.000 2.037e-03 -1.522 0.126 -0.248 -1.169 -1.714 -2.208 -2.897 -3.463 -3.541
0.00059013 -1.42000 10.00000 0.8579726815 2.4374341965    0.759  2.558  3.6731  1.405    7  0.000  0.515     0.00     0.00 -1 -1.72e-08      0.00 7.412e-01 2.568e-01 1.044e-04 3.297e-05 2.703e-04 -1.000 2.005e-03 -1.624 0.150 -0.290 -1.252 -1.811 -2.313 -3.016 -3.592 -3.669
0.00059013 -1.42000 10.00000 0.8579819798 2.4374370575    0.752  2.598  3.6666  1.335    7  0.000  0.507     0.00     0.00 -1 -2.24e-08      0.00 7.411e-01 2.569e-01 1.028e-04 3.459e-05 2.703e-04 -1.000 1.945e-03 -1.725 0.266 -0.285 -1.319 -1.903 -2.419 -3.144 -3.737 -3.814
0.00059013 -1.42000 10.00000 0.8579905033 2.4374394417    0.744  2.638  3.6614  1.269    7  0.000  0.497     0.00     0.00 -1  -2.9e-08      0.00 7.411e-01 2.570e-01 1.010e-04 3.681e-05 2.704e-04 -1.000 1.924e-03 -1.826 0.361 -0.291 -1.389 -1.994 -2.521 -3.266 -3.873 -3.949
0.00059013 -1.42000 10.00000 0.8579984903 2.4374418259    0.734  2.679  3.6581  1.209    7  0.000  0.488     0.00     0.00 -1 -3.74e-08      0.00 7.411e-01 2.571e-01 9.911e-05 3.906e-05 2.704e-04 -1.000 1.862e-03 -1.926 0.408 -0.322 -1.466 -2.087 -2.623 -3.380 -3.996 -4.073
0.00059013 -1.42000 10.00000 0.8580061197 2.4374442101    0.721  2.719  3.6549  1.149    7  0.000  0.480     0.00     0.00 -1 -4.91e-08      0.00 7.410e-01 2.572e-01 9.745e-05 4.111e-05 2.704e-04 -1.000 1.864e-03 -2.027 0.417 -0.367 -1.542 -2.176 -2.721 -3.491 -4.117 -4.195
0.00059013 -1.42000 10.00000 0.8580135107 2.4374463558    0.705  2.759  3.6517  1.086    7  0.000  0.472     0.00     0.00 -1 -6.47e-08      0.00 7.409e-01 2.573e-01 9.600e-05 4.290e-05 2.704e-04 -1.000 1.865e-03 -2.126 0.431 -0.409 -1.617 -2.264 -2.818 -3.601 -4.238 -4.317
0.00059013 -1.42000 10.00000 0.8580206633 2.4374485016    0.683  2.799  3.6484  1.019    7  0.000  0.466     0.00     0.00 -1 -8.79e-08      0.00 7.408e-01 2.573e-01 9.474e-05 4.444e-05 2.704e-04 -1.000 1.852e-03 -2.228 0.451 -0.450 -1.691 -2.353 -2.916 -3.714 -4.362 -4.443
0.00059013 -1.42000 10.00000 0.8580271006 2.4374504089    0.657  2.839  3.6454  0.950    7  0.000  0.460     0.00     0.00 -1 -1.22e-07      0.00 7.407e-01 2.575e-01 9.363e-05 4.581e-05 2.704e-04 -1.000 1.834e-03 -2.328 0.480 -0.485 -1.762 -2.439 -3.012 -3.824 -4.480 -4.563
0.00059013 -1.42000 10.00000 0.8580332398 2.4374523163    0.622  2.881  3.6433  0.877    7  0.000  0.456     0.00     0.00 -1 -1.78e-07      0.00 7.406e-01 2.576e-01 9.264e-05 4.703e-05 2.703e-04 -1.000 1.815e-03 -2.431 0.496 -0.530 -1.841 -2.532 -3.114 -3.936 -4.598 -4.683
0.00059013 -1.42000 10.00000 0.8580384851 2.4374537468    0.579  2.922  3.6445  0.809    7  0.000  0.452     0.00     0.00 -1 -2.68e-07      0.00 7.405e-01 2.577e-01 9.178e-05 4.811e-05 2.702e-04 -1.000 1.809e-03 -2.535 0.424 -0.624 -1.947 -2.641 -3.224 -4.041 -4.697 -4.780
0.00059013 -1.42000 10.00000 0.8580417037 2.4374547005    0.543  2.952  3.6510  0.777    7  0.000  0.449     0.00     0.00 -1 -3.71e-07      0.00 7.404e-01 2.578e-01 9.123e-05 4.881e-05 2.701e-04 -1.000 1.814e-03 -2.609 0.212 -0.779 -2.068 -2.745 -3.312 -4.102 -4.733 -4.812
0.00059013 -1.42000 10.00000 0.8580425978 2.4374549389    0.516  2.962  3.6600  0.781    7  0.000  0.447     0.00     0.00 -1 -4.05e-07      0.00 7.404e-01 2.578e-01 9.090e-05 4.922e-05 2.700e-04 -1.000 1.829e-03 -2.634 -0.070 -0.944 -2.158 -2.804 -3.349 -4.101 -4.701 -4.776
0.00059013 -1.42000 10.00000 1.1244581938 2.4956896305    0.552 -4.278  3.6389  7.966    9  0.552  0.000     0.00     0.00 -1    -1e-30      0.00 7.287e-01 2.708e-01 8.073e-05 7.055e-05 2.706e-04 -1.000 5.070e-04 15.466 17.849 17.130 16.065 15.326 14.729 13.981 13.453 13.297
#isochrone terminated
