# File generated by CMD 3.3 (http://stev.oapd.inaf.it/cmd) on Sun Jun  7 12:21:51 CEST 2020
# isochrones based on PARSEC release v1.2S +  COLIBRI S_35
# Basic references: Bressan et al. (2012), MNRAS, 427, 127 + Chen et al. (2014, 2015), MNRAS, 444, 2525 + MNRAS, 452, 1068 + Tang et al. (2014), MNRAS, 445, 4287 + Marigo et al. (2017), ApJ, 835, 77 + Pastorelli al. (2019), MNRAS in press
# Thermal pulse cycles included 
# On RGB, assumed Reimers mass loss with efficiency eta=0.2
# Photometric system: <i>UBVRIJHK</i> (cf. Maiz-Apellaniz 2006 + Bessell 1990)
# Using YBC version of bolometric corrections as in Chen et al. (2019)
# O-rich circumstellar dpmod60alox40 dust from Groenewegen (2006)
# C-rich circumstellar AMCSIC15 dust from Groenewegen (2006)
# IMF: Kroupa (2001, 2002) + Kroupa et al. (2013) canonical two-part-power law IMF corrected for unresolved binaries 
# Kind of output: isochrone tables
# Zini     MH   logAge Mini        int_IMF         Mass   logL    logTe  logg  label   McoreTP C_O  period0 period1 pmode  Mloss  tau1m   X   Y   Xc  Xn  Xo  Cexcess  Z 	 mbolmag  Umag    Bmag    Vmag    Rmag    Imag    Jmag    Hmag    Kmag
0.00059013 -1.42000 10.04139 0.0900000036 1.0816895962    0.090 -3.190  3.4703  5.416    1  0.000  0.545     0.00     0.00 -1  -5.3e-17      0.00 7.479e-01 2.515e-01 1.114e-04 3.006e-05 2.726e-04 -1.000 6.196e-04 12.746 20.320 17.554 15.552 13.797 12.103 10.748 10.423 10.315
0.00059013 -1.42000 10.04139 0.0981437266 1.1554105282    0.098 -2.960  3.5031  5.355    1  0.000  0.545     0.00     0.00 -1 -9.25e-17      0.00 7.466e-01 2.528e-01 1.114e-04 3.006e-05 2.726e-04 -1.000 6.196e-04 12.170 18.264 16.127 14.221 12.840 11.498 10.284 9.839 9.699
0.00059013 -1.42000 10.04139 0.1000000089 1.1711064577    0.100 -2.910  3.5102  5.341    1  0.000  0.545     0.00     0.00 -1 -1.04e-16      0.00 7.463e-01 2.531e-01 1.114e-04 3.006e-05 2.726e-04 -1.000 6.195e-04 12.046 17.849 15.835 13.964 12.642 11.370 10.183 9.718 9.572
0.00059013 -1.42000 10.04139 0.1199999973 1.3193154335    0.120 -2.625  3.5418  5.261    1  0.000  0.545     0.00     0.00 -1 -2.01e-16      0.00 7.440e-01 2.554e-01 1.114e-04 3.006e-05 2.726e-04 -1.000 6.196e-04 11.333 16.001 14.446 12.781 11.649 10.641 9.573 9.046 8.876
0.00059013 -1.42000 10.04139 0.1360886842 1.4169644117    0.136 -2.477  3.5545  5.219    1  0.000  0.545     0.00     0.00 -1 -2.79e-16      0.00 7.426e-01 2.568e-01 1.114e-04 3.006e-05 2.726e-04 -1.000 6.195e-04 10.964 15.240 13.836 12.262 11.188 10.267 9.243 8.700 8.522
0.00059013 -1.42000 10.04139 0.1400000006 1.4384527206    0.140 -2.444  3.5573  5.209    1  0.000  0.545     0.00     0.00 -1    -3e-16      0.00 7.423e-01 2.571e-01 1.114e-04 3.006e-05 2.726e-04 -1.000 6.196e-04 10.880 15.073 13.700 12.147 11.085 10.183 9.169 8.623 8.443
0.00059013 -1.42000 10.04139 0.1599999964 1.5372931957    0.160 -2.303  3.5676  5.168    1  0.000  0.545     0.00     0.00 -1 -4.08e-16      0.00 7.410e-01 2.584e-01 1.114e-04 3.006e-05 2.726e-04 -1.000 6.196e-04 10.528 14.428 13.168 11.688 10.670 9.828 8.849 8.293 8.107
0.00059013 -1.42000 10.04139 0.2000000179 1.6938792467    0.200 -2.082  3.5811  5.098    1  0.000  0.545     0.00     0.00 -1 -6.57e-16      0.00 7.397e-01 2.597e-01 1.114e-04 3.006e-05 2.726e-04 -1.000 6.196e-04 9.976 13.525 12.397 11.010 10.049 9.273 8.338 7.773 7.580
0.00059013 -1.42000 10.04139 0.2500000298 1.8403259516    0.250 -1.878  3.5922  5.035    1  0.000  0.545     0.00     0.00 -1 -6.48e-16      0.00 7.396e-01 2.598e-01 1.114e-04 3.006e-05 2.726e-04 -1.000 6.196e-04 9.465 12.741 11.717 10.404 9.492 8.760 7.859 7.289 7.094
0.00059013 -1.42000 10.04139 0.3000000417 1.9529141188    0.300 -1.722  3.6007  4.991    1  0.000  0.545     0.00     0.00 -1 -7.63e-16      0.00 7.397e-01 2.596e-01 1.114e-04 3.006e-05 2.726e-04 -1.000 6.195e-04 9.074 12.161 11.206 9.946 9.070 8.367 7.492 6.920 6.728
0.00059013 -1.42000 10.04139 0.3382809460 2.0237812996    0.338 -1.623  3.6064  4.968    1  0.000  0.545     0.00     0.00 -1 -1.69e-15      0.00 7.414e-01 2.580e-01 1.114e-04 3.006e-05 2.726e-04 -1.000 6.196e-04 8.828 11.797 10.884 9.657 8.804 8.118 7.261 6.688 6.500
0.00059013 -1.42000 10.04139 0.3500000238 2.0434176922    0.350 -1.595  3.6080  4.961    1  0.000  0.545     0.00     0.00 -1 -1.78e-15      0.00 7.418e-01 2.575e-01 1.114e-04 3.006e-05 2.726e-04 -1.000 6.195e-04 8.758 11.694 10.793 9.576 8.729 8.048 7.195 6.622 6.436
0.00059013 -1.42000 10.04139 0.4000000358 2.1185026169    0.400 -1.451  3.6192  4.920    1  0.000  0.545     0.00     0.00 -1 -2.44e-15      0.00 7.500e-01 2.494e-01 1.114e-04 3.006e-05 2.726e-04 -1.000 6.195e-04 8.398 11.115 10.290 9.136 8.334 7.685 6.864 6.289 6.116
0.00059013 -1.42000 10.04139 0.4500000179 2.1822810173    0.450 -1.277  3.6375  4.870    1  0.000  0.545     0.00     0.00 -1 -3.64e-15      0.00 7.500e-01 2.493e-01 1.114e-04 3.006e-05 2.726e-04 -1.000 6.195e-04 7.963 10.339 9.635 8.577 7.848 7.250 6.478 5.905 5.755
0.00059013 -1.42000 10.04139 0.5000000000 2.2374541759    0.500 -1.081  3.6639  4.825    1  0.000  0.545     0.00     0.00 -1 -5.71e-15      0.00 7.500e-01 2.493e-01 1.114e-04 3.006e-05 2.726e-04 -1.000 6.195e-04 7.472 9.366 8.852 7.924 7.291 6.762 6.062 5.519 5.399
0.00059013 -1.42000 10.04139 0.5500000715 2.2836585045    0.550 -0.868  3.6902  4.759    1  0.000  0.544     0.00     0.00 -1 -9.58e-15      0.00 7.817e-01 2.178e-01 9.824e-05 2.652e-05 2.406e-04 -1.000 5.186e-04 6.940 8.355 8.071 7.254 6.712 6.239 5.620 5.133 5.034
0.00059013 -1.42000 10.04139 0.6000000238 2.3211214542    0.600 -0.664  3.7175  4.702    1  0.000  0.544     0.00     0.00 -1 -1.57e-14      0.00 7.913e-01 2.082e-01 9.452e-05 2.553e-05 2.317e-04 -1.000 5.074e-04 6.430 7.431 7.362 6.645 6.176 5.752 5.213 4.789 4.707
0.00059013 -1.42000 10.04139 0.6141029000 2.3304281235    0.614 -0.604  3.7262  4.687    1  0.000  0.544     0.00     0.00 -1 -1.81e-14      0.00 7.944e-01 2.051e-01 9.329e-05 2.520e-05 2.288e-04 -1.000 5.269e-04 6.280 7.170 7.158 6.474 6.024 5.614 5.100 4.694 4.617
0.00059013 -1.42000 10.04139 0.6279528141 2.3391015530    0.628 -0.545  3.7346  4.671    1  0.000  0.543     0.00     0.00 -1 -2.08e-14      0.00 7.976e-01 2.018e-01 9.203e-05 2.487e-05 2.258e-04 -1.000 5.060e-04 6.133 6.924 6.963 6.308 5.877 5.480 4.988 4.599 4.527
0.00059013 -1.42000 10.04139 0.6398157477 2.3461883068    0.640 -0.495  3.7417  4.657    1  0.000  0.543     0.00     0.00 -1 -2.35e-14      0.00 8.005e-01 1.990e-01 9.092e-05 2.457e-05 2.231e-04 -1.000 5.181e-04 6.007 6.721 6.798 6.169 5.751 5.365 4.892 4.516 4.448
0.00059013 -1.42000 10.04139 0.6499999762 2.3520355225    0.650 -0.451  3.7477  4.645    1  0.000  0.543     0.00     0.00 -1 -2.62e-14      0.00 8.031e-01 1.964e-01 8.991e-05 2.431e-05 2.208e-04 -1.000 4.957e-04 5.898 6.552 6.658 6.050 5.645 5.269 4.809 4.443 4.379
0.00059013 -1.42000 10.04139 0.6638496518 2.3596570492    0.664 -0.391  3.7551  4.624    1  0.000  0.543     0.00     0.00 -1 -3.05e-14      0.00 8.075e-01 1.920e-01 8.825e-05 2.386e-05 2.167e-04 -1.000 4.957e-04 5.748 6.331 6.471 5.890 5.501 5.137 4.695 4.339 4.282
0.00059013 -1.42000 10.04139 0.6772466898 2.3666894436    0.677 -0.333  3.7621  4.602    1  0.000  0.542     0.00     0.00 -1 -3.54e-14      0.00 8.120e-01 1.875e-01 8.652e-05 2.340e-05 2.126e-04 -1.000 4.956e-04 5.602 6.122 6.290 5.735 5.361 5.009 4.582 4.237 4.185
0.00059013 -1.42000 10.04139 0.6896489263 2.3729202747    0.689 -0.278  3.7683  4.579    1  0.000  0.542     0.00     0.00 -1 -4.09e-14      0.00 8.165e-01 1.830e-01 8.481e-05 2.295e-05 2.086e-04 -1.000 4.949e-04 5.464 5.935 6.124 5.592 5.230 4.888 4.474 4.138 4.091
0.00059013 -1.42000 10.04139 0.6999999881 2.3779268265    0.700 -0.230  3.7734  4.559    1  0.000  0.542     0.00     0.00 -1 -4.63e-14      0.00 8.205e-01 1.790e-01 8.330e-05 2.254e-05 2.050e-04 -1.000 4.867e-04 5.346 5.780 5.984 5.471 5.118 4.784 4.382 4.053 4.010
0.00059013 -1.42000 10.04139 0.7078608274 2.3816165924    0.708 -0.194  3.7771  4.542    1  0.000  0.540     0.00     0.00 -1 -5.11e-14      0.00 8.245e-01 1.751e-01 8.163e-05 2.214e-05 2.014e-04 -1.000 4.157e-04 5.254 5.663 5.876 5.376 5.031 4.703 4.309 3.985 3.945
0.00059013 -1.42000 10.04139 0.7198475599 2.3870649338    0.720 -0.136  3.7825  4.513    1  0.000  0.538     0.00     0.00 -1 -5.98e-14      0.00 8.308e-01 1.688e-01 7.903e-05 2.151e-05 1.958e-04 -1.000 4.010e-04 5.109 5.485 5.709 5.228 4.894 4.575 4.192 3.876 3.840
0.00059013 -1.42000 10.04139 0.7309231162 2.3919169903    0.731 -0.080  3.7874  4.483    1  0.000  0.536     0.00     0.00 -1 -6.99e-14      0.00 8.367e-01 1.629e-01 7.660e-05 2.091e-05 1.906e-04 -1.000 3.956e-04 4.970 5.321 5.550 5.087 4.762 4.450 4.077 3.768 3.736
0.00059013 -1.42000 10.04139 0.7413996458 2.3963534832    0.741 -0.025  3.7918  4.451    1  0.000  0.534     0.00     0.00 -1 -8.17e-14      0.00 8.423e-01 1.573e-01 7.434e-05 2.036e-05 1.857e-04 -1.000 3.956e-04 4.831 5.162 5.394 4.945 4.629 4.325 3.960 3.659 3.629
0.00059013 -1.42000 10.04139 0.7500000000 2.3998889923    0.750  0.023  3.7952  4.422    1  0.000  0.532     0.00     0.00 -1 -9.36e-14      0.00 8.468e-01 1.528e-01 7.254e-05 1.992e-05 1.818e-04 -1.000 3.957e-04 4.712 5.028 5.261 4.824 4.514 4.216 3.859 3.563 3.536
0.00059013 -1.42000 10.04139 0.7571246028 2.4027481079    0.757  0.064  3.7980  4.397    1  0.000  0.531     0.00     0.00 -1 -1.05e-13      0.00 8.491e-01 1.505e-01 7.177e-05 1.972e-05 1.800e-04 -1.000 3.957e-04 4.610 4.915 5.147 4.719 4.415 4.121 3.771 3.480 3.454
0.00059013 -1.42000 10.04139 0.7665357590 2.4064311981    0.766  0.122  3.8015  4.358    1  0.000  0.531     0.00     0.00 -1 -1.25e-13      0.00 8.520e-01 1.476e-01 7.091e-05 1.950e-05 1.781e-04 -1.000 3.956e-04 4.465 4.758 4.987 4.571 4.274 3.986 3.644 3.359 3.336
0.00059013 -1.42000 10.04139 0.7752071023 2.4097340107    0.774  0.180  3.8046  4.318    1  0.000  0.530     0.00     0.00 -1 -1.49e-13      0.00 8.544e-01 1.452e-01 7.025e-05 1.932e-05 1.766e-04 -1.000 3.956e-04 4.321 4.606 4.830 4.425 4.134 3.851 3.516 3.237 3.215
0.00059013 -1.42000 10.04139 0.7832733989 2.4127309322    0.782  0.237  3.8071  4.275    1  0.000  0.530     0.00     0.00 -1 -1.77e-13      0.00 8.563e-01 1.433e-01 6.974e-05 1.919e-05 1.755e-04 -1.000 3.971e-04 4.178 4.458 4.676 4.279 3.993 3.716 3.385 3.112 3.091
0.00059013 -1.42000 10.04139 0.7904834747 2.4153501987    0.789  0.291  3.8090  4.232    1  0.000  0.529     0.00     0.00 -1  -2.1e-13      0.00 8.575e-01 1.421e-01 6.949e-05 1.913e-05 1.750e-04 -1.000 4.357e-04 4.042 4.318 4.530 4.140 3.858 3.584 3.258 2.988 2.969
0.00059013 -1.42000 10.04139 0.7968022823 2.4176011086    0.796  0.343  3.8100  4.188    1  0.000  0.529     0.00     0.00 -1 -2.48e-13      0.00 8.572e-01 1.423e-01 6.974e-05 1.921e-05 1.757e-04 -1.000 4.621e-04 3.913 4.188 4.395 4.009 3.730 3.457 3.134 2.866 2.847
0.00059013 -1.42000 10.04139 0.7987179160 2.4182753563    0.798  0.359  3.8102  4.174    1  0.000  0.529     0.00     0.00 -1 -2.61e-13      0.00 8.571e-01 1.424e-01 6.984e-05 1.923e-05 1.759e-04 -1.000 4.692e-04 3.873 4.148 4.353 3.968 3.690 3.418 3.095 2.828 2.809
0.00059013 -1.42000 10.04139 0.8000000715 2.4187245369    0.799  0.371  3.8101  4.162    1  0.000  0.529     0.00     0.00 -1 -2.73e-13      0.00 8.570e-01 1.425e-01 6.992e-05 1.926e-05 1.761e-04 -1.000 4.717e-04 3.843 4.120 4.323 3.938 3.660 3.388 3.065 2.798 2.779
0.00059013 -1.42000 10.04139 0.8007259369 2.4189782143    0.800  0.377  3.8101  4.156    1  0.000  0.529     0.00     0.00 -1 -2.79e-13      0.00 8.568e-01 1.428e-01 7.002e-05 1.928e-05 1.764e-04 -1.000 4.717e-04 3.827 4.103 4.306 3.921 3.643 3.371 3.048 2.781 2.762
0.00059013 -1.42000 10.04139 0.8064120412 2.4209465981    0.805  0.433  3.8090  4.099    1  0.000  0.529     0.00     0.00 -1 -3.35e-13      0.00 8.551e-01 1.445e-01 7.081e-05 1.950e-05 1.784e-04 -1.000 4.717e-04 3.687 3.970 4.168 3.781 3.501 3.228 2.902 2.634 2.614
0.00059013 -1.42000 10.04139 0.8111668825 2.4225680828    0.810  0.487  3.8058  4.035    1  0.000  0.529     0.00     0.00 -1 -4.08e-13      0.00 8.536e-01 1.459e-01 7.147e-05 1.968e-05 1.800e-04 -1.000 4.718e-04 3.553 3.848 4.042 3.647 3.363 3.085 2.752 2.478 2.457
0.00059013 -1.42000 10.04139 0.8119723201 2.4228405952    0.811  0.497  3.8050  4.022    1  0.000  0.529     0.00     0.00 -1 -4.26e-13      0.00 8.534e-01 1.461e-01 7.158e-05 1.971e-05 1.803e-04 -1.000 4.717e-04 3.528 3.826 4.019 3.623 3.336 3.058 2.722 2.447 2.426
0.00059013 -1.42000 10.04139 0.8134269118 2.4233312607    0.812  0.517  3.8027  3.993    2  0.000  0.529     0.00     0.00 -1  -4.6e-13      0.00 8.530e-01 1.466e-01 7.178e-05 1.977e-05 1.808e-04 -1.000 4.717e-04 3.478 3.784 3.976 3.574 3.284 3.002 2.661 2.382 2.359
0.00059013 -1.42000 10.04139 0.8162770867 2.4242868423    0.815  0.560  3.7962  3.926    2  0.000  0.529     0.00     0.00 -1 -5.45e-13      0.00 8.521e-01 1.474e-01 7.217e-05 1.988e-05 1.818e-04 -1.000 4.717e-04 3.371 3.702 3.891 3.471 3.170 2.877 2.522 2.231 2.205
0.00059013 -1.42000 10.04139 0.8183249831 2.4249684811    0.817  0.595  3.7884  3.861    2  0.000  0.529     0.00     0.00 -1 -6.37e-13      0.00 8.506e-01 1.489e-01 7.307e-05 2.012e-05 1.840e-04 -1.000 4.575e-04 3.282 3.646 3.832 3.389 3.073 2.768 2.395 2.089 2.059
0.00059013 -1.42000 10.04139 0.8198519349 2.4254744053    0.818  0.624  3.7799  3.798    2  0.000  0.530     0.00     0.00 -1 -7.31e-13      0.00 8.378e-01 1.617e-01 7.872e-05 2.165e-05 1.979e-04 -1.000 4.652e-04 3.210 3.614 3.793 3.324 2.993 2.674 2.281 1.960 1.925
0.00059013 -1.42000 10.04139 0.8212725520 2.4259428978    0.820  0.653  3.7696  3.729    2  0.000  0.532     0.00     0.00 -1 -8.45e-13      0.00 8.123e-01 1.872e-01 8.825e-05 2.422e-05 2.208e-04 -1.000 4.823e-04 3.139 3.601 3.766 3.263 2.913 2.577 2.161 1.820 1.779
0.00059013 -1.42000 10.04139 0.8222837448 2.4262754917    0.820  0.676  3.7609  3.671    2  0.000  0.535     0.00     0.00 -1 -9.54e-13      0.00 7.906e-01 2.089e-01 9.557e-05 2.617e-05 2.383e-04 -1.000 5.391e-04 3.079 3.596 3.746 3.214 2.848 2.498 2.061 1.705 1.658
0.00059013 -1.42000 10.04139 0.8232072592 2.4265782833    0.821  0.707  3.7528  3.609    2  0.000  0.536     0.00     0.00 -1  -1.1e-12      0.00 7.782e-01 2.212e-01 9.975e-05 2.729e-05 2.482e-04 -1.000 5.513e-04 3.003 3.579 3.710 3.150 2.768 2.405 1.949 1.578 1.526
0.00059013 -1.42000 10.04139 0.8239255548 2.4268131256    0.822  0.741  3.7472  3.553    2  0.000  0.536     0.00     0.00 -1 -1.27e-12      0.00 7.721e-01 2.273e-01 1.018e-04 2.784e-05 2.531e-04 -1.000 5.771e-04 2.918 3.535 3.653 3.074 2.682 2.310 1.840 1.459 1.403
0.00059013 -1.42000 10.04139 0.8246150017 2.4270384312    0.823  0.782  3.7427  3.494    2  0.000  0.537     0.00     0.00 -1 -1.49e-12      0.00 7.681e-01 2.314e-01 1.032e-04 2.820e-05 2.564e-04 -1.000 5.435e-04 2.814 3.466 3.572 2.978 2.577 2.198 1.717 1.328 1.268
0.00059013 -1.42000 10.04139 0.8247278333 2.4270751476    0.823  0.791  3.7422  3.483    2  0.000  0.537     0.00     0.00 -1 -1.54e-12      0.00 7.676e-01 2.319e-01 1.033e-04 2.825e-05 2.568e-04 -1.000 5.581e-04 2.793 3.449 3.554 2.958 2.556 2.176 1.693 1.303 1.243
0.00059013 -1.42000 10.04139 0.8253216743 2.4272685051    0.823  0.836  3.7393  3.426    3  0.000  0.537     0.00     0.00 -1 -1.82e-12      0.00 7.649e-01 2.345e-01 1.041e-04 2.845e-05 2.586e-04 -1.000 6.081e-04 2.679 3.358 3.454 2.849 2.442 2.057 1.567 1.171 1.109
0.00059013 -1.42000 10.04139 0.8258220553 2.4274313450    0.824  0.878  3.7372  3.376    3  0.000  0.537     0.00     0.00 -1 -2.12e-12      0.00 7.628e-01 2.366e-01 1.046e-04 2.859e-05 2.598e-04 -1.000 5.856e-04 2.574 3.273 3.360 2.748 2.337 1.949 1.453 1.051 0.989
0.00059013 -1.42000 10.04139 0.8263773918 2.4276118279    0.824  0.929  3.7351  3.317    3  0.000  0.537     0.00     0.00 -1 -2.55e-12      0.00 7.607e-01 2.387e-01 1.051e-04 2.872e-05 2.610e-04 -1.000 5.956e-04 2.447 3.166 3.244 2.626 2.211 1.820 1.317 0.910 0.847
0.00059013 -1.42000 10.04139 0.8268907070 2.4277782440    0.825  0.980  3.7332  3.259    3  0.000  0.537     0.00     0.00 -1 -3.07e-12      0.00 7.587e-01 2.407e-01 1.054e-04 2.883e-05 2.619e-04 -1.000 5.974e-04 2.320 3.056 3.128 2.503 2.085 1.691 1.182 0.770 0.706
0.00059013 -1.42000 10.04139 0.8274057508 2.4279451370    0.825  1.035  3.7314  3.197    3  0.000  0.536     0.00     0.00 -1 -3.74e-12      0.00 7.566e-01 2.428e-01 1.057e-04 2.894e-05 2.627e-04 -1.000 5.898e-04 2.183 2.935 2.999 2.369 1.948 1.551 1.036 0.620 0.555
0.00059013 -1.42000 10.04139 0.8278619051 2.4280927181    0.826  1.088  3.7298  3.137    3  0.000  0.535     0.00     0.00 -1 -4.53e-12      0.00 7.548e-01 2.446e-01 1.057e-04 2.908e-05 2.633e-04 -1.000 5.808e-04 2.049 2.817 2.875 2.239 1.816 1.416 0.896 0.475 0.409
0.00059013 -1.42000 10.04139 0.8282489777 2.4282176495    0.826  1.137  3.7282  3.082    3  0.000  0.533     0.00     0.00 -1  -5.4e-12      0.00 7.531e-01 2.463e-01 1.054e-04 2.930e-05 2.638e-04 -1.000 5.922e-04 1.926 2.709 2.761 2.120 1.694 1.292 0.767 0.341 0.275
0.00059013 -1.42000 10.04139 0.8285519481 2.4283154011    0.826  1.179  3.7269  3.036    3  0.000  0.531     0.00     0.00 -1 -6.27e-12      0.00 7.519e-01 2.475e-01 1.051e-04 2.959e-05 2.641e-04 -1.000 5.888e-04 1.823 2.618 2.665 2.020 1.592 1.187 0.658 0.229 0.162
0.00059013 -1.42000 10.04139 0.8288874626 2.4284236431    0.826  1.229  3.7254  2.980    3  0.000  0.528     0.00     0.00 -1  -7.5e-12      0.00 7.506e-01 2.488e-01 1.046e-04 3.012e-05 2.643e-04 -1.000 6.052e-04 1.697 2.508 2.548 1.898 1.467 1.061 0.526 0.093 0.026
0.00059013 -1.42000 10.04139 0.8292081952 2.4285268784    0.826  1.281  3.7236  2.920    3  0.000  0.524     0.00     0.00 -1 -9.06e-12      0.00 7.494e-01 2.500e-01 1.039e-04 3.083e-05 2.646e-04 -1.000 5.917e-04 1.567 2.395 2.427 1.771 1.337 0.928 0.388 -0.050 -0.118
0.00059013 -1.42000 10.04139 0.8294987082 2.4286205769    0.827  1.334  3.7219  2.861    3  0.000  0.520     0.00     0.00 -1 -1.09e-11      0.00 7.485e-01 2.509e-01 1.032e-04 3.161e-05 2.648e-04 -1.000 6.072e-04 1.436 2.282 2.307 1.644 1.208 0.795 0.250 -0.192 -0.260
0.00059013 -1.42000 10.04139 0.8297523856 2.4287021160    0.827  1.383  3.7202  2.805    3  0.000  0.517     0.00     0.00 -1 -1.31e-11      0.00 7.477e-01 2.517e-01 1.026e-04 3.229e-05 2.649e-04 -1.000 5.990e-04 1.312 2.175 2.192 1.524 1.084 0.669 0.119 -0.328 -0.397
0.00059013 -1.42000 10.04139 0.8299816847 2.4287757874    0.827  1.432  3.7184  2.749    3  0.000  0.514     0.00     0.00 -1 -1.56e-11      0.00 7.472e-01 2.522e-01 1.021e-04 3.283e-05 2.650e-04 -1.000 5.922e-04 1.189 2.072 2.081 1.406 0.963 0.544 -0.011 -0.463 -0.532
0.00059013 -1.42000 10.04139 0.8301879168 2.4288420677    0.827  1.481  3.7167  2.693    3  0.000  0.513     0.00     0.00 -1 -1.86e-11      0.00 7.469e-01 2.525e-01 1.018e-04 3.321e-05 2.651e-04 -1.000 5.920e-04 1.068 1.971 1.971 1.289 0.843 0.422 -0.140 -0.596 -0.666
0.00059013 -1.42000 10.04139 0.8303794861 2.4289035797    0.827  1.530  3.7148  2.636    3  0.000  0.512     0.00     0.00 -1 -2.23e-11      0.00 7.466e-01 2.528e-01 1.016e-04 3.348e-05 2.651e-04 -1.000 6.104e-04 0.944 1.868 1.859 1.171 0.721 0.297 -0.271 -0.732 -0.803
0.00059013 -1.42000 10.04139 0.8305490613 2.4289579391    0.827  1.578  3.7129  2.581    3  0.000  0.511     0.00     0.00 -1 -2.65e-11      0.00 7.465e-01 2.529e-01 1.015e-04 3.361e-05 2.652e-04 -1.000 6.104e-04 0.825 1.768 1.752 1.056 0.603 0.176 -0.398 -0.865 -0.936
0.00059013 -1.42000 10.04139 0.8307071328 2.4290087223    0.827  1.627  3.7110  2.525    3  0.000  0.511     0.00     0.00 -1 -3.17e-11      0.00 7.464e-01 2.529e-01 1.014e-04 3.364e-05 2.652e-04 -1.000 6.105e-04 0.703 1.667 1.643 0.940 0.483 0.052 -0.527 -1.000 -1.072
0.00059013 -1.42000 10.04139 0.8308469057 2.4290535450    0.827  1.674  3.7091  2.469    3  0.000  0.511     0.00     0.00 -1 -3.76e-11      0.00 7.464e-01 2.530e-01 1.014e-04 3.366e-05 2.652e-04 -1.000 6.106e-04 0.585 1.574 1.538 0.827 0.366 -0.068 -0.653 -1.131 -1.203
0.00059013 -1.42000 10.04139 0.8309714794 2.4290933609    0.827  1.720  3.7071  2.416    3  0.000  0.511     0.00     0.00 -1 -4.45e-11      0.00 7.464e-01 2.530e-01 1.014e-04 3.367e-05 2.652e-04 -1.000 6.106e-04 0.470 1.487 1.437 0.718 0.253 -0.185 -0.776 -1.258 -1.331
0.00059013 -1.42000 10.04139 0.8310870528 2.4291305542    0.826  1.766  3.7052  2.362    3  0.000  0.511     0.00     0.00 -1 -5.27e-11      0.00 7.464e-01 2.530e-01 1.014e-04 3.368e-05 2.652e-04 -1.000 6.107e-04 0.354 1.399 1.336 0.608 0.139 -0.303 -0.900 -1.386 -1.461
0.00059013 -1.42000 10.04139 0.8311895728 2.4291632175    0.826  1.811  3.7032  2.309    3  0.000  0.511     0.00     0.00 -1  -6.2e-11      0.00 7.464e-01 2.530e-01 1.014e-04 3.369e-05 2.652e-04 -1.000 6.108e-04 0.243 1.316 1.240 0.502 0.029 -0.416 -1.019 -1.511 -1.586
0.00059013 -1.42000 10.04139 0.8312862515 2.4291942120    0.826  1.856  3.7011  2.255    3  0.000  0.511     0.00     0.00 -1 -7.33e-11      0.00 7.464e-01 2.530e-01 1.014e-04 3.370e-05 2.652e-04 -1.000 6.108e-04 0.130 1.232 1.142 0.395 -0.083 -0.532 -1.141 -1.637 -1.713
0.00059013 -1.42000 10.04139 0.8313733339 2.4292221069    0.826  1.900  3.6991  2.203    3  0.000  0.510     0.00     0.00 -1 -8.61e-11      0.00 7.464e-01 2.530e-01 1.014e-04 3.370e-05 2.652e-04 -1.000 6.108e-04 0.020 1.152 1.049 0.291 -0.191 -0.643 -1.259 -1.760 -1.837
0.00059013 -1.42000 10.04139 0.8314548135 2.4292483330    0.826  1.944  3.6970  2.151    3  0.000  0.510     0.00     0.00 -1 -1.01e-10      0.00 7.464e-01 2.530e-01 1.014e-04 3.371e-05 2.652e-04 -1.000 6.108e-04 -0.090 1.074 0.956 0.189 -0.299 -0.755 -1.376 -1.884 -1.961
0.00059013 -1.42000 10.04139 0.8315328360 2.4292731285    0.825  1.987  3.6949  2.099    3  0.000  0.510     0.00     0.00 -1 -1.19e-10      0.00 7.464e-01 2.530e-01 1.014e-04 3.372e-05 2.652e-04 -1.000 6.109e-04 -0.199 0.997 0.865 0.087 -0.405 -0.865 -1.493 -2.006 -2.084
0.00059013 -1.42000 10.04139 0.8316127658 2.4292988777    0.825  2.027  3.6930  2.051    3  0.000  0.510     0.00     0.00 -1 -1.38e-10      0.00 7.464e-01 2.530e-01 1.014e-04 3.372e-05 2.652e-04 -1.000 6.109e-04 -0.298 0.928 0.782 -0.005 -0.502 -0.965 -1.599 -2.118 -2.196
0.00059013 -1.42000 10.04139 0.8316854835 2.4293220043    0.824  2.054  3.6918  2.019    3  0.000  0.510     0.00     0.00 -1 -1.53e-10      0.00 7.464e-01 2.530e-01 1.014e-04 3.373e-05 2.652e-04 -1.000 6.109e-04 -0.366 0.879 0.725 -0.069 -0.568 -1.034 -1.672 -2.194 -2.273
0.00059013 -1.42000 10.04139 0.8317327499 2.4293372631    0.824  2.039  3.6928  2.039    3  0.000  0.510     0.00     0.00 -1 -1.45e-10      0.00 7.464e-01 2.530e-01 1.014e-04 3.374e-05 2.652e-04 -1.000 6.110e-04 -0.326 0.902 0.755 -0.033 -0.530 -0.994 -1.629 -2.148 -2.226
0.00059013 -1.42000 10.04139 0.8317493200 2.4293425083    0.824  2.033  3.6932  2.046    3  0.000  0.510     0.00     0.00 -1 -1.42e-10      0.00 7.464e-01 2.530e-01 1.014e-04 3.374e-05 2.652e-04 -1.000 6.110e-04 -0.312 0.911 0.766 -0.020 -0.516 -0.979 -1.613 -2.131 -2.209
0.00059013 -1.42000 10.04139 0.8318025470 2.4293594360    0.824  2.073  3.6912  1.997    3  0.000  0.510     0.00     0.00 -1 -1.63e-10      0.00 7.464e-01 2.530e-01 1.014e-04 3.374e-05 2.652e-04 -1.000 6.110e-04 -0.413 0.841 0.682 -0.114 -0.615 -1.082 -1.722 -2.245 -2.324
0.00059013 -1.42000 10.04139 0.8318529129 2.4293756485    0.823  2.113  3.6891  1.949    3  0.000  0.510     0.00     0.00 -1 -1.89e-10      0.00 7.464e-01 2.530e-01 1.014e-04 3.375e-05 2.652e-04 -1.000 6.111e-04 -0.514 0.779 0.601 -0.207 -0.713 -1.184 -1.831 -2.361 -2.441
0.00059013 -1.42000 10.04139 0.8319019675 2.4293911457    0.823  2.155  3.6869  1.898    3  0.000  0.510     0.00     0.00 -1 -2.21e-10      0.00 7.463e-01 2.530e-01 1.014e-04 3.375e-05 2.652e-04 -1.000 6.111e-04 -0.618 0.717 0.518 -0.302 -0.814 -1.289 -1.944 -2.481 -2.562
0.00059013 -1.42000 10.04139 0.8319476247 2.4294059277    0.823  2.197  3.6847  1.847    3  0.000  0.510     0.00     0.00 -1 -2.58e-10      0.00 7.463e-01 2.530e-01 1.014e-04 3.375e-05 2.652e-04 -1.000 6.111e-04 -0.722 0.674 0.441 -0.400 -0.918 -1.396 -2.059 -2.603 -2.682
0.00059013 -1.42000 10.04139 0.8319882751 2.4294188023    0.822  2.237  3.6824  1.798    3  0.000  0.510     0.00     0.00 -1 -2.99e-10      0.00 7.463e-01 2.530e-01 1.014e-04 3.376e-05 2.652e-04 -1.000 6.112e-04 -0.822 0.637 0.370 -0.493 -1.017 -1.499 -2.170 -2.720 -2.798
0.00059013 -1.42000 10.04139 0.8320260644 2.4294309616    0.822  2.277  3.6802  1.749    3  0.000  0.510     0.00     0.00 -1 -3.47e-10      0.00 7.463e-01 2.530e-01 1.014e-04 3.376e-05 2.652e-04 -1.000 6.112e-04 -0.922 0.600 0.299 -0.585 -1.116 -1.602 -2.280 -2.836 -2.914
0.00059013 -1.42000 10.04139 0.8320610523 2.4294421673    0.821  2.316  3.6779  1.700    3  0.000  0.510     0.00     0.00 -1 -4.02e-10      0.00 7.463e-01 2.531e-01 1.014e-04 3.376e-05 2.652e-04 -1.000 6.111e-04 -1.020 0.571 0.233 -0.674 -1.213 -1.703 -2.388 -2.951 -3.028
0.00059013 -1.42000 10.04139 0.8320935965 2.4294524193    0.820  2.355  3.6757  1.651    3  0.000  0.510     0.00     0.00 -1 -4.65e-10      0.00 7.463e-01 2.531e-01 1.014e-04 3.377e-05 2.652e-04 -1.000 6.112e-04 -1.119 0.543 0.167 -0.763 -1.310 -1.804 -2.497 -3.066 -3.142
0.00059013 -1.42000 10.04139 0.8321226239 2.4294617176    0.820  2.393  3.6734  1.604    3  0.000  0.510     0.00     0.00 -1 -5.36e-10      0.00 7.463e-01 2.531e-01 1.014e-04 3.377e-05 2.652e-04 -1.000 6.112e-04 -1.212 0.521 0.107 -0.847 -1.402 -1.900 -2.600 -3.176 -3.252
0.00059013 -1.42000 10.04139 0.8321498036 2.4294705391    0.819  2.431  3.6711  1.557    3  0.000  0.510     0.00     0.00 -1 -6.17e-10      0.00 7.463e-01 2.531e-01 1.014e-04 3.377e-05 2.652e-04 -1.000 6.112e-04 -1.306 0.502 0.048 -0.931 -1.494 -1.996 -2.704 -3.286 -3.362
0.00059013 -1.42000 10.04139 0.8321807384 2.4294803143    0.818  2.476  3.6683  1.499    3  0.000  0.510     0.00     0.00 -1 -7.33e-10      0.00 7.463e-01 2.531e-01 1.013e-04 3.377e-05 2.652e-04 -1.000 6.112e-04 -1.421 0.447 -0.033 -1.028 -1.599 -2.109 -2.828 -3.419 -3.496
0.00059013 -1.42000 10.04139 0.8322083950 2.4294891357    0.817  2.521  3.6655  1.443    3  0.000  0.510     0.00     0.00 -1 -8.67e-10      0.00 7.463e-01 2.531e-01 1.013e-04 3.378e-05 2.652e-04 -1.000 6.113e-04 -1.532 0.440 -0.095 -1.124 -1.706 -2.222 -2.951 -3.549 -3.626
0.00059013 -1.42000 10.04139 0.8322342038 2.4294974804    0.816  2.566  3.6626  1.387    3  0.000  0.510     0.00     0.00 -1 -1.03e-09      0.00 7.463e-01 2.531e-01 1.013e-04 3.378e-05 2.652e-04 -1.000 6.112e-04 -1.644 0.441 -0.153 -1.218 -1.813 -2.336 -3.075 -3.681 -3.758
0.00059013 -1.42000 10.04139 0.8322571516 2.4295046329    0.815  2.609  3.6599  1.332    3  0.000  0.510     0.00     0.00 -1 -1.21e-09      0.00 7.463e-01 2.531e-01 1.013e-04 3.378e-05 2.652e-04 -1.000 6.112e-04 -1.751 0.449 -0.206 -1.308 -1.915 -2.444 -3.194 -3.807 -3.884
0.00059013 -1.42000 10.04139 0.8322782516 2.4295115471    0.814  2.651  3.6570  1.278    3  0.000  0.510     0.00     0.00 -1 -1.42e-09      0.00 7.463e-01 2.531e-01 1.013e-04 3.378e-05 2.652e-04 -1.000 6.112e-04 -1.857 0.460 -0.255 -1.393 -2.012 -2.549 -3.311 -3.932 -4.009
0.00059013 -1.42000 10.04139 0.8322985172 2.4295179844    0.812  2.695  3.6541  1.222    3  0.000  0.510     0.00     0.00 -1 -1.67e-09      0.00 7.463e-01 2.531e-01 1.013e-04 3.379e-05 2.652e-04 -1.000 6.112e-04 -1.966 0.451 -0.313 -1.480 -2.111 -2.656 -3.430 -4.060 -4.139
0.00059013 -1.42000 10.04139 0.8323160410 2.4295234680    0.811  2.735  3.6513  1.169    3  0.000  0.510     0.00     0.00 -1 -1.95e-09      0.00 7.463e-01 2.531e-01 1.013e-04 3.379e-05 2.652e-04 -1.000 6.112e-04 -2.068 0.446 -0.366 -1.559 -2.203 -2.755 -3.540 -4.180 -4.260
0.00059013 -1.42000 10.04139 0.8323324919 2.4295287132    0.809  2.776  3.6485  1.116    3  0.000  0.510     0.00     0.00 -1 -2.28e-09      0.00 7.463e-01 2.531e-01 1.013e-04 3.379e-05 2.652e-04 -1.000 6.112e-04 -2.170 0.442 -0.418 -1.639 -2.294 -2.854 -3.651 -4.300 -4.382
0.00059013 -1.42000 10.04139 0.8323481083 2.4295337200    0.808  2.817  3.6456  1.062    3  0.000  0.510     0.00     0.00 -1 -2.68e-09      0.00 7.463e-01 2.531e-01 1.013e-04 3.379e-05 2.652e-04 -1.000 6.113e-04 -2.274 0.442 -0.470 -1.718 -2.385 -2.954 -3.764 -4.422 -4.505
0.00059013 -1.42000 10.04139 0.8323615789 2.4295380116    0.806  2.855  3.6429  1.012    3  0.000  0.510     0.00     0.00 -1  -3.1e-09      0.00 7.463e-01 2.531e-01 1.013e-04 3.379e-05 2.652e-04 -1.000 6.113e-04 -2.369 0.446 -0.515 -1.790 -2.469 -3.045 -3.867 -4.534 -4.619
0.00059013 -1.42000 10.04139 0.8323746324 2.4295423031    0.804  2.895  3.6401  0.961    3  0.000  0.510     0.00     0.00 -1  -3.6e-09      0.00 7.463e-01 2.531e-01 1.013e-04 3.379e-05 2.652e-04 -1.000 6.113e-04 -2.467 0.461 -0.555 -1.862 -2.554 -3.140 -3.974 -4.651 -4.737
0.00059013 -1.42000 10.04139 0.8323869109 2.4295461178    0.802  2.934  3.6373  0.909    3  0.000  0.510     0.00     0.00 -1 -4.19e-09      0.00 7.463e-01 2.531e-01 1.013e-04 3.379e-05 2.652e-04 -1.000 6.113e-04 -2.565 0.483 -0.592 -1.930 -2.638 -3.233 -4.081 -4.767 -4.855
0.00059013 -1.42000 10.04139 0.8323974609 2.4295494556    0.799  2.970  3.6346  0.861    3  0.000  0.510     0.00     0.00 -1 -4.82e-09      0.00 7.463e-01 2.531e-01 1.013e-04 3.379e-05 2.652e-04 -1.000 6.113e-04 -2.656 0.507 -0.623 -1.992 -2.713 -3.318 -4.179 -4.873 -4.964
0.00059013 -1.42000 10.04139 0.8324076533 2.4295527935    0.797  3.007  3.6319  0.812    3  0.000  0.510     0.00     0.00 -1 -5.56e-09      0.00 7.463e-01 2.531e-01 1.013e-04 3.380e-05 2.652e-04 -1.000 6.114e-04 -2.748 0.534 -0.654 -2.054 -2.790 -3.405 -4.279 -4.983 -5.075
0.00059013 -1.42000 10.04139 0.8324174881 2.4295558929    0.794  3.045  3.6291  0.762    3  0.000  0.510     0.00     0.00 -1 -6.43e-09      0.00 7.463e-01 2.531e-01 1.013e-04 3.380e-05 2.652e-04 -1.000 6.113e-04 -2.842 0.559 -0.686 -2.118 -2.869 -3.493 -4.380 -5.094 -5.188
0.00059013 -1.42000 10.04139 0.8324260712 2.4295587540    0.792  3.079  3.6265  0.715    3  0.000  0.510     0.00     0.00 -1 -7.36e-09      0.00 7.463e-01 2.531e-01 1.013e-04 3.380e-05 2.652e-04 -1.000 6.113e-04 -2.928 0.586 -0.714 -2.174 -2.940 -3.574 -4.474 -5.196 -5.293
0.00059013 -1.42000 10.04139 0.8324346542 2.4295613766    0.789  3.116  3.6237  0.666    3  0.000  0.510     0.00     0.00 -1 -8.49e-09      0.00 7.463e-01 2.531e-01 1.013e-04 3.380e-05 2.652e-04 -1.000 6.113e-04 -3.019 0.617 -0.741 -2.233 -3.014 -3.658 -4.572 -5.304 -5.403
0.00059013 -1.42000 10.04139 0.8324425220 2.4295639992    0.785  3.151  3.6211  0.618    3  0.000  0.510     0.00     0.00 -1 -9.75e-09      0.00 7.463e-01 2.531e-01 1.013e-04 3.380e-05 2.652e-04 -1.000 6.113e-04 -3.108 0.647 -0.768 -2.290 -3.086 -3.740 -4.667 -5.408 -5.510
0.00059013 -1.42000 10.04139 0.8324498534 2.4295661449    0.782  3.185  3.6186  0.572    3  0.000  0.510     0.00     0.00 -1 -1.12e-08      0.00 7.463e-01 2.531e-01 1.013e-04 3.380e-05 2.652e-04 -1.000 6.113e-04 -3.193 0.679 -0.791 -2.344 -3.155 -3.818 -4.759 -5.510 -5.613
0.00059013 -1.42000 10.04139 0.8324567676 2.4295685291    0.778  3.220  3.6159  0.525    3  0.000  0.510     0.00     0.00 -1 -1.28e-08      0.00 7.463e-01 2.531e-01 1.013e-04 3.380e-05 2.652e-04 -1.000 6.114e-04 -3.279 0.715 -0.812 -2.395 -3.222 -3.896 -4.851 -5.611 -5.717
0.00059013 -1.42000 10.04139 0.8324633241 2.4295704365    0.774  3.253  3.6134  0.479    3  0.000  0.510     0.00     0.00 -1 -1.46e-08      0.00 7.463e-01 2.531e-01 1.013e-04 3.380e-05 2.652e-04 -1.000 6.114e-04 -3.363 0.754 -0.828 -2.444 -3.288 -3.973 -4.941 -5.710 -5.819
0.00059013 -1.42000 10.04139 0.8324694037 2.4295725822    0.769  3.285  3.6110  0.435    3  0.000  0.510     0.00     0.00 -1 -1.66e-08      0.00 7.463e-01 2.531e-01 1.013e-04 3.380e-05 2.652e-04 -1.000 6.114e-04 -3.442 0.795 -0.839 -2.486 -3.348 -4.044 -5.026 -5.803 -5.915
0.00059013 -1.42000 10.04139 0.8324740529 2.4295740128    0.766  3.308  3.6093  0.403    3  0.000  0.510     0.00     0.00 -1 -1.83e-08      0.00 7.463e-01 2.531e-01 1.013e-04 3.380e-05 2.652e-04 -1.000 6.114e-04 -3.500 0.825 -0.845 -2.516 -3.391 -4.096 -5.088 -5.871 -5.985
0.00059013 -1.42000 10.04139 0.8324740529 2.4295740128    0.766  1.743  3.7541  2.548    4  0.000  0.523     0.00     0.00 -1    -1e-30      0.00 7.416e-01 2.577e-01 1.058e-04 3.183e-05 2.702e-04 -1.000 6.195e-04 0.414 1.008 1.076 0.546 0.177 -0.178 -0.639 -1.011 -1.058
0.00059013 -1.42000 10.04139 0.8325261474 2.4295907021    0.766  1.761  3.7524  2.523    4  0.000  0.523     0.00     0.00 -1    -1e-30      0.00 7.416e-01 2.577e-01 1.058e-04 3.183e-05 2.702e-04 -1.000 6.195e-04 0.368 0.974 1.040 0.504 0.132 -0.226 -0.691 -1.068 -1.116
0.00059013 -1.42000 10.04139 0.8325793743 2.4296076298    0.766  1.763  3.7523  2.520    4  0.000  0.523     0.00     0.00 -1    -1e-30      0.00 7.416e-01 2.577e-01 1.058e-04 3.183e-05 2.702e-04 -1.000 6.195e-04 0.362 0.969 1.035 0.498 0.126 -0.232 -0.698 -1.074 -1.123
0.00059013 -1.42000 10.04139 0.8326335549 2.4296247959    0.766  1.764  3.7525  2.520    4  0.000  0.523     0.00     0.00 -1    -1e-30      0.00 7.416e-01 2.577e-01 1.058e-04 3.183e-05 2.702e-04 -1.000 6.195e-04 0.359 0.964 1.030 0.495 0.122 -0.235 -0.701 -1.077 -1.125
0.00059013 -1.42000 10.04139 0.8326895833 2.4296426773    0.766  1.765  3.7529  2.521    4  0.000  0.523     0.00     0.00 -1    -1e-30      0.00 7.416e-01 2.577e-01 1.058e-04 3.183e-05 2.702e-04 -1.000 6.195e-04 0.357 0.960 1.026 0.492 0.121 -0.236 -0.700 -1.075 -1.123
0.00059013 -1.42000 10.04139 0.8327440619 2.4296600819    0.766  1.765  3.7536  2.523    4  0.000  0.523     0.00     0.00 -1    -1e-30      0.00 7.416e-01 2.577e-01 1.058e-04 3.183e-05 2.702e-04 -1.000 6.196e-04 0.357 0.956 1.022 0.490 0.120 -0.235 -0.698 -1.071 -1.119
0.00059013 -1.42000 10.04139 0.8327989578 2.4296777248    0.766  1.765  3.7544  2.527    4  0.000  0.523     0.00     0.00 -1    -1e-30      0.00 7.416e-01 2.577e-01 1.058e-04 3.183e-05 2.702e-04 -1.000 6.195e-04 0.358 0.952 1.018 0.490 0.121 -0.233 -0.693 -1.065 -1.112
0.00059013 -1.42000 10.04139 0.8328550458 2.4296956062    0.766  1.764  3.7553  2.532    4  0.000  0.523     0.00     0.00 -1    -1e-30      0.00 7.416e-01 2.577e-01 1.058e-04 3.183e-05 2.702e-04 -1.000 6.196e-04 0.360 0.948 1.014 0.489 0.123 -0.229 -0.687 -1.057 -1.103
0.00059013 -1.42000 10.04139 0.8329104185 2.4297132492    0.766  1.763  3.7564  2.537    4  0.000  0.523     0.00     0.00 -1    -1e-30      0.00 7.416e-01 2.577e-01 1.058e-04 3.183e-05 2.702e-04 -1.000 6.195e-04 0.363 0.944 1.011 0.490 0.125 -0.225 -0.680 -1.047 -1.093
0.00059013 -1.42000 10.04139 0.8329667449 2.4297311306    0.766  1.762  3.7575  2.542    4  0.000  0.523     0.00     0.00 -1    -1e-30      0.00 7.416e-01 2.577e-01 1.058e-04 3.183e-05 2.702e-04 -1.000 6.195e-04 0.365 0.940 1.007 0.490 0.128 -0.221 -0.673 -1.037 -1.083
0.00059013 -1.42000 10.04139 0.8330199122 2.4297480583    0.766  1.761  3.7585  2.547    4  0.000  0.523     0.00     0.00 -1    -1e-30      0.00 7.416e-01 2.577e-01 1.058e-04 3.183e-05 2.702e-04 -1.000 6.196e-04 0.367 0.936 1.003 0.490 0.130 -0.217 -0.666 -1.028 -1.073
0.00059013 -1.42000 10.04139 0.8330767155 2.4297661781    0.766  1.760  3.7595  2.552    4  0.000  0.523     0.00     0.00 -1    -1e-30      0.00 7.416e-01 2.577e-01 1.058e-04 3.183e-05 2.702e-04 -1.000 6.195e-04 0.369 0.931 0.999 0.490 0.132 -0.213 -0.660 -1.019 -1.064
0.00059013 -1.42000 10.04139 0.8331323862 2.4297838211    0.766  1.760  3.7605  2.557    4  0.000  0.523     0.00     0.00 -1    -1e-30      0.00 7.416e-01 2.577e-01 1.058e-04 3.183e-05 2.702e-04 -1.000 6.195e-04 0.371 0.928 0.996 0.490 0.134 -0.209 -0.654 -1.011 -1.055
0.00059013 -1.42000 10.04139 0.8331845999 2.4298005104    0.766  1.759  3.7612  2.561    4  0.000  0.523     0.00     0.00 -1    -1e-30      0.00 7.416e-01 2.577e-01 1.058e-04 3.183e-05 2.702e-04 -1.000 6.196e-04 0.373 0.925 0.993 0.490 0.135 -0.207 -0.649 -1.004 -1.048
0.00059013 -1.42000 10.04139 0.8332395554 2.4298179150    0.766  1.759  3.7619  2.564    4  0.000  0.523     0.00     0.00 -1    -1e-30      0.00 7.416e-01 2.577e-01 1.058e-04 3.183e-05 2.702e-04 -1.000 6.195e-04 0.373 0.923 0.990 0.489 0.136 -0.205 -0.645 -0.999 -1.042
0.00059013 -1.42000 10.04139 0.8332524896 2.4298222065    0.766  1.759  3.7621  2.564    4  0.000  0.523     0.00     0.00 -1    -1e-30      0.00 7.416e-01 2.577e-01 1.058e-04 3.183e-05 2.702e-04 -1.000 6.195e-04 0.374 0.922 0.989 0.489 0.136 -0.204 -0.644 -0.998 -1.041
0.00059013 -1.42000 10.04139 0.8332587481 2.4298241138    0.766  1.759  3.7621  2.564    4  0.000  0.523     0.00     0.00 -1    -1e-30      0.00 7.416e-01 2.577e-01 1.058e-04 3.183e-05 2.702e-04 -1.000 6.195e-04 0.374 0.922 0.989 0.489 0.136 -0.204 -0.644 -0.998 -1.040
0.00059013 -1.42000 10.04139 0.8333141804 2.4298417568    0.767  1.759  3.7625  2.566    4  0.000  0.523     0.00     0.00 -1    -1e-30      0.00 7.416e-01 2.577e-01 1.058e-04 3.183e-05 2.702e-04 -1.000 6.196e-04 0.373 0.920 0.987 0.488 0.136 -0.204 -0.643 -0.995 -1.038
0.00059013 -1.42000 10.04139 0.8333716989 2.4298601151    0.767  1.759  3.7627  2.567    4  0.000  0.523     0.00     0.00 -1    -1e-30      0.00 7.416e-01 2.577e-01 1.058e-04 3.183e-05 2.702e-04 -1.000 6.195e-04 0.372 0.917 0.984 0.486 0.135 -0.204 -0.642 -0.995 -1.037
0.00059013 -1.42000 10.04139 0.8334261775 2.4298775196    0.767  1.760  3.7627  2.566    4  0.000  0.523     0.00     0.00 -1    -1e-30      0.00 7.416e-01 2.577e-01 1.058e-04 3.183e-05 2.702e-04 -1.000 6.196e-04 0.371 0.916 0.983 0.485 0.133 -0.206 -0.644 -0.996 -1.039
0.00059013 -1.42000 10.04139 0.8334807754 2.4298946857    0.767  1.761  3.7625  2.564    4  0.000  0.523     0.00     0.00 -1    -1e-30      0.00 7.416e-01 2.577e-01 1.058e-04 3.183e-05 2.702e-04 -1.000 6.195e-04 0.368 0.914 0.981 0.482 0.130 -0.209 -0.648 -1.001 -1.043
0.00059013 -1.42000 10.04139 0.8335353732 2.4299120903    0.767  1.762  3.7621  2.561    4  0.000  0.523     0.00     0.00 -1    -1e-30      0.00 7.416e-01 2.577e-01 1.058e-04 3.183e-05 2.702e-04 -1.000 6.195e-04 0.364 0.913 0.980 0.479 0.127 -0.214 -0.654 -1.007 -1.050
0.00059013 -1.42000 10.04139 0.8335890174 2.4299292564    0.767  1.764  3.7614  2.556    4  0.000  0.523     0.00     0.00 -1    -1e-30      0.00 7.416e-01 2.577e-01 1.058e-04 3.183e-05 2.702e-04 -1.000 6.195e-04 0.360 0.912 0.979 0.476 0.122 -0.219 -0.661 -1.016 -1.060
0.00059013 -1.42000 10.04139 0.8336435556 2.4299466610    0.767  1.766  3.7606  2.551    4  0.000  0.523     0.00     0.00 -1    -1e-30      0.00 7.416e-01 2.577e-01 1.058e-04 3.183e-05 2.702e-04 -1.000 6.195e-04 0.354 0.910 0.977 0.472 0.116 -0.227 -0.670 -1.028 -1.071
0.00059013 -1.42000 10.04139 0.8336536884 2.4299497604    0.767  1.767  3.7604  2.550    4  0.000  0.523     0.00     0.00 -1    -1e-30      0.00 7.416e-01 2.577e-01 1.058e-04 3.183e-05 2.702e-04 -1.000 6.195e-04 0.353 0.910 0.977 0.471 0.115 -0.228 -0.672 -1.030 -1.074
0.00059013 -1.42000 10.04139 0.8336635232 2.4299528599    0.767  1.768  3.7602  2.548    4  0.000  0.523     0.00     0.00 -1    -1e-30      0.00 7.416e-01 2.577e-01 1.058e-04 3.183e-05 2.702e-04 -1.000 6.196e-04 0.351 0.909 0.977 0.470 0.114 -0.230 -0.675 -1.033 -1.077
0.00059013 -1.42000 10.04139 0.8337134719 2.4299688339    0.767  1.770  3.7591  2.541    4  0.000  0.523     0.00     0.00 -1    -1e-30      0.00 7.416e-01 2.577e-01 1.058e-04 3.183e-05 2.702e-04 -1.000 6.195e-04 0.344 0.909 0.976 0.465 0.106 -0.239 -0.687 -1.048 -1.092
0.00059013 -1.42000 10.04139 0.8337624073 2.4299843311    0.767  1.774  3.7579  2.533    4  0.000  0.523     0.00     0.00 -1    -1e-30      0.00 7.416e-01 2.577e-01 1.058e-04 3.183e-05 2.702e-04 -1.000 6.195e-04 0.336 0.908 0.974 0.459 0.098 -0.249 -0.700 -1.064 -1.109
0.00059013 -1.42000 10.04139 0.8338131309 2.4300005436    0.767  1.777  3.7567  2.524    4  0.000  0.523     0.00     0.00 -1    -1e-30      0.00 7.416e-01 2.577e-01 1.058e-04 3.183e-05 2.702e-04 -1.000 6.196e-04 0.327 0.907 0.973 0.453 0.089 -0.261 -0.715 -1.081 -1.127
0.00059013 -1.42000 10.04139 0.8338648677 2.4300169945    0.767  1.782  3.7553  2.515    4  0.000  0.523     0.00     0.00 -1    -1e-30      0.00 7.416e-01 2.577e-01 1.058e-04 3.183e-05 2.702e-04 -1.000 6.195e-04 0.316 0.905 0.970 0.445 0.079 -0.273 -0.731 -1.101 -1.147
0.00059013 -1.42000 10.04139 0.8339136839 2.4300324917    0.767  1.786  3.7539  2.504    4  0.000  0.523     0.00     0.00 -1    -1e-30      0.00 7.416e-01 2.577e-01 1.058e-04 3.183e-05 2.702e-04 -1.000 6.195e-04 0.304 0.902 0.966 0.436 0.067 -0.287 -0.749 -1.122 -1.169
0.00059013 -1.42000 10.04139 0.8339642286 2.4300484657    0.767  1.791  3.7525  2.493    4  0.000  0.523     0.00     0.00 -1    -1e-30      0.00 7.416e-01 2.577e-01 1.058e-04 3.183e-05 2.702e-04 -1.000 6.195e-04 0.292 0.898 0.962 0.427 0.055 -0.303 -0.768 -1.144 -1.193
0.00059013 -1.42000 10.04139 0.8340136409 2.4300642014    0.767  1.796  3.7512  2.483    4  0.000  0.523     0.00     0.00 -1    -1e-30      0.00 7.416e-01 2.577e-01 1.058e-04 3.183e-05 2.702e-04 -1.000 6.195e-04 0.279 0.894 0.956 0.416 0.042 -0.318 -0.787 -1.166 -1.215
0.00059013 -1.42000 10.04139 0.8340630531 2.4300799370    0.767  1.802  3.7499  2.473    4  0.000  0.523     0.00     0.00 -1    -1e-30      0.00 7.416e-01 2.577e-01 1.058e-04 3.183e-05 2.702e-04 -1.000 6.195e-04 0.266 0.889 0.950 0.406 0.029 -0.333 -0.805 -1.187 -1.237
0.00059013 -1.42000 10.04139 0.8341128826 2.4300959110    0.767  1.811  3.7477  2.455    4  0.000  0.523     0.00     0.00 -1    -1e-30      0.00 7.416e-01 2.577e-01 1.058e-04 3.183e-05 2.702e-04 -1.000 6.195e-04 0.242 0.882 0.940 0.387 0.006 -0.360 -0.838 -1.224 -1.276
0.00059013 -1.42000 10.04139 0.8341650963 2.4301123619    0.768  1.823  3.7452  2.433    4  0.000  0.523     0.00     0.00 -1    -1e-30      0.00 7.416e-01 2.577e-01 1.058e-04 3.183e-05 2.702e-04 -1.000 6.195e-04 0.213 0.870 0.925 0.363 -0.024 -0.394 -0.879 -1.271 -1.323
0.00059013 -1.42000 10.04139 0.8342163563 2.4301285744    0.768  1.838  3.7423  2.406    4  0.000  0.523     0.00     0.00 -1    -1e-30      0.00 7.416e-01 2.577e-01 1.058e-04 3.183e-05 2.702e-04 -1.000 6.195e-04 0.174 0.852 0.903 0.330 -0.062 -0.438 -0.930 -1.328 -1.382
0.00059013 -1.42000 10.04139 0.8342660666 2.4301445484    0.768  1.870  3.7368  2.352    4  0.000  0.523     0.00     0.00 -1    -1e-30      0.00 7.416e-01 2.577e-01 1.058e-04 3.183e-05 2.702e-04 -1.000 6.195e-04 0.095 0.819 0.856 0.262 -0.141 -0.526 -1.032 -1.442 -1.500
0.00059013 -1.42000 10.04139 0.8342883587 2.4301514626    0.768  1.901  3.7321  2.303    4  0.000  0.523     0.00     0.00 -1    -1e-30      0.00 7.416e-01 2.577e-01 1.058e-04 3.183e-05 2.702e-04 -1.000 6.195e-04 0.017 0.786 0.808 0.195 -0.218 -0.611 -1.130 -1.551 -1.610
0.00059013 -1.42000 10.04139 0.8343002796 2.4301552773    0.768  1.932  3.7277  2.254    4  0.000  0.523     0.00     0.00 -1    -1e-30      0.00 7.416e-01 2.577e-01 1.058e-04 3.183e-05 2.702e-04 -1.000 6.195e-04 -0.061 0.751 0.757 0.126 -0.295 -0.696 -1.227 -1.658 -1.720
0.00059013 -1.42000 10.04139 0.8343060613 2.4301571846    0.768  1.963  3.7237  2.207    4  0.000  0.523     0.00     0.00 -1    -1e-30      0.00 7.416e-01 2.577e-01 1.058e-04 3.183e-05 2.702e-04 -1.000 6.195e-04 -0.138 0.716 0.706 0.058 -0.371 -0.779 -1.321 -1.761 -1.825
0.00059013 -1.42000 10.04139 0.8343093395 2.4301581383    0.768  1.998  3.7197  2.156    4  0.000  0.523     0.00     0.00 -1    -1e-30      0.00 7.416e-01 2.577e-01 1.058e-04 3.183e-05 2.702e-04 -1.000 6.195e-04 -0.225 0.674 0.648 -0.018 -0.456 -0.871 -1.424 -1.874 -1.940
0.00059013 -1.42000 10.04139 0.8343111277 2.4301588535    0.768  2.030  3.7162  2.110    4  0.000  0.523     0.00     0.00 -1    -1e-30      0.00 7.416e-01 2.577e-01 1.058e-04 3.183e-05 2.702e-04 -1.000 6.195e-04 -0.305 0.635 0.592 -0.089 -0.535 -0.955 -1.519 -1.977 -2.044
0.00059013 -1.42000 10.04139 0.8343119621 2.4301590919    0.768  2.053  3.7139  2.078    7  0.000  0.523     0.00     0.00 -1 -8.86e-10      0.00 7.416e-01 2.561e-01 1.058e-04 3.183e-05 2.702e-04 -1.000 2.220e-03 -0.361 0.606 0.553 -0.139 -0.589 -1.014 -1.584 -2.048 -2.116
0.00059013 -1.42000 10.04139 0.8343130350 2.4301593304    0.768  2.091  3.7104  2.026    7  0.000  0.523     0.00     0.00 -1 -1.13e-09      0.00 7.416e-01 2.561e-01 1.058e-04 3.183e-05 2.702e-04 -1.000 2.220e-03 -0.458 0.552 0.482 -0.226 -0.684 -1.115 -1.695 -2.168 -2.237
0.00059013 -1.42000 10.04139 0.8343139887 2.4301595688    0.768  2.130  3.7070  1.973    7  0.000  0.523     0.00     0.00 -1 -1.43e-09      0.00 7.416e-01 2.561e-01 1.058e-04 3.183e-05 2.702e-04 -1.000 2.219e-03 -0.555 0.501 0.411 -0.313 -0.778 -1.216 -1.806 -2.287 -2.358
0.00059013 -1.42000 10.04139 0.8343148828 2.4301600456    0.767  2.166  3.7040  1.925    7  0.000  0.523     0.00     0.00 -1 -1.75e-09      0.00 7.416e-01 2.561e-01 1.058e-04 3.183e-05 2.702e-04 -1.000 2.220e-03 -0.645 0.456 0.347 -0.393 -0.865 -1.308 -1.908 -2.397 -2.469
0.00059013 -1.42000 10.04139 0.8343158364 2.4301602840    0.767  2.196  3.7015  1.885    7  0.000  0.523     0.00     0.00 -1 -2.09e-09      0.00 7.416e-01 2.561e-01 1.058e-04 3.183e-05 2.702e-04 -1.000 2.220e-03 -0.720 0.418 0.292 -0.461 -0.939 -1.386 -1.994 -2.490 -2.563
0.00059013 -1.42000 10.04139 0.8343173265 2.4301607609    0.767  2.216  3.7000  1.859    7  0.000  0.523     0.00     0.00 -1 -2.35e-09      0.00 7.416e-01 2.561e-01 1.058e-04 3.183e-05 2.702e-04 -1.000 2.220e-03 -0.769 0.393 0.257 -0.504 -0.986 -1.437 -2.049 -2.549 -2.623
0.00059013 -1.42000 10.04139 0.8343200088 2.4301614761    0.767  2.188  3.7023  1.896    7  0.000  0.523     0.00     0.00 -1    -2e-09      0.00 7.416e-01 2.561e-01 1.058e-04 3.183e-05 2.702e-04 -1.000 2.220e-03 -0.700 0.427 0.306 -0.443 -0.920 -1.366 -1.971 -2.465 -2.538
0.00059013 -1.42000 10.04139 0.8343243003 2.4301629066    0.767  2.159  3.7047  1.934    7  0.000  0.523     0.00     0.00 -1 -1.69e-09      0.00 7.416e-01 2.561e-01 1.058e-04 3.183e-05 2.702e-04 -1.000 2.220e-03 -0.628 0.464 0.358 -0.378 -0.849 -1.291 -1.889 -2.376 -2.448
0.00059013 -1.42000 10.04139 0.8343511224 2.4301714897    0.765  2.167  3.7039  1.922    7  0.000  0.523     0.00     0.00 -1 -1.79e-09      0.00 7.416e-01 2.561e-01 1.058e-04 3.183e-05 2.702e-04 -1.000 2.220e-03 -0.648 0.455 0.344 -0.396 -0.869 -1.312 -1.913 -2.402 -2.474
0.00059013 -1.42000 10.04139 0.8343705535 2.4301776886    0.763  2.203  3.7009  1.873    7  0.000  0.523     0.00     0.00 -1 -2.23e-09      0.00 7.416e-01 2.561e-01 1.058e-04 3.183e-05 2.702e-04 -1.000 2.220e-03 -0.738 0.411 0.280 -0.476 -0.956 -1.405 -2.014 -2.512 -2.586
0.00059013 -1.42000 10.04139 0.8343909979 2.4301841259    0.761  2.250  3.6970  1.809    7  0.000  0.523     0.00     0.00 -1 -2.99e-09      0.00 7.416e-01 2.561e-01 1.058e-04 3.183e-05 2.702e-04 -1.000 2.220e-03 -0.856 0.355 0.196 -0.581 -1.070 -1.526 -2.148 -2.657 -2.732
0.00059013 -1.42000 10.04139 0.8344109654 2.4301905632    0.758  2.295  3.6935  1.749    7  0.000  0.523     0.00     0.00 -1  -3.9e-09      0.00 7.416e-01 2.561e-01 1.058e-04 3.183e-05 2.702e-04 -1.000 2.220e-03 -0.968 0.302 0.116 -0.679 -1.177 -1.640 -2.274 -2.792 -2.869
0.00059013 -1.42000 10.04139 0.8344284296 2.4301960468    0.754  2.338  3.6902  1.690    7  0.000  0.523     0.00     0.00 -1 -5.09e-09      0.00 7.416e-01 2.561e-01 1.058e-04 3.183e-05 2.702e-04 -1.000 2.220e-03 -1.076 0.250 0.039 -0.775 -1.281 -1.750 -2.395 -2.923 -3.000
0.00059013 -1.42000 10.04139 0.8344439268 2.4302008152    0.751  2.381  3.6869  1.632    7  0.000  0.523     0.00     0.00 -1 -6.63e-09      0.00 7.416e-01 2.562e-01 1.058e-04 3.183e-05 2.702e-04 -1.000 2.192e-03 -1.183 0.203 -0.036 -0.869 -1.383 -1.859 -2.516 -3.054 -3.132
0.00059013 -1.42000 10.04139 0.8344574571 2.4302051067    0.746  2.424  3.6836  1.573    7  0.000  0.523     0.00     0.00 -1 -8.62e-09      0.00 7.416e-01 2.562e-01 1.057e-04 3.183e-05 2.702e-04 -1.000 2.130e-03 -1.290 0.209 -0.094 -0.967 -1.492 -1.973 -2.639 -3.186 -3.262
0.00059013 -1.42000 10.04139 0.8344693184 2.4302089214    0.741  2.466  3.6804  1.515    7  0.000  0.522     0.00     0.00 -1 -1.12e-08      0.00 7.416e-01 2.563e-01 1.057e-04 3.186e-05 2.702e-04 -1.000 2.087e-03 -1.395 0.207 -0.153 -1.062 -1.598 -2.084 -2.760 -3.315 -3.390
0.00059013 -1.42000 10.04139 0.8344799280 2.4302122593    0.735  2.508  3.6772  1.457    7  0.000  0.521     0.00     0.00 -1 -1.45e-08      0.00 7.416e-01 2.563e-01 1.053e-04 3.202e-05 2.702e-04 -1.000 2.053e-03 -1.500 0.146 -0.228 -1.148 -1.692 -2.186 -2.875 -3.440 -3.518
0.00059013 -1.42000 10.04139 0.8344896436 2.4302153587    0.728  2.550  3.6739  1.398    7  0.000  0.515     0.00     0.00 -1 -1.89e-08      0.00 7.416e-01 2.564e-01 1.044e-04 3.278e-05 2.702e-04 -1.000 1.983e-03 -1.606 0.148 -0.283 -1.238 -1.794 -2.295 -2.995 -3.568 -3.645
0.00059013 -1.42000 10.04139 0.8344984651 2.4302182198    0.720  2.592  3.6670  1.323    7  0.000  0.507     0.00     0.00 -1  -2.5e-08      0.00 7.416e-01 2.564e-01 1.027e-04 3.456e-05 2.702e-04 -1.000 1.954e-03 -1.711 0.275 -0.275 -1.307 -1.889 -2.405 -3.129 -3.721 -3.797
0.00059013 -1.42000 10.04139 0.8345046639 2.4302201271    0.713  2.624  3.6621  1.267    7  0.000  0.499     0.00     0.00 -1 -3.09e-08      0.00 7.416e-01 2.565e-01 1.012e-04 3.642e-05 2.702e-04 -1.000 1.944e-03 -1.791 0.374 -0.268 -1.358 -1.960 -2.486 -3.228 -3.833 -3.910
0.00059013 -1.42000 10.04139 0.8345124125 2.4302227497    0.701  2.666  3.6583  1.203    7  0.000  0.488     0.00     0.00 -1 -4.11e-08      0.00 7.415e-01 2.566e-01 9.906e-05 3.899e-05 2.702e-04 -1.000 1.919e-03 -1.896 0.432 -0.295 -1.438 -2.057 -2.593 -3.349 -3.965 -4.041
0.00059013 -1.42000 10.04139 0.8345196843 2.4302248955    0.686  2.708  3.6552  1.139    7  0.000  0.479     0.00     0.00 -1 -5.47e-08      0.00 7.415e-01 2.566e-01 9.717e-05 4.129e-05 2.702e-04 -1.000 1.916e-03 -2.000 0.445 -0.341 -1.517 -2.150 -2.695 -3.464 -4.090 -4.168
0.00059013 -1.42000 10.04139 0.8345267773 2.4302272797    0.666  2.750  3.6518  1.071    7  0.000  0.470     0.00     0.00 -1 -7.45e-08      0.00 7.414e-01 2.567e-01 9.554e-05 4.328e-05 2.702e-04 -1.000 1.900e-03 -2.105 0.461 -0.385 -1.595 -2.243 -2.797 -3.581 -4.216 -4.296
0.00059013 -1.42000 10.04139 0.8345336318 2.4302294254    0.640  2.793  3.6487  0.998    7  0.000  0.464     0.00     0.00 -1 -1.05e-07      0.00 7.413e-01 2.568e-01 9.415e-05 4.500e-05 2.702e-04 -1.000 1.885e-03 -2.212 0.474 -0.432 -1.676 -2.338 -2.901 -3.698 -4.343 -4.424
0.00059013 -1.42000 10.04139 0.8345399499 2.4302313328    0.604  2.836  3.6470  0.923    7  0.000  0.457     0.00     0.00 -1 -1.55e-07      0.00 7.412e-01 2.570e-01 9.292e-05 4.653e-05 2.701e-04 -1.000 1.819e-03 -2.320 0.473 -0.489 -1.764 -2.439 -3.009 -3.814 -4.464 -4.546
0.00059013 -1.42000 10.04139 0.8345457315 2.4302332401    0.557  2.880  3.6510  0.860    7  0.000  0.452     0.00     0.00 -1 -2.45e-07      0.00 7.411e-01 2.571e-01 9.179e-05 4.788e-05 2.700e-04 -1.000 1.819e-03 -2.430 0.320 -0.631 -1.897 -2.565 -3.129 -3.918 -4.551 -4.630
0.00059013 -1.42000 10.04139 0.8345483541 2.4302339554    0.513  2.903  3.6629  0.849    7  0.000  0.448     0.00     0.00 -1 -3.11e-07      0.00 7.411e-01 2.571e-01 9.107e-05 4.880e-05 2.700e-04 -1.000 1.799e-03 -2.487 -0.096 -0.879 -2.038 -2.663 -3.199 -3.939 -4.534 -4.609
0.00059013 -1.42000 10.04139 1.1244581938 2.4956896305    0.552 -4.419  3.6041  7.967    9  0.552  0.000     0.00     0.00 -1    -1e-30      0.00 7.287e-01 2.708e-01 8.073e-05 7.055e-05 2.706e-04 -1.000 5.070e-04 15.816 18.980 17.963 16.680 15.781 15.073 14.223 13.701 13.534
#isochrone terminated
