# File generated by CMD 3.3 (http://stev.oapd.inaf.it/cmd) on Sun Jun  7 12:22:30 CEST 2020
# isochrones based on PARSEC release v1.2S +  COLIBRI S_35
# Basic references: Bressan et al. (2012), MNRAS, 427, 127 + Chen et al. (2014, 2015), MNRAS, 444, 2525 + MNRAS, 452, 1068 + Tang et al. (2014), MNRAS, 445, 4287 + Marigo et al. (2017), ApJ, 835, 77 + Pastorelli al. (2019), MNRAS in press
# Thermal pulse cycles included 
# On RGB, assumed Reimers mass loss with efficiency eta=0.2
# Photometric system: <i>UBVRIJHK</i> (cf. Maiz-Apellaniz 2006 + Bessell 1990)
# Using YBC version of bolometric corrections as in Chen et al. (2019)
# O-rich circumstellar dpmod60alox40 dust from Groenewegen (2006)
# C-rich circumstellar AMCSIC15 dust from Groenewegen (2006)
# IMF: Kroupa (2001, 2002) + Kroupa et al. (2013) canonical two-part-power law IMF corrected for unresolved binaries 
# Kind of output: isochrone tables
# Zini     MH   logAge Mini        int_IMF         Mass   logL    logTe  logg  label   McoreTP C_O  period0 period1 pmode  Mloss  tau1m   X   Y   Xc  Xn  Xo  Cexcess  Z 	 mbolmag  Umag    Bmag    Vmag    Rmag    Imag    Jmag    Hmag    Kmag
0.00059013 -1.42000 10.07918 0.0900000036 1.0816895962    0.090 -3.189  3.4705  5.416    1  0.000  0.545     0.00     0.00 -1 -5.31e-17      0.00 7.477e-01 2.517e-01 1.114e-04 3.006e-05 2.726e-04 -1.000 6.196e-04 12.744 20.311 17.548 15.546 13.793 12.101 10.746 10.421 10.312
0.00059013 -1.42000 10.07918 0.0979087874 1.1533964872    0.098 -2.966  3.5024  5.356    1  0.000  0.545     0.00     0.00 -1 -9.13e-17      0.00 7.463e-01 2.531e-01 1.114e-04 3.006e-05 2.726e-04 -1.000 6.196e-04 12.185 18.310 16.160 14.250 12.862 11.513 10.295 9.853 9.713
0.00059013 -1.42000 10.07918 0.1000000089 1.1711064577    0.100 -2.910  3.5103  5.341    1  0.000  0.545     0.00     0.00 -1 -1.05e-16      0.00 7.460e-01 2.534e-01 1.114e-04 3.006e-05 2.726e-04 -1.000 6.195e-04 12.044 17.843 15.831 13.960 12.639 11.368 10.182 9.717 9.570
0.00059013 -1.42000 10.07918 0.1199999973 1.3193154335    0.120 -2.625  3.5419  5.261    1  0.000  0.545     0.00     0.00 -1 -2.02e-16      0.00 7.435e-01 2.559e-01 1.114e-04 3.006e-05 2.726e-04 -1.000 6.195e-04 11.332 15.996 14.443 12.778 11.646 10.640 9.571 9.044 8.874
0.00059013 -1.42000 10.07918 0.1335045993 1.4023222923    0.133 -2.499  3.5526  5.225    1  0.000  0.545     0.00     0.00 -1 -2.66e-16      0.00 7.421e-01 2.572e-01 1.114e-04 3.006e-05 2.726e-04 -1.000 6.197e-04 11.018 15.348 13.923 12.336 11.254 10.321 9.291 8.751 8.573
0.00059013 -1.42000 10.07918 0.1400000006 1.4384527206    0.140 -2.443  3.5574  5.209    1  0.000  0.545     0.00     0.00 -1 -3.01e-16      0.00 7.416e-01 2.578e-01 1.114e-04 3.006e-05 2.726e-04 -1.000 6.197e-04 10.878 15.067 13.696 12.143 11.082 10.180 9.166 8.621 8.441
0.00059013 -1.42000 10.07918 0.1599999964 1.5372931957    0.160 -2.301  3.5677  5.166    1  0.000  0.545     0.00     0.00 -1  -4.1e-16      0.00 7.402e-01 2.592e-01 1.114e-04 3.006e-05 2.726e-04 -1.000 6.196e-04 10.523 14.420 13.161 11.682 10.665 9.824 8.845 8.289 8.103
0.00059013 -1.42000 10.07918 0.2000000179 1.6938792467    0.200 -2.080  3.5812  5.095    1  0.000  0.545     0.00     0.00 -1 -5.69e-16      0.00 7.390e-01 2.604e-01 1.114e-04 3.006e-05 2.726e-04 -1.000 6.196e-04 9.970 13.517 12.389 11.003 10.042 9.267 8.331 7.767 7.573
0.00059013 -1.42000 10.07918 0.2500000298 1.8403259516    0.250 -1.876  3.5923  5.033    1  0.000  0.545     0.00     0.00 -1 -4.19e-16      0.00 7.389e-01 2.605e-01 1.114e-04 3.006e-05 2.726e-04 -1.000 6.196e-04 9.459 12.734 11.711 10.398 9.486 8.755 7.854 7.284 7.089
0.00059013 -1.42000 10.07918 0.3000000417 1.9529141188    0.300 -1.720  3.6008  4.990    1  0.000  0.545     0.00     0.00 -1 -3.48e-16      0.00 7.391e-01 2.603e-01 1.114e-04 3.006e-05 2.726e-04 -1.000 6.196e-04 9.070 12.156 11.202 9.942 9.066 8.363 7.489 6.916 6.724
0.00059013 -1.42000 10.07918 0.3500000238 2.0434176922    0.350 -1.594  3.6081  4.961    1  0.000  0.545     0.00     0.00 -1 -1.79e-15      0.00 7.413e-01 2.581e-01 1.114e-04 3.006e-05 2.726e-04 -1.000 6.195e-04 8.755 11.690 10.789 9.572 8.726 8.045 7.193 6.619 6.433
0.00059013 -1.42000 10.07918 0.4000000358 2.1185026169    0.400 -1.449  3.6194  4.918    1  0.000  0.545     0.00     0.00 -1 -2.46e-15      0.00 7.500e-01 2.494e-01 1.114e-04 3.006e-05 2.726e-04 -1.000 6.195e-04 8.392 11.106 10.282 9.129 8.328 7.680 6.859 6.284 6.111
0.00059013 -1.42000 10.07918 0.4500000179 2.1822810173    0.450 -1.273  3.6379  4.868    1  0.000  0.545     0.00     0.00 -1 -3.67e-15      0.00 7.500e-01 2.493e-01 1.114e-04 3.006e-05 2.726e-04 -1.000 6.195e-04 7.954 10.322 9.620 8.565 7.837 7.241 6.470 5.897 5.748
0.00059013 -1.42000 10.07918 0.5000000000 2.2374541759    0.500 -1.075  3.6648  4.823    1  0.000  0.545     0.00     0.00 -1  -5.8e-15      0.00 7.500e-01 2.493e-01 1.114e-04 3.006e-05 2.726e-04 -1.000 6.196e-04 7.457 9.335 8.828 7.904 7.275 6.748 6.050 5.509 5.390
0.00059013 -1.42000 10.07918 0.5500000715 2.2836585045    0.550 -0.858  3.6913  4.753    1  0.000  0.544     0.00     0.00 -1 -9.87e-15      0.00 7.845e-01 2.150e-01 9.708e-05 2.621e-05 2.378e-04 -1.000 5.051e-04 6.915 8.312 8.037 7.224 6.685 6.215 5.599 5.114 5.016
0.00059013 -1.42000 10.07918 0.6000000238 2.3211214542    0.600 -0.649  3.7193  4.694    1  0.000  0.544     0.00     0.00 -1 -1.64e-14      0.00 7.949e-01 2.046e-01 9.305e-05 2.514e-05 2.282e-04 -1.000 5.079e-04 6.391 7.368 7.312 6.602 6.137 5.716 5.183 4.763 4.681
0.00059013 -1.42000 10.07918 0.6116040349 2.3288149834    0.611 -0.598  3.7266  4.681    1  0.000  0.543     0.00     0.00 -1 -1.85e-14      0.00 7.977e-01 2.018e-01 9.196e-05 2.484e-05 2.256e-04 -1.000 5.138e-04 6.265 7.149 7.140 6.457 6.009 5.599 5.087 4.682 4.605
0.00059013 -1.42000 10.07918 0.6231684089 2.3361554146    0.623 -0.547  3.7338  4.667    1  0.000  0.543     0.00     0.00 -1 -2.07e-14      0.00 8.005e-01 1.989e-01 9.085e-05 2.455e-05 2.229e-04 -1.000 5.169e-04 6.139 6.937 6.972 6.315 5.882 5.484 4.990 4.599 4.526
0.00059013 -1.42000 10.07918 0.6343647242 2.3429696560    0.634 -0.498  3.7407  4.653    1  0.000  0.543     0.00     0.00 -1  -1.6e-14      0.00 8.035e-01 1.960e-01 8.973e-05 2.425e-05 2.202e-04 -1.000 4.956e-04 6.015 6.739 6.811 6.178 5.759 5.371 4.895 4.517 4.449
0.00059013 -1.42000 10.07918 0.6447774172 2.3490633965    0.645 -0.452  3.7469  4.639    1  0.000  0.543     0.00     0.00 -1 -6.26e-16      0.00 8.063e-01 1.932e-01 8.863e-05 2.396e-05 2.176e-04 -1.000 4.956e-04 5.900 6.561 6.664 6.053 5.646 5.269 4.808 4.440 4.376
0.00059013 -1.42000 10.07918 0.6499999762 2.3520355225    0.650 -0.429  3.7500  4.631    1  0.000  0.543     0.00     0.00 -1  -2.8e-14      0.00 8.077e-01 1.918e-01 8.807e-05 2.381e-05 2.163e-04 -1.000 4.956e-04 5.841 6.472 6.589 5.989 5.590 5.217 4.763 4.400 4.338
0.00059013 -1.42000 10.07918 0.6607475281 2.3579816818    0.660 -0.380  3.7558  4.613    1  0.000  0.543     0.00     0.00 -1 -3.17e-14      0.00 8.114e-01 1.881e-01 8.666e-05 2.344e-05 2.130e-04 -1.000 4.956e-04 5.720 6.296 6.439 5.861 5.473 5.111 4.670 4.316 4.259
0.00059013 -1.42000 10.07918 0.6728475690 2.3644156456    0.673 -0.325  3.7622  4.591    1  0.000  0.542     0.00     0.00 -1 -3.66e-14      0.00 8.158e-01 1.837e-01 8.498e-05 2.299e-05 2.089e-04 -1.000 4.937e-04 5.582 6.100 6.269 5.715 5.341 4.989 4.563 4.217 4.166
0.00059013 -1.42000 10.07918 0.6839630008 2.3700959682    0.684 -0.273  3.7679  4.569    1  0.000  0.542     0.00     0.00 -1  -3.3e-14      0.00 8.201e-01 1.794e-01 8.334e-05 2.255e-05 2.050e-04 -1.000 4.762e-04 5.451 5.925 6.113 5.580 5.217 4.874 4.460 4.123 4.076
0.00059013 -1.42000 10.07918 0.6945608854 2.3753175735    0.694 -0.221  3.7732  4.546    1  0.000  0.542     0.00     0.00 -1 -1.85e-14      0.00 8.245e-01 1.751e-01 8.169e-05 2.211e-05 2.011e-04 -1.000 4.212e-04 5.323 5.759 5.962 5.448 5.096 4.761 4.359 4.029 3.986
0.00059013 -1.42000 10.07918 0.6999999881 2.3779268265    0.700 -0.195  3.7759  4.533    1  0.000  0.541     0.00     0.00 -1 -5.18e-14      0.00 8.269e-01 1.727e-01 8.082e-05 2.188e-05 1.990e-04 -1.000 4.084e-04 5.256 5.673 5.883 5.379 5.032 4.702 4.305 3.979 3.939
0.00059013 -1.42000 10.07918 0.7027952075 2.3792498112    0.702 -0.181  3.7772  4.526    1  0.000  0.541     0.00     0.00 -1 -5.37e-14      0.00 8.284e-01 1.712e-01 8.019e-05 2.173e-05 1.976e-04 -1.000 4.043e-04 5.222 5.629 5.843 5.344 4.999 4.671 4.277 3.953 3.914
0.00059013 -1.42000 10.07918 0.7136069536 2.3842546940    0.713 -0.125  3.7822  4.497    1  0.000  0.539     0.00     0.00 -1 -6.28e-14      0.00 8.343e-01 1.653e-01 7.774e-05 2.113e-05 1.924e-04 -1.000 3.956e-04 5.081 5.458 5.682 5.201 4.866 4.546 4.162 3.846 3.810
0.00059013 -1.42000 10.07918 0.7238340974 2.3888311386    0.723 -0.069  3.7868  4.465    1  0.000  0.537     0.00     0.00 -1 -7.35e-14      0.00 8.399e-01 1.597e-01 7.544e-05 2.057e-05 1.874e-04 -1.000 3.956e-04 4.942 5.296 5.523 5.058 4.732 4.420 4.045 3.736 3.703
0.00059013 -1.42000 10.07918 0.7327648997 2.3927073479    0.732 -0.017  3.7906  4.434    1  0.000  0.535     0.00     0.00 -1 -8.51e-14      0.00 8.447e-01 1.548e-01 7.347e-05 2.009e-05 1.831e-04 -1.000 4.213e-04 4.813 5.149 5.379 4.927 4.609 4.303 3.936 3.632 3.603
0.00059013 -1.42000 10.07918 0.7411913276 2.3962666988    0.741  0.034  3.7941  4.402    1  0.000  0.533     0.00     0.00 -1 -3.65e-14      0.00 8.492e-01 1.504e-01 7.165e-05 1.964e-05 1.792e-04 -1.000 4.088e-04 4.685 5.006 5.236 4.796 4.485 4.185 3.826 3.528 3.500
0.00059013 -1.42000 10.07918 0.7490767241 2.3995139599    0.748  0.085  3.7971  4.368    1  0.000  0.531     0.00     0.00 -1 -5.73e-14      0.00 8.533e-01 1.463e-01 7.004e-05 1.925e-05 1.757e-04 -1.000 3.956e-04 4.557 4.867 5.096 4.667 4.361 4.066 3.714 3.421 3.396
0.00059013 -1.42000 10.07918 0.7500000000 2.3998889923    0.749  0.091  3.7975  4.363    1  0.000  0.531     0.00     0.00 -1 -1.17e-13      0.00 8.537e-01 1.459e-01 6.986e-05 1.920e-05 1.753e-04 -1.000 3.957e-04 4.541 4.850 5.079 4.650 4.346 4.052 3.700 3.408 3.382
0.00059013 -1.42000 10.07918 0.7566358447 2.4025540352    0.756  0.137  3.7999  4.331    1  0.000  0.531     0.00     0.00 -1 -1.34e-13      0.00 8.557e-01 1.439e-01 6.927e-05 1.905e-05 1.739e-04 -1.000 3.956e-04 4.427 4.727 4.953 4.534 4.234 3.944 3.598 3.310 3.287
0.00059013 -1.42000 10.07918 0.7645079494 2.4056465626    0.764  0.195  3.8026  4.288    1  0.000  0.530     0.00     0.00 -1 -1.61e-13      0.00 8.578e-01 1.418e-01 6.868e-05 1.889e-05 1.726e-04 -1.000 3.918e-04 4.282 4.575 4.796 4.386 4.091 3.806 3.466 3.184 3.161
0.00059013 -1.42000 10.07918 0.7715445161 2.4083495140    0.771  0.251  3.8045  4.244    1  0.000  0.530     0.00     0.00 -1 -1.91e-13      0.00 8.594e-01 1.402e-01 6.831e-05 1.880e-05 1.719e-04 -1.000 4.062e-04 4.142 4.431 4.647 4.243 3.953 3.672 3.335 3.057 3.036
0.00059013 -1.42000 10.07918 0.7777111530 2.4106719494    0.777  0.304  3.8057  4.199    1  0.000  0.530     0.00     0.00 -1 -2.27e-13      0.00 8.590e-01 1.405e-01 6.858e-05 1.888e-05 1.726e-04 -1.000 4.259e-04 4.010 4.298 4.509 4.109 3.822 3.543 3.209 2.933 2.912
0.00059013 -1.42000 10.07918 0.7795807123 2.4113678932    0.779  0.321  3.8059  4.184    1  0.000  0.530     0.00     0.00 -1  -2.4e-13      0.00 8.589e-01 1.407e-01 6.868e-05 1.891e-05 1.729e-04 -1.000 4.317e-04 3.968 4.256 4.465 4.067 3.780 3.501 3.168 2.893 2.872
0.00059013 -1.42000 10.07918 0.7810946107 2.4119284153    0.780  0.336  3.8058  4.170    1  0.000  0.529     0.00     0.00 -1 -2.52e-13      0.00 8.587e-01 1.408e-01 6.877e-05 1.893e-05 1.731e-04 -1.000 4.347e-04 3.931 4.220 4.428 4.030 3.743 3.464 3.131 2.856 2.835
0.00059013 -1.42000 10.07918 0.7869698405 2.4140806198    0.786  0.396  3.8045  4.107    1  0.000  0.529     0.00     0.00 -1 -1.91e-13      0.00 8.582e-01 1.414e-01 6.914e-05 1.904e-05 1.741e-04 -1.000 4.475e-04 3.779 4.075 4.277 3.877 3.589 3.309 2.972 2.695 2.673
0.00059013 -1.42000 10.07918 0.7914269567 2.4156889915    0.790  0.449  3.8015  4.044    1  0.000  0.529     0.00     0.00 -1 -9.95e-14      0.00 8.578e-01 1.418e-01 6.942e-05 1.911e-05 1.748e-04 -1.000 4.583e-04 3.647 3.955 4.153 3.746 3.453 3.168 2.825 2.543 2.519
0.00059013 -1.42000 10.07918 0.7921859026 2.4159607887    0.791  0.459  3.8007  4.032    1  0.000  0.529     0.00     0.00 -1 -9.06e-14      0.00 8.577e-01 1.418e-01 6.946e-05 1.913e-05 1.749e-04 -1.000 4.602e-04 3.622 3.933 4.131 3.722 3.427 3.141 2.796 2.512 2.489
0.00059013 -1.42000 10.07918 0.7935729027 2.4164559841    0.792  0.479  3.7985  4.004    2  0.000  0.529     0.00     0.00 -1 -1.27e-13      0.00 8.575e-01 1.420e-01 6.959e-05 1.916e-05 1.753e-04 -1.000 4.608e-04 3.573 3.892 4.088 3.674 3.375 3.086 2.736 2.448 2.424
0.00059013 -1.42000 10.07918 0.7963057160 2.4174256325    0.795  0.522  3.7924  3.938    2  0.000  0.529     0.00     0.00 -1  -2.5e-13      0.00 8.572e-01 1.424e-01 6.982e-05 1.923e-05 1.759e-04 -1.000 4.653e-04 3.465 3.810 4.002 3.570 3.261 2.962 2.598 2.299 2.271
0.00059013 -1.42000 10.07918 0.7982971072 2.4181275368    0.797  0.559  3.7848  3.872    2  0.000  0.529     0.00     0.00 -1 -4.25e-13      0.00 8.555e-01 1.441e-01 7.089e-05 1.952e-05 1.785e-04 -1.000 4.474e-04 3.374 3.753 3.939 3.484 3.161 2.850 2.469 2.157 2.124
0.00059013 -1.42000 10.07918 0.7998143435 2.4186596870    0.798  0.590  3.7765  3.809    2  0.000  0.530     0.00     0.00 -1 -6.52e-13      0.00 8.372e-01 1.624e-01 7.880e-05 2.167e-05 1.979e-04 -1.000 4.687e-04 3.296 3.718 3.895 3.414 3.076 2.752 2.351 2.024 1.987
0.00059013 -1.42000 10.07918 0.8000000715 2.4187245369    0.798  0.594  3.7752  3.800    2  0.000  0.531     0.00     0.00 -1 -6.89e-13      0.00 8.332e-01 1.664e-01 8.026e-05 2.206e-05 2.015e-04 -1.000 4.751e-04 3.286 3.715 3.890 3.405 3.065 2.738 2.335 2.005 1.967
0.00059013 -1.42000 10.07918 0.8010887504 2.4191048145    0.800  0.618  3.7677  3.746    2  0.000  0.533     0.00     0.00 -1 -7.75e-13      0.00 8.098e-01 1.897e-01 8.888e-05 2.438e-05 2.223e-04 -1.000 5.099e-04 3.226 3.700 3.863 3.353 2.999 2.660 2.239 1.895 1.853
0.00059013 -1.42000 10.07918 0.8020508289 2.4194395542    0.800  0.643  3.7596  3.689    2  0.000  0.535     0.00     0.00 -1 -8.77e-13      0.00 7.906e-01 2.089e-01 9.542e-05 2.613e-05 2.379e-04 -1.000 5.223e-04 3.162 3.688 3.836 3.299 2.930 2.578 2.138 1.780 1.732
0.00059013 -1.42000 10.07918 0.8029296398 2.4197447300    0.801  0.675  3.7521  3.627    2  0.000  0.536     0.00     0.00 -1 -1.01e-12      0.00 7.793e-01 2.201e-01 9.928e-05 2.716e-05 2.471e-04 -1.000 5.489e-04 3.082 3.663 3.793 3.230 2.846 2.483 2.024 1.653 1.600
0.00059013 -1.42000 10.07918 0.8036131859 2.4199817181    0.802  0.710  3.7468  3.571    2  0.000  0.536     0.00     0.00 -1 -1.17e-12      0.00 7.735e-01 2.259e-01 1.013e-04 2.770e-05 2.519e-04 -1.000 5.729e-04 2.995 3.616 3.733 3.152 2.758 2.386 1.915 1.534 1.477
0.00059013 -1.42000 10.07918 0.8042693138 2.4202084541    0.802  0.752  3.7425  3.513    2  0.000  0.536     0.00     0.00 -1 -1.38e-12      0.00 7.695e-01 2.299e-01 1.026e-04 2.806e-05 2.551e-04 -1.000 5.434e-04 2.890 3.543 3.649 3.054 2.652 2.273 1.791 1.402 1.342
0.00059013 -1.42000 10.07918 0.8043781519 2.4202461243    0.803  0.760  3.7420  3.502    2  0.000  0.537     0.00     0.00 -1 -1.43e-12      0.00 7.690e-01 2.304e-01 1.028e-04 2.810e-05 2.555e-04 -1.000 5.583e-04 2.869 3.526 3.631 3.034 2.631 2.251 1.768 1.378 1.318
0.00059013 -1.42000 10.07918 0.8049511909 2.4204437733    0.803  0.806  3.7392  3.445    3  0.000  0.537     0.00     0.00 -1 -1.68e-12      0.00 7.662e-01 2.332e-01 1.036e-04 2.832e-05 2.574e-04 -1.000 6.123e-04 2.755 3.435 3.531 2.925 2.517 2.133 1.642 1.246 1.184
0.00059013 -1.42000 10.07918 0.8054340482 2.4206101894    0.804  0.848  3.7371  3.395    3  0.000  0.537     0.00     0.00 -1 -1.96e-12      0.00 7.642e-01 2.353e-01 1.042e-04 2.847e-05 2.587e-04 -1.000 5.679e-04 2.650 3.350 3.437 2.824 2.413 2.025 1.528 1.127 1.064
0.00059013 -1.42000 10.07918 0.8059699535 2.4207944870    0.804  0.899  3.7351  3.337    3  0.000  0.537     0.00     0.00 -1 -2.36e-12      0.00 7.620e-01 2.375e-01 1.047e-04 2.860e-05 2.600e-04 -1.000 5.823e-04 2.523 3.242 3.321 2.702 2.287 1.896 1.392 0.986 0.922
0.00059013 -1.42000 10.07918 0.8064652681 2.4209647179    0.804  0.949  3.7332  3.279    3  0.000  0.537     0.00     0.00 -1 -2.83e-12      0.00 7.600e-01 2.394e-01 1.050e-04 2.871e-05 2.609e-04 -1.000 5.961e-04 2.396 3.133 3.204 2.579 2.161 1.767 1.258 0.847 0.782
0.00059013 -1.42000 10.07918 0.8069622517 2.4211351871    0.805  1.005  3.7314  3.217    3  0.000  0.537     0.00     0.00 -1 -3.45e-12      0.00 7.579e-01 2.414e-01 1.054e-04 2.882e-05 2.618e-04 -1.000 6.119e-04 2.259 3.011 3.076 2.445 2.024 1.627 1.112 0.696 0.631
0.00059013 -1.42000 10.07918 0.8074024916 2.4212861061    0.805  1.058  3.7298  3.157    3  0.000  0.536     0.00     0.00 -1 -4.17e-12      0.00 7.562e-01 2.432e-01 1.055e-04 2.892e-05 2.624e-04 -1.000 5.854e-04 2.126 2.893 2.952 2.316 1.892 1.492 0.972 0.552 0.486
0.00059013 -1.42000 10.07918 0.8077760339 2.4214138985    0.805  1.107  3.7283  3.102    3  0.000  0.535     0.00     0.00 -1 -4.98e-12      0.00 7.546e-01 2.448e-01 1.054e-04 2.905e-05 2.629e-04 -1.000 5.791e-04 2.003 2.785 2.838 2.196 1.770 1.368 0.843 0.418 0.352
0.00059013 -1.42000 10.07918 0.8080683947 2.4215137959    0.806  1.148  3.7270  3.056    3  0.000  0.534     0.00     0.00 -1 -5.78e-12      0.00 7.534e-01 2.460e-01 1.053e-04 2.921e-05 2.632e-04 -1.000 5.692e-04 1.899 2.693 2.741 2.096 1.668 1.264 0.735 0.306 0.240
0.00059013 -1.42000 10.07918 0.8083921671 2.4216244221    0.806  1.198  3.7255  3.000    3  0.000  0.532     0.00     0.00 -1 -6.91e-12      0.00 7.521e-01 2.473e-01 1.050e-04 2.948e-05 2.635e-04 -1.000 6.123e-04 1.774 2.583 2.624 1.974 1.544 1.137 0.603 0.170 0.103
0.00059013 -1.42000 10.07918 0.8087016940 2.4217300415    0.806  1.251  3.7238  2.941    3  0.000  0.529     0.00     0.00 -1 -8.34e-12      0.00 7.510e-01 2.484e-01 1.046e-04 2.988e-05 2.638e-04 -1.000 5.778e-04 1.643 2.470 2.503 1.847 1.414 1.004 0.465 0.028 -0.039
0.00059013 -1.42000 10.07918 0.8089820743 2.4218256474    0.806  1.303  3.7221  2.882    3  0.000  0.526     0.00     0.00 -1 -1.01e-11      0.00 7.501e-01 2.493e-01 1.041e-04 3.034e-05 2.639e-04 -1.000 5.982e-04 1.513 2.357 2.382 1.721 1.284 0.872 0.328 -0.114 -0.182
0.00059013 -1.42000 10.07918 0.8092268705 2.4219090939    0.806  1.353  3.7204  2.825    3  0.000  0.524     0.00     0.00 -1 -1.21e-11      0.00 7.494e-01 2.500e-01 1.037e-04 3.079e-05 2.641e-04 -1.000 5.966e-04 1.388 2.249 2.267 1.600 1.160 0.745 0.196 -0.250 -0.319
0.00059013 -1.42000 10.07918 0.8094481826 2.4219844341    0.806  1.402  3.7187  2.769    3  0.000  0.522     0.00     0.00 -1 -1.44e-11      0.00 7.489e-01 2.505e-01 1.033e-04 3.117e-05 2.642e-04 -1.000 6.108e-04 1.265 2.145 2.155 1.481 1.038 0.620 0.066 -0.385 -0.454
0.00059013 -1.42000 10.07918 0.8096472621 2.4220521450    0.806  1.451  3.7169  2.714    3  0.000  0.521     0.00     0.00 -1 -1.72e-11      0.00 7.485e-01 2.509e-01 1.030e-04 3.146e-05 2.643e-04 -1.000 5.945e-04 1.143 2.043 2.044 1.364 0.918 0.497 -0.063 -0.519 -0.589
0.00059013 -1.42000 10.07918 0.8098320961 2.4221150875    0.806  1.501  3.7151  2.657    3  0.000  0.520     0.00     0.00 -1 -2.06e-11      0.00 7.483e-01 2.511e-01 1.029e-04 3.165e-05 2.644e-04 -1.000 6.004e-04 1.019 1.939 1.932 1.245 0.795 0.371 -0.195 -0.656 -0.726
0.00059013 -1.42000 10.07918 0.8099957108 2.4221706390    0.806  1.549  3.7132  2.601    3  0.000  0.519     0.00     0.00 -1 -2.45e-11      0.00 7.481e-01 2.512e-01 1.028e-04 3.176e-05 2.644e-04 -1.000 6.005e-04 0.898 1.838 1.823 1.129 0.676 0.249 -0.324 -0.789 -0.861
0.00059013 -1.42000 10.07918 0.8101482987 2.4222226143    0.806  1.598  3.7113  2.544    3  0.000  0.519     0.00     0.00 -1 -2.94e-11      0.00 7.481e-01 2.513e-01 1.028e-04 3.179e-05 2.644e-04 -1.000 6.006e-04 0.774 1.735 1.712 1.010 0.554 0.124 -0.455 -0.926 -0.998
0.00059013 -1.42000 10.07918 0.8102832437 2.4222683907    0.806  1.646  3.7094  2.488    3  0.000  0.519     0.00     0.00 -1  -3.5e-11      0.00 7.481e-01 2.513e-01 1.028e-04 3.181e-05 2.644e-04 -1.000 6.006e-04 0.655 1.639 1.606 0.896 0.436 0.002 -0.582 -1.058 -1.131
0.00059013 -1.42000 10.07918 0.8104034662 2.4223091602    0.806  1.693  3.7075  2.434    3  0.000  0.519     0.00     0.00 -1 -4.15e-11      0.00 7.481e-01 2.513e-01 1.028e-04 3.182e-05 2.644e-04 -1.000 6.007e-04 0.538 1.550 1.504 0.785 0.321 -0.116 -0.706 -1.187 -1.261
0.00059013 -1.42000 10.07918 0.8105149269 2.4223470688    0.806  1.740  3.7055  2.379    3  0.000  0.519     0.00     0.00 -1 -4.92e-11      0.00 7.481e-01 2.513e-01 1.027e-04 3.183e-05 2.644e-04 -1.000 6.008e-04 0.421 1.460 1.400 0.673 0.205 -0.236 -0.832 -1.318 -1.392
0.00059013 -1.42000 10.07918 0.8106139302 2.4223806858    0.806  1.785  3.7035  2.325    3  0.000  0.519     0.00     0.00 -1 -5.81e-11      0.00 7.481e-01 2.513e-01 1.027e-04 3.184e-05 2.644e-04 -1.000 6.008e-04 0.307 1.376 1.302 0.566 0.093 -0.351 -0.953 -1.444 -1.519
0.00059013 -1.42000 10.07918 0.8107072115 2.4224123955    0.806  1.831  3.7014  2.270    3  0.000  0.519     0.00     0.00 -1 -6.89e-11      0.00 7.481e-01 2.513e-01 1.027e-04 3.185e-05 2.644e-04 -1.000 6.009e-04 0.191 1.289 1.202 0.456 -0.022 -0.470 -1.078 -1.574 -1.649
0.00059013 -1.42000 10.07918 0.8107913136 2.4224407673    0.805  1.877  3.6994  2.217    3  0.000  0.519     0.00     0.00 -1 -8.13e-11      0.00 7.481e-01 2.513e-01 1.027e-04 3.185e-05 2.644e-04 -1.000 6.009e-04 0.079 1.206 1.105 0.349 -0.133 -0.584 -1.199 -1.700 -1.776
0.00059013 -1.42000 10.07918 0.8108698726 2.4224674702    0.805  1.922  3.6972  2.163    3  0.000  0.519     0.00     0.00 -1  -9.6e-11      0.00 7.481e-01 2.513e-01 1.027e-04 3.186e-05 2.644e-04 -1.000 6.010e-04 -0.034 1.126 1.010 0.244 -0.243 -0.699 -1.320 -1.827 -1.904
0.00059013 -1.42000 10.07918 0.8109451532 2.4224929810    0.805  1.967  3.6951  2.109    3  0.000  0.519     0.00     0.00 -1 -1.13e-10      0.00 7.481e-01 2.513e-01 1.027e-04 3.187e-05 2.644e-04 -1.000 6.010e-04 -0.148 1.045 0.914 0.137 -0.354 -0.814 -1.442 -1.954 -2.032
0.00059013 -1.42000 10.07918 0.8110223413 2.4225192070    0.804  2.009  3.6930  2.059    3  0.000  0.519     0.00     0.00 -1 -1.32e-10      0.00 7.480e-01 2.514e-01 1.027e-04 3.187e-05 2.644e-04 -1.000 6.010e-04 -0.252 0.972 0.827 0.040 -0.456 -0.919 -1.554 -2.072 -2.151
0.00059013 -1.42000 10.07918 0.8110925555 2.4225430489    0.804  2.037  3.6918  2.026    3  0.000  0.519     0.00     0.00 -1 -1.47e-10      0.00 7.480e-01 2.514e-01 1.027e-04 3.188e-05 2.644e-04 -1.000 6.011e-04 -0.322 0.922 0.768 -0.025 -0.524 -0.990 -1.628 -2.150 -2.229
0.00059013 -1.42000 10.07918 0.8111347556 2.4225571156    0.804  2.023  3.6927  2.043    3  0.000  0.519     0.00     0.00 -1 -1.41e-10      0.00 7.480e-01 2.514e-01 1.027e-04 3.188e-05 2.644e-04 -1.000 6.011e-04 -0.288 0.941 0.794 0.005 -0.492 -0.956 -1.591 -2.111 -2.189
0.00059013 -1.42000 10.07918 0.8111495376 2.4225621223    0.804  2.019  3.6931  2.049    3  0.000  0.519     0.00     0.00 -1 -1.39e-10      0.00 7.480e-01 2.514e-01 1.027e-04 3.189e-05 2.644e-04 -1.000 6.011e-04 -0.276 0.948 0.803 0.016 -0.481 -0.944 -1.578 -2.096 -2.175
0.00059013 -1.42000 10.07918 0.8111987710 2.4225788116    0.803  2.059  3.6911  2.001    3  0.000  0.519     0.00     0.00 -1 -1.59e-10      0.00 7.480e-01 2.514e-01 1.027e-04 3.189e-05 2.644e-04 -1.000 6.011e-04 -0.376 0.879 0.720 -0.077 -0.578 -1.045 -1.686 -2.209 -2.288
0.00059013 -1.42000 10.07918 0.8112453222 2.4225947857    0.803  2.099  3.6890  1.952    3  0.000  0.519     0.00     0.00 -1 -1.84e-10      0.00 7.480e-01 2.514e-01 1.027e-04 3.189e-05 2.644e-04 -1.000 6.012e-04 -0.476 0.817 0.639 -0.169 -0.675 -1.146 -1.794 -2.324 -2.404
0.00059013 -1.42000 10.07918 0.8112907410 2.4226100445    0.802  2.140  3.6868  1.902    3  0.000  0.518     0.00     0.00 -1 -2.15e-10      0.00 7.480e-01 2.514e-01 1.027e-04 3.190e-05 2.644e-04 -1.000 6.011e-04 -0.580 0.755 0.557 -0.264 -0.776 -1.251 -1.907 -2.444 -2.524
0.00059013 -1.42000 10.07918 0.8113329411 2.4226243496    0.802  2.182  3.6846  1.851    3  0.000  0.518     0.00     0.00 -1 -2.51e-10      0.00 7.480e-01 2.514e-01 1.027e-04 3.190e-05 2.644e-04 -1.000 6.012e-04 -0.684 0.712 0.479 -0.362 -0.880 -1.358 -2.021 -2.565 -2.645
0.00059013 -1.42000 10.07918 0.8113705516 2.4226369858    0.802  2.222  3.6824  1.802    3  0.000  0.518     0.00     0.00 -1 -2.91e-10      0.00 7.480e-01 2.514e-01 1.027e-04 3.191e-05 2.644e-04 -1.000 6.013e-04 -0.785 0.674 0.408 -0.455 -0.980 -1.462 -2.132 -2.682 -2.761
0.00059013 -1.42000 10.07918 0.8114055395 2.4226489067    0.801  2.262  3.6802  1.753    3  0.000  0.518     0.00     0.00 -1 -3.38e-10      0.00 7.480e-01 2.514e-01 1.027e-04 3.191e-05 2.644e-04 -1.000 6.012e-04 -0.884 0.637 0.337 -0.548 -1.079 -1.565 -2.242 -2.799 -2.877
0.00059013 -1.42000 10.07918 0.8114378452 2.4226598740    0.800  2.301  3.6778  1.703    3  0.000  0.518     0.00     0.00 -1 -3.92e-10      0.00 7.480e-01 2.514e-01 1.027e-04 3.191e-05 2.644e-04 -1.000 6.013e-04 -0.983 0.608 0.270 -0.637 -1.176 -1.666 -2.351 -2.915 -2.992
0.00059013 -1.42000 10.07918 0.8114679456 2.4226701260    0.800  2.341  3.6756  1.655    3  0.000  0.518     0.00     0.00 -1 -4.54e-10      0.00 7.480e-01 2.514e-01 1.027e-04 3.191e-05 2.644e-04 -1.000 6.013e-04 -1.082 0.578 0.204 -0.726 -1.273 -1.767 -2.460 -3.029 -3.106
0.00059013 -1.42000 10.07918 0.8114948273 2.4226791859    0.799  2.378  3.6733  1.608    3  0.000  0.518     0.00     0.00 -1 -5.23e-10      0.00 7.480e-01 2.514e-01 1.027e-04 3.192e-05 2.644e-04 -1.000 6.012e-04 -1.176 0.557 0.143 -0.811 -1.365 -1.864 -2.564 -3.140 -3.216
0.00059013 -1.42000 10.07918 0.8115199804 2.4226877689    0.798  2.416  3.6711  1.560    3  0.000  0.518     0.00     0.00 -1 -6.02e-10      0.00 7.480e-01 2.514e-01 1.027e-04 3.192e-05 2.644e-04 -1.000 6.013e-04 -1.271 0.537 0.084 -0.895 -1.458 -1.961 -2.669 -3.250 -3.326
0.00059013 -1.42000 10.07918 0.8115485907 2.4226973057    0.798  2.462  3.6682  1.502    3  0.000  0.518     0.00     0.00 -1 -7.16e-10      0.00 7.480e-01 2.514e-01 1.027e-04 3.192e-05 2.644e-04 -1.000 6.014e-04 -1.386 0.522 0.017 -0.996 -1.569 -2.078 -2.796 -3.386 -3.461
0.00059013 -1.42000 10.07918 0.8115741611 2.4227058887    0.797  2.507  3.6655  1.446    3  0.000  0.518     0.00     0.00 -1 -8.49e-10      0.00 7.480e-01 2.514e-01 1.027e-04 3.192e-05 2.644e-04 -1.000 6.013e-04 -1.498 0.474 -0.060 -1.089 -1.672 -2.188 -2.917 -3.515 -3.592
0.00059013 -1.42000 10.07918 0.8115980625 2.4227139950    0.795  2.552  3.6626  1.388    3  0.000  0.518     0.00     0.00 -1 -1.01e-09      0.00 7.480e-01 2.514e-01 1.027e-04 3.193e-05 2.644e-04 -1.000 6.013e-04 -1.611 0.476 -0.119 -1.185 -1.779 -2.302 -3.042 -3.648 -3.725
0.00059013 -1.42000 10.07918 0.8116192818 2.4227211475    0.794  2.596  3.6598  1.334    3  0.000  0.518     0.00     0.00 -1 -1.19e-09      0.00 7.480e-01 2.514e-01 1.027e-04 3.193e-05 2.644e-04 -1.000 6.013e-04 -1.719 0.482 -0.173 -1.275 -1.882 -2.412 -3.162 -3.775 -3.852
0.00059013 -1.42000 10.07918 0.8116388321 2.4227278233    0.793  2.638  3.6569  1.278    3  0.000  0.518     0.00     0.00 -1 -1.39e-09      0.00 7.480e-01 2.514e-01 1.027e-04 3.193e-05 2.644e-04 -1.000 6.013e-04 -1.826 0.494 -0.222 -1.361 -1.981 -2.518 -3.280 -3.902 -3.979
0.00059013 -1.42000 10.07918 0.8116575480 2.4227342606    0.792  2.683  3.6540  1.222    3  0.000  0.518     0.00     0.00 -1 -1.65e-09      0.00 7.480e-01 2.514e-01 1.027e-04 3.193e-05 2.644e-04 -1.000 6.014e-04 -1.936 0.484 -0.281 -1.449 -2.081 -2.626 -3.400 -4.031 -4.110
0.00059013 -1.42000 10.07918 0.8116737604 2.4227397442    0.790  2.724  3.6512  1.169    3  0.000  0.518     0.00     0.00 -1 -1.93e-09      0.00 7.480e-01 2.514e-01 1.027e-04 3.193e-05 2.644e-04 -1.000 6.014e-04 -2.039 0.478 -0.335 -1.530 -2.174 -2.726 -3.512 -4.152 -4.232
0.00059013 -1.42000 10.07918 0.8116890192 2.4227447510    0.788  2.765  3.6483  1.115    3  0.000  0.518     0.00     0.00 -1 -2.26e-09      0.00 7.480e-01 2.514e-01 1.027e-04 3.193e-05 2.644e-04 -1.000 6.014e-04 -2.143 0.476 -0.388 -1.610 -2.266 -2.827 -3.625 -4.274 -4.356
0.00059013 -1.42000 10.07918 0.8117034435 2.4227497578    0.787  2.807  3.6454  1.060    3  0.000  0.518     0.00     0.00 -1 -2.65e-09      0.00 7.480e-01 2.514e-01 1.027e-04 3.194e-05 2.644e-04 -1.000 6.013e-04 -2.248 0.474 -0.441 -1.691 -2.359 -2.928 -3.739 -4.398 -4.481
0.00059013 -1.42000 10.07918 0.8117159009 2.4227540493    0.785  2.846  3.6426  1.010    3  0.000  0.518     0.00     0.00 -1 -3.08e-09      0.00 7.480e-01 2.514e-01 1.027e-04 3.194e-05 2.644e-04 -1.000 6.013e-04 -2.345 0.478 -0.486 -1.764 -2.443 -3.021 -3.844 -4.512 -4.597
0.00059013 -1.42000 10.07918 0.8117279410 2.4227581024    0.783  2.886  3.6398  0.957    3  0.000  0.518     0.00     0.00 -1 -3.59e-09      0.00 7.480e-01 2.514e-01 1.027e-04 3.194e-05 2.644e-04 -1.000 6.014e-04 -2.444 0.496 -0.526 -1.836 -2.530 -3.117 -3.953 -4.630 -4.717
0.00059013 -1.42000 10.07918 0.8117393255 2.4227619171    0.781  2.926  3.6369  0.904    3  0.000  0.518     0.00     0.00 -1 -4.19e-09      0.00 7.480e-01 2.514e-01 1.027e-04 3.194e-05 2.644e-04 -1.000 6.014e-04 -2.545 0.517 -0.564 -1.906 -2.615 -3.211 -4.061 -4.748 -4.837
0.00059013 -1.42000 10.07918 0.8117491007 2.4227652550    0.778  2.962  3.6343  0.856    3  0.000  0.518     0.00     0.00 -1 -4.83e-09      0.00 7.480e-01 2.514e-01 1.027e-04 3.194e-05 2.644e-04 -1.000 6.014e-04 -2.636 0.540 -0.596 -1.969 -2.692 -3.298 -4.160 -4.856 -4.947
0.00059013 -1.42000 10.07918 0.8117585182 2.4227683544    0.776  3.000  3.6314  0.805    3  0.000  0.518     0.00     0.00 -1 -5.59e-09      0.00 7.480e-01 2.514e-01 1.027e-04 3.194e-05 2.644e-04 -1.000 6.014e-04 -2.730 0.569 -0.627 -2.032 -2.771 -3.386 -4.263 -4.968 -5.061
0.00059013 -1.42000 10.07918 0.8117675781 2.4227714539    0.773  3.039  3.6286  0.754    3  0.000  0.518     0.00     0.00 -1 -6.49e-09      0.00 7.480e-01 2.514e-01 1.027e-04 3.194e-05 2.644e-04 -1.000 6.014e-04 -2.826 0.595 -0.660 -2.097 -2.851 -3.477 -4.367 -5.082 -5.177
0.00059013 -1.42000 10.07918 0.8117755651 2.4227740765    0.770  3.074  3.6259  0.706    3  0.000  0.518     0.00     0.00 -1 -7.45e-09      0.00 7.480e-01 2.514e-01 1.027e-04 3.194e-05 2.644e-04 -1.000 6.014e-04 -2.915 0.623 -0.688 -2.155 -2.924 -3.559 -4.462 -5.187 -5.284
0.00059013 -1.42000 10.07918 0.8117834926 2.4227766991    0.767  3.111  3.6232  0.656    3  0.000  0.518     0.00     0.00 -1 -8.62e-09      0.00 7.480e-01 2.514e-01 1.027e-04 3.194e-05 2.644e-04 -1.000 6.014e-04 -3.008 0.654 -0.717 -2.215 -3.000 -3.645 -4.562 -5.297 -5.396
0.00059013 -1.42000 10.07918 0.8117907643 2.4227793217    0.764  3.148  3.6204  0.607    3  0.000  0.518     0.00     0.00 -1 -9.94e-09      0.00 7.480e-01 2.514e-01 1.027e-04 3.194e-05 2.644e-04 -1.000 6.015e-04 -3.099 0.685 -0.743 -2.274 -3.073 -3.729 -4.660 -5.404 -5.506
0.00059013 -1.42000 10.07918 0.8117974997 2.4227814674    0.760  3.183  3.6179  0.559    3  0.000  0.518     0.00     0.00 -1 -1.14e-08      0.00 7.480e-01 2.514e-01 1.027e-04 3.194e-05 2.644e-04 -1.000 6.014e-04 -3.187 0.718 -0.767 -2.328 -3.144 -3.810 -4.754 -5.507 -5.612
0.00059013 -1.42000 10.07918 0.8118039370 2.4227836132    0.756  3.218  3.6152  0.511    3  0.000  0.518     0.00     0.00 -1 -1.31e-08      0.00 7.480e-01 2.514e-01 1.027e-04 3.195e-05 2.644e-04 -1.000 6.015e-04 -3.275 0.756 -0.788 -2.381 -3.213 -3.890 -4.849 -5.612 -5.719
0.00059013 -1.42000 10.07918 0.8118100166 2.4227857590    0.751  3.253  3.6125  0.463    3  0.000  0.518     0.00     0.00 -1 -1.51e-08      0.00 7.480e-01 2.514e-01 1.027e-04 3.195e-05 2.644e-04 -1.000 6.014e-04 -3.362 0.798 -0.803 -2.429 -3.280 -3.969 -4.942 -5.714 -5.824
0.00059013 -1.42000 10.07918 0.8118156791 2.4227876663    0.747  3.286  3.6101  0.418    3  0.000  0.518     0.00     0.00 -1 -1.72e-08      0.00 7.480e-01 2.514e-01 1.027e-04 3.195e-05 2.644e-04 -1.000 6.014e-04 -3.444 0.840 -0.813 -2.473 -3.342 -4.043 -5.031 -5.811 -5.923
0.00059013 -1.42000 10.07918 0.8118199706 2.4227890968    0.743  3.310  3.6083  0.384    3  0.000  0.518     0.00     0.00 -1  -1.9e-08      0.00 7.480e-01 2.514e-01 1.027e-04 3.195e-05 2.644e-04 -1.000 6.014e-04 -3.504 0.872 -0.820 -2.504 -3.387 -4.097 -5.094 -5.881 -5.995
0.00059013 -1.42000 10.07918 0.8118199706 2.4227890968    0.743  1.727  3.7622  2.582    4  0.000  0.523     0.00     0.00 -1    -1e-30      0.00 7.416e-01 2.577e-01 1.058e-04 3.183e-05 2.702e-04 -1.000 6.195e-04 0.452 0.999 1.068 0.568 0.215 -0.125 -0.565 -0.918 -0.961
0.00059013 -1.42000 10.07918 0.8118667006 2.4228048325    0.743  1.744  3.7602  2.558    4  0.000  0.523     0.00     0.00 -1    -1e-30      0.00 7.416e-01 2.577e-01 1.058e-04 3.183e-05 2.702e-04 -1.000 6.196e-04 0.411 0.968 1.037 0.530 0.173 -0.170 -0.615 -0.973 -1.017
0.00059013 -1.42000 10.07918 0.8119145036 2.4228210449    0.743  1.747  3.7602  2.555    4  0.000  0.523     0.00     0.00 -1    -1e-30      0.00 7.416e-01 2.577e-01 1.058e-04 3.183e-05 2.702e-04 -1.000 6.195e-04 0.403 0.961 1.029 0.522 0.166 -0.178 -0.623 -0.981 -1.025
0.00059013 -1.42000 10.07918 0.8119631410 2.4228374958    0.743  1.748  3.7606  2.555    4  0.000  0.523     0.00     0.00 -1    -1e-30      0.00 7.416e-01 2.577e-01 1.058e-04 3.183e-05 2.702e-04 -1.000 6.195e-04 0.401 0.957 1.025 0.519 0.163 -0.180 -0.624 -0.981 -1.025
0.00059013 -1.42000 10.07918 0.8120133877 2.4228544235    0.743  1.748  3.7613  2.558    4  0.000  0.523     0.00     0.00 -1    -1e-30      0.00 7.416e-01 2.577e-01 1.058e-04 3.183e-05 2.702e-04 -1.000 6.195e-04 0.400 0.952 1.020 0.517 0.162 -0.179 -0.622 -0.977 -1.021
0.00059013 -1.42000 10.07918 0.8120622635 2.4228711128    0.743  1.748  3.7622  2.562    4  0.000  0.523     0.00     0.00 -1    -1e-30      0.00 7.416e-01 2.577e-01 1.058e-04 3.183e-05 2.702e-04 -1.000 6.195e-04 0.400 0.948 1.015 0.515 0.163 -0.177 -0.617 -0.971 -1.013
0.00059013 -1.42000 10.07918 0.8121116161 2.4228878021    0.743  1.747  3.7634  2.567    4  0.000  0.523     0.00     0.00 -1    -1e-30      0.00 7.416e-01 2.577e-01 1.058e-04 3.183e-05 2.702e-04 -1.000 6.195e-04 0.402 0.943 1.010 0.514 0.164 -0.174 -0.610 -0.961 -1.003
0.00059013 -1.42000 10.07918 0.8121619225 2.4229047298    0.743  1.746  3.7649  2.574    4  0.000  0.523     0.00     0.00 -1    -1e-30      0.00 7.416e-01 2.577e-01 1.058e-04 3.183e-05 2.702e-04 -1.000 6.195e-04 0.404 0.938 1.004 0.514 0.166 -0.169 -0.602 -0.949 -0.990
0.00059013 -1.42000 10.07918 0.8122116327 2.4229214191    0.743  1.745  3.7665  2.582    4  0.000  0.523     0.00     0.00 -1    -1e-30      0.00 7.416e-01 2.577e-01 1.058e-04 3.183e-05 2.702e-04 -1.000 6.195e-04 0.407 0.932 0.998 0.513 0.169 -0.163 -0.592 -0.935 -0.976
0.00059013 -1.42000 10.07918 0.8122621179 2.4229385853    0.743  1.744  3.7681  2.589    4  0.000  0.523     0.00     0.00 -1    -1e-30      0.00 7.416e-01 2.577e-01 1.058e-04 3.183e-05 2.702e-04 -1.000 6.195e-04 0.410 0.927 0.992 0.513 0.172 -0.157 -0.581 -0.921 -0.961
0.00059013 -1.42000 10.07918 0.8123099208 2.4229547977    0.743  1.743  3.7696  2.596    4  0.000  0.523     0.00     0.00 -1    -1e-30      0.00 7.416e-01 2.577e-01 1.058e-04 3.183e-05 2.702e-04 -1.000 6.195e-04 0.412 0.921 0.987 0.513 0.175 -0.152 -0.572 -0.908 -0.947
0.00059013 -1.42000 10.07918 0.8123608232 2.4229719639    0.743  1.742  3.7711  2.603    4  0.000  0.523     0.00     0.00 -1    -1e-30      0.00 7.416e-01 2.577e-01 1.058e-04 3.183e-05 2.702e-04 -1.000 6.195e-04 0.415 0.916 0.981 0.512 0.177 -0.146 -0.563 -0.895 -0.934
0.00059013 -1.42000 10.07918 0.8124108911 2.4229888916    0.743  1.741  3.7725  2.610    4  0.000  0.523     0.00     0.00 -1    -1e-30      0.00 7.416e-01 2.577e-01 1.058e-04 3.183e-05 2.702e-04 -1.000 6.196e-04 0.416 0.911 0.976 0.511 0.180 -0.142 -0.554 -0.883 -0.921
0.00059013 -1.42000 10.07918 0.8124576807 2.4230046272    0.743  1.741  3.7735  2.614    4  0.000  0.523     0.00     0.00 -1    -1e-30      0.00 7.416e-01 2.577e-01 1.058e-04 3.183e-05 2.702e-04 -1.000 6.195e-04 0.418 0.906 0.971 0.511 0.181 -0.138 -0.548 -0.874 -0.912
0.00059013 -1.42000 10.07918 0.8125070930 2.4230213165    0.743  1.740  3.7745  2.619    4  0.000  0.523     0.00     0.00 -1    -1e-30      0.00 7.416e-01 2.577e-01 1.058e-04 3.183e-05 2.702e-04 -1.000 6.195e-04 0.419 0.902 0.967 0.510 0.182 -0.135 -0.543 -0.866 -0.904
0.00059013 -1.42000 10.07918 0.8125186563 2.4230251312    0.743  1.740  3.7747  2.620    4  0.000  0.523     0.00     0.00 -1    -1e-30      0.00 7.416e-01 2.577e-01 1.058e-04 3.183e-05 2.702e-04 -1.000 6.195e-04 0.419 0.901 0.966 0.510 0.182 -0.135 -0.541 -0.864 -0.902
0.00059013 -1.42000 10.07918 0.8125243783 2.4230270386    0.743  1.740  3.7748  2.620    4  0.000  0.523     0.00     0.00 -1    -1e-30      0.00 7.416e-01 2.577e-01 1.058e-04 3.183e-05 2.702e-04 -1.000 6.195e-04 0.419 0.901 0.966 0.510 0.182 -0.135 -0.541 -0.864 -0.901
0.00059013 -1.42000 10.07918 0.8125747442 2.4230439663    0.743  1.741  3.7752  2.621    4  0.000  0.523     0.00     0.00 -1    -1e-30      0.00 7.416e-01 2.577e-01 1.058e-04 3.183e-05 2.702e-04 -1.000 6.195e-04 0.419 0.899 0.963 0.508 0.182 -0.134 -0.539 -0.861 -0.898
0.00059013 -1.42000 10.07918 0.8126271367 2.4230618477    0.743  1.741  3.7753  2.621    4  0.000  0.523     0.00     0.00 -1    -1e-30      0.00 7.416e-01 2.577e-01 1.058e-04 3.183e-05 2.702e-04 -1.000 6.195e-04 0.417 0.897 0.962 0.507 0.181 -0.135 -0.540 -0.862 -0.899
0.00059013 -1.42000 10.07918 0.8126766086 2.4230785370    0.743  1.742  3.7749  2.619    4  0.000  0.523     0.00     0.00 -1    -1e-30      0.00 7.416e-01 2.577e-01 1.058e-04 3.183e-05 2.702e-04 -1.000 6.195e-04 0.415 0.897 0.961 0.506 0.179 -0.138 -0.544 -0.866 -0.904
0.00059013 -1.42000 10.07918 0.8127262592 2.4230952263    0.744  1.743  3.7743  2.615    4  0.000  0.523     0.00     0.00 -1    -1e-30      0.00 7.416e-01 2.577e-01 1.058e-04 3.183e-05 2.702e-04 -1.000 6.195e-04 0.412 0.897 0.962 0.504 0.175 -0.143 -0.550 -0.875 -0.912
0.00059013 -1.42000 10.07918 0.8127759695 2.4231119156    0.744  1.745  3.7732  2.609    4  0.000  0.523     0.00     0.00 -1    -1e-30      0.00 7.416e-01 2.577e-01 1.058e-04 3.183e-05 2.702e-04 -1.000 6.195e-04 0.408 0.899 0.963 0.501 0.171 -0.149 -0.560 -0.887 -0.925
0.00059013 -1.42000 10.07918 0.8128247857 2.4231283665    0.744  1.747  3.7717  2.601    4  0.000  0.523     0.00     0.00 -1    -1e-30      0.00 7.416e-01 2.577e-01 1.058e-04 3.183e-05 2.702e-04 -1.000 6.196e-04 0.402 0.901 0.966 0.499 0.165 -0.158 -0.572 -0.903 -0.942
0.00059013 -1.42000 10.07918 0.8128743768 2.4231450558    0.744  1.750  3.7701  2.592    4  0.000  0.523     0.00     0.00 -1    -1e-30      0.00 7.416e-01 2.577e-01 1.058e-04 3.183e-05 2.702e-04 -1.000 6.195e-04 0.396 0.903 0.968 0.495 0.159 -0.167 -0.586 -0.921 -0.960
0.00059013 -1.42000 10.07918 0.8128835559 2.4231481552    0.744  1.750  3.7697  2.590    4  0.000  0.523     0.00     0.00 -1    -1e-30      0.00 7.416e-01 2.577e-01 1.058e-04 3.183e-05 2.702e-04 -1.000 6.196e-04 0.395 0.904 0.968 0.495 0.157 -0.169 -0.589 -0.925 -0.964
0.00059013 -1.42000 10.07918 0.8128926158 2.4231512547    0.744  1.751  3.7694  2.588    4  0.000  0.523     0.00     0.00 -1    -1e-30      0.00 7.416e-01 2.577e-01 1.058e-04 3.183e-05 2.702e-04 -1.000 6.195e-04 0.393 0.904 0.969 0.494 0.156 -0.171 -0.592 -0.929 -0.968
0.00059013 -1.42000 10.07918 0.8129384518 2.4231667519    0.744  1.754  3.7676  2.578    4  0.000  0.523     0.00     0.00 -1    -1e-30      0.00 7.416e-01 2.577e-01 1.058e-04 3.183e-05 2.702e-04 -1.000 6.195e-04 0.385 0.906 0.970 0.489 0.148 -0.183 -0.608 -0.949 -0.990
0.00059013 -1.42000 10.07918 0.8129834533 2.4231820107    0.744  1.758  3.7656  2.566    4  0.000  0.523     0.00     0.00 -1    -1e-30      0.00 7.416e-01 2.577e-01 1.058e-04 3.183e-05 2.702e-04 -1.000 6.195e-04 0.376 0.907 0.972 0.484 0.138 -0.195 -0.626 -0.972 -1.013
0.00059013 -1.42000 10.07918 0.8130300045 2.4231975079    0.744  1.762  3.7634  2.553    4  0.000  0.523     0.00     0.00 -1    -1e-30      0.00 7.416e-01 2.577e-01 1.058e-04 3.183e-05 2.702e-04 -1.000 6.196e-04 0.365 0.908 0.973 0.477 0.127 -0.210 -0.647 -0.998 -1.040
0.00059013 -1.42000 10.07918 0.8130775094 2.4232134819    0.744  1.767  3.7613  2.540    4  0.000  0.523     0.00     0.00 -1    -1e-30      0.00 7.416e-01 2.577e-01 1.058e-04 3.183e-05 2.702e-04 -1.000 6.196e-04 0.353 0.907 0.972 0.470 0.115 -0.226 -0.668 -1.024 -1.067
0.00059013 -1.42000 10.07918 0.8131223321 2.4232287407    0.744  1.772  3.7593  2.527    4  0.000  0.523     0.00     0.00 -1    -1e-30      0.00 7.416e-01 2.577e-01 1.058e-04 3.183e-05 2.702e-04 -1.000 6.195e-04 0.341 0.905 0.971 0.461 0.103 -0.242 -0.690 -1.050 -1.094
0.00059013 -1.42000 10.07918 0.8131688237 2.4232442379    0.744  1.777  3.7573  2.513    4  0.000  0.523     0.00     0.00 -1    -1e-30      0.00 7.416e-01 2.577e-01 1.058e-04 3.183e-05 2.702e-04 -1.000 6.195e-04 0.326 0.904 0.968 0.451 0.089 -0.260 -0.713 -1.077 -1.123
0.00059013 -1.42000 10.07918 0.8132141829 2.4232597351    0.744  1.783  3.7556  2.501    4  0.000  0.523     0.00     0.00 -1    -1e-30      0.00 7.416e-01 2.577e-01 1.058e-04 3.183e-05 2.702e-04 -1.000 6.195e-04 0.313 0.901 0.965 0.441 0.075 -0.276 -0.734 -1.102 -1.149
0.00059013 -1.42000 10.07918 0.8132595420 2.4232749939    0.744  1.788  3.7541  2.490    4  0.000  0.523     0.00     0.00 -1    -1e-30      0.00 7.416e-01 2.577e-01 1.058e-04 3.183e-05 2.702e-04 -1.000 6.196e-04 0.300 0.898 0.960 0.431 0.063 -0.292 -0.753 -1.125 -1.172
0.00059013 -1.42000 10.07918 0.8133053184 2.4232902527    0.744  1.797  3.7519  2.473    4  0.000  0.523     0.00     0.00 -1    -1e-30      0.00 7.416e-01 2.577e-01 1.058e-04 3.183e-05 2.702e-04 -1.000 6.196e-04 0.279 0.890 0.951 0.414 0.041 -0.317 -0.784 -1.161 -1.209
0.00059013 -1.42000 10.07918 0.8133532405 2.4233064651    0.744  1.808  3.7493  2.451    4  0.000  0.523     0.00     0.00 -1    -1e-30      0.00 7.416e-01 2.577e-01 1.058e-04 3.183e-05 2.702e-04 -1.000 6.195e-04 0.251 0.880 0.938 0.391 0.013 -0.350 -0.823 -1.206 -1.256
0.00059013 -1.42000 10.07918 0.8134003282 2.4233222008    0.744  1.822  3.7464  2.426    4  0.000  0.523     0.00     0.00 -1    -1e-30      0.00 7.416e-01 2.577e-01 1.058e-04 3.183e-05 2.702e-04 -1.000 6.195e-04 0.216 0.866 0.920 0.363 -0.021 -0.389 -0.870 -1.259 -1.311
0.00059013 -1.42000 10.07918 0.8134459853 2.4233376980    0.744  1.853  3.7406  2.371    4  0.000  0.523     0.00     0.00 -1    -1e-30      0.00 7.416e-01 2.577e-01 1.058e-04 3.183e-05 2.702e-04 -1.000 6.195e-04 0.138 0.829 0.875 0.297 -0.099 -0.477 -0.973 -1.375 -1.430
0.00059013 -1.42000 10.07918 0.8134664893 2.4233446121    0.744  1.884  3.7353  2.319    4  0.000  0.523     0.00     0.00 -1    -1e-30      0.00 7.416e-01 2.577e-01 1.058e-04 3.183e-05 2.702e-04 -1.000 6.196e-04 0.059 0.799 0.829 0.229 -0.177 -0.564 -1.075 -1.488 -1.546
0.00059013 -1.42000 10.07918 0.8134773970 2.4233481884    0.744  1.918  3.7302  2.264    4  0.000  0.523     0.00     0.00 -1    -1e-30      0.00 7.416e-01 2.577e-01 1.058e-04 3.183e-05 2.702e-04 -1.000 6.195e-04 -0.025 0.762 0.776 0.156 -0.261 -0.657 -1.181 -1.606 -1.666
0.00059013 -1.42000 10.07918 0.8134827018 2.4233500957    0.744  1.951  3.7257  2.214    4  0.000  0.523     0.00     0.00 -1    -1e-30      0.00 7.416e-01 2.577e-01 1.058e-04 3.183e-05 2.702e-04 -1.000 6.195e-04 -0.106 0.728 0.725 0.085 -0.340 -0.744 -1.281 -1.716 -1.779
0.00059013 -1.42000 10.07918 0.8134857416 2.4233510494    0.744  1.986  3.7213  2.160    4  0.000  0.523     0.00     0.00 -1    -1e-30      0.00 7.416e-01 2.577e-01 1.058e-04 3.183e-05 2.702e-04 -1.000 6.196e-04 -0.196 0.686 0.665 0.006 -0.428 -0.840 -1.389 -1.835 -1.899
0.00059013 -1.42000 10.07918 0.8134873509 2.4233515263    0.744  2.020  3.7175  2.112    4  0.000  0.523     0.00     0.00 -1    -1e-30      0.00 7.416e-01 2.577e-01 1.058e-04 3.183e-05 2.702e-04 -1.000 6.196e-04 -0.280 0.646 0.608 -0.068 -0.510 -0.929 -1.488 -1.944 -2.010
0.00059013 -1.42000 10.07918 0.8134881258 2.4233517647    0.744  2.043  3.7150  2.078    4  0.000  0.523     0.00     0.00 -1 -3.55e-28      0.00 7.416e-01 2.575e-01 1.058e-04 3.183e-05 2.702e-04 -1.000 8.144e-04 -0.339 0.617 0.567 -0.120 -0.568 -0.990 -1.557 -2.018 -2.086
0.00059013 -1.42000 10.07918 0.8134881854 2.4233517647    0.744  2.045  3.7148  2.076    7  0.000  0.523     0.00     0.00 -1 -9.29e-10      0.00 7.416e-01 2.561e-01 1.058e-04 3.183e-05 2.702e-04 -1.000 2.220e-03 -0.342 0.615 0.565 -0.123 -0.571 -0.994 -1.562 -2.023 -2.091
0.00059013 -1.42000 10.07918 0.8134891391 2.4233522415    0.744  2.084  3.7112  2.023    7  0.000  0.523     0.00     0.00 -1 -1.19e-09      0.00 7.416e-01 2.561e-01 1.058e-04 3.183e-05 2.702e-04 -1.000 2.220e-03 -0.439 0.561 0.494 -0.210 -0.666 -1.095 -1.673 -2.143 -2.213
0.00059013 -1.42000 10.07918 0.8134900331 2.4233524799    0.744  2.121  3.7080  1.972    7  0.000  0.523     0.00     0.00 -1 -1.48e-09      0.00 7.416e-01 2.561e-01 1.058e-04 3.183e-05 2.702e-04 -1.000 2.220e-03 -0.533 0.512 0.426 -0.294 -0.757 -1.193 -1.780 -2.259 -2.329
0.00059013 -1.42000 10.07918 0.8134908676 2.4233527184    0.744  2.150  3.7055  1.934    7  0.000  0.523     0.00     0.00 -1 -1.76e-09      0.00 7.416e-01 2.561e-01 1.058e-04 3.183e-05 2.702e-04 -1.000 2.220e-03 -0.605 0.477 0.374 -0.358 -0.827 -1.267 -1.863 -2.348 -2.419
0.00059013 -1.42000 10.07918 0.8134917617 2.4233529568    0.744  2.170  3.7038  1.907    7  0.000  0.523     0.00     0.00 -1 -1.99e-09      0.00 7.416e-01 2.561e-01 1.058e-04 3.183e-05 2.702e-04 -1.000 2.220e-03 -0.656 0.451 0.338 -0.403 -0.876 -1.320 -1.920 -2.410 -2.482
0.00059013 -1.42000 10.07918 0.8134931326 2.4233534336    0.744  2.175  3.7034  1.900    7  0.000  0.523     0.00     0.00 -1 -2.05e-09      0.00 7.416e-01 2.561e-01 1.058e-04 3.183e-05 2.702e-04 -1.000 2.220e-03 -0.668 0.445 0.329 -0.415 -0.889 -1.333 -1.935 -2.425 -2.498
0.00059013 -1.42000 10.07918 0.8134955764 2.4233543873    0.744  2.159  3.7049  1.922    7  0.000  0.523     0.00     0.00 -1 -1.86e-09      0.00 7.416e-01 2.561e-01 1.058e-04 3.183e-05 2.702e-04 -1.000 2.220e-03 -0.627 0.464 0.357 -0.379 -0.849 -1.290 -1.888 -2.375 -2.447
0.00059013 -1.42000 10.07918 0.8134995699 2.4233558178    0.743  2.147  3.7059  1.938    7  0.000  0.523     0.00     0.00 -1 -1.73e-09      0.00 7.416e-01 2.561e-01 1.058e-04 3.183e-05 2.702e-04 -1.000 2.219e-03 -0.597 0.480 0.380 -0.351 -0.819 -1.258 -1.853 -2.337 -2.408
0.00059013 -1.42000 10.07918 0.8135243058 2.4233639240    0.741  2.158  3.7048  1.921    7  0.000  0.523     0.00     0.00 -1 -1.87e-09      0.00 7.416e-01 2.561e-01 1.058e-04 3.183e-05 2.702e-04 -1.000 2.220e-03 -0.625 0.467 0.360 -0.376 -0.847 -1.288 -1.886 -2.372 -2.444
0.00059013 -1.42000 10.07918 0.8135421872 2.4233701229    0.740  2.182  3.7027  1.888    7  0.000  0.523     0.00     0.00 -1 -2.18e-09      0.00 7.416e-01 2.561e-01 1.058e-04 3.183e-05 2.702e-04 -1.000 2.220e-03 -0.685 0.439 0.318 -0.429 -0.905 -1.350 -1.955 -2.447 -2.520
0.00059013 -1.42000 10.07918 0.8135610223 2.4233763218    0.737  2.228  3.6988  1.825    7  0.000  0.523     0.00     0.00 -1 -2.88e-09      0.00 7.416e-01 2.561e-01 1.058e-04 3.183e-05 2.702e-04 -1.000 2.220e-03 -0.800 0.384 0.236 -0.531 -1.016 -1.469 -2.085 -2.589 -2.663
0.00059013 -1.42000 10.07918 0.8135793805 2.4233825207    0.734  2.272  3.6952  1.764    7  0.000  0.523     0.00     0.00 -1 -3.79e-09      0.00 7.416e-01 2.561e-01 1.058e-04 3.183e-05 2.702e-04 -1.000 2.219e-03 -0.911 0.332 0.158 -0.629 -1.123 -1.583 -2.211 -2.724 -2.800
0.00059013 -1.42000 10.07918 0.8135955334 2.4233880043    0.731  2.315  3.6919  1.707    7  0.000  0.523     0.00     0.00 -1 -4.94e-09      0.00 7.416e-01 2.561e-01 1.058e-04 3.183e-05 2.702e-04 -1.000 2.219e-03 -1.016 0.283 0.083 -0.722 -1.224 -1.690 -2.329 -2.852 -2.929
0.00059013 -1.42000 10.07918 0.8136097789 2.4233927727    0.727  2.356  3.6887  1.650    7  0.000  0.523     0.00     0.00 -1 -6.39e-09      0.00 7.416e-01 2.561e-01 1.058e-04 3.183e-05 2.702e-04 -1.000 2.213e-03 -1.120 0.235 0.010 -0.813 -1.323 -1.796 -2.446 -2.979 -3.057
0.00059013 -1.42000 10.07918 0.8136222363 2.4233970642    0.723  2.397  3.6855  1.594    7  0.000  0.523     0.00     0.00 -1 -8.21e-09      0.00 7.416e-01 2.562e-01 1.058e-04 3.183e-05 2.702e-04 -1.000 2.169e-03 -1.222 0.209 -0.056 -0.904 -1.423 -1.901 -2.562 -3.104 -3.182
0.00059013 -1.42000 10.07918 0.8136332035 2.4234006405    0.718  2.437  3.6824  1.538    7  0.000  0.523     0.00     0.00 -1 -1.05e-08      0.00 7.416e-01 2.562e-01 1.057e-04 3.184e-05 2.702e-04 -1.000 2.115e-03 -1.323 0.221 -0.108 -0.996 -1.526 -2.009 -2.679 -3.229 -3.304
0.00059013 -1.42000 10.07918 0.8136429787 2.4234039783    0.712  2.478  3.6793  1.482    7  0.000  0.522     0.00     0.00 -1 -1.35e-08      0.00 7.416e-01 2.563e-01 1.055e-04 3.192e-05 2.702e-04 -1.000 2.088e-03 -1.424 0.162 -0.180 -1.080 -1.618 -2.108 -2.790 -3.350 -3.427
0.00059013 -1.42000 10.07918 0.8136519194 2.4234070778    0.706  2.518  3.6762  1.425    7  0.000  0.519     0.00     0.00 -1 -1.74e-08      0.00 7.416e-01 2.563e-01 1.050e-04 3.228e-05 2.702e-04 -1.000 2.025e-03 -1.525 0.159 -0.235 -1.167 -1.716 -2.212 -2.904 -3.472 -3.549
0.00059013 -1.42000 10.07918 0.8136600256 2.4234097004    0.698  2.558  3.6721  1.364    7  0.000  0.512     0.00     0.00 -1 -2.27e-08      0.00 7.416e-01 2.564e-01 1.038e-04 3.341e-05 2.702e-04 -1.000 1.988e-03 -1.626 0.192 -0.272 -1.249 -1.812 -2.317 -3.023 -3.601 -3.678
0.00059013 -1.42000 10.07918 0.8136658072 2.4234116077    0.691  2.589  3.6685  1.315    7  0.000  0.505     0.00     0.00 -1 -2.78e-08      0.00 7.416e-01 2.564e-01 1.024e-04 3.488e-05 2.702e-04 -1.000 1.951e-03 -1.702 0.240 -0.289 -1.306 -1.884 -2.396 -3.114 -3.702 -3.778
0.00059013 -1.42000 10.07918 0.8136729002 2.4234139919    0.680  2.629  3.6613  1.238    7  0.000  0.494     0.00     0.00 -1 -3.71e-08      0.00 7.416e-01 2.565e-01 1.002e-04 3.749e-05 2.702e-04 -1.000 1.896e-03 -1.804 0.404 -0.261 -1.365 -1.972 -2.500 -3.245 -3.852 -3.929
0.00059013 -1.42000 10.07918 0.8136796355 2.4234163761    0.666  2.670  3.6579  1.175    7  0.000  0.484     0.00     0.00 -1 -4.92e-08      0.00 7.416e-01 2.565e-01 9.809e-05 4.007e-05 2.702e-04 -1.000 1.896e-03 -1.906 0.456 -0.290 -1.442 -2.066 -2.603 -3.361 -3.978 -4.054
0.00059013 -1.42000 10.07918 0.8136861324 2.4234185219    0.648  2.711  3.6548  1.109    7  0.000  0.474     0.00     0.00 -1 -6.65e-08      0.00 7.415e-01 2.566e-01 9.622e-05 4.235e-05 2.701e-04 -1.000 1.871e-03 -2.008 0.465 -0.337 -1.521 -2.157 -2.704 -3.475 -4.101 -4.179
0.00059013 -1.42000 10.07918 0.8136925101 2.4234206676    0.623  2.753  3.6521  1.041    7  0.000  0.466     0.00     0.00 -1 -9.29e-08      0.00 7.414e-01 2.567e-01 9.460e-05 4.434e-05 2.701e-04 -1.000 1.854e-03 -2.112 0.466 -0.389 -1.602 -2.251 -2.805 -3.588 -4.222 -4.301
0.00059013 -1.42000 10.07918 0.8136982918 2.4234225750    0.592  2.793  3.6509  0.973    7  0.000  0.459     0.00     0.00 -1 -1.34e-07      0.00 7.414e-01 2.568e-01 9.327e-05 4.599e-05 2.701e-04 -1.000 1.817e-03 -2.212 0.443 -0.453 -1.690 -2.348 -2.907 -3.695 -4.331 -4.411
0.00059013 -1.42000 10.07918 0.8137035966 2.4234242439    0.550  2.833  3.6555  0.919    7  0.000  0.453     0.00     0.00 -1 -2.01e-07      0.00 7.413e-01 2.569e-01 9.206e-05 4.746e-05 2.701e-04 -1.000 1.796e-03 -2.313 0.283 -0.594 -1.817 -2.466 -3.017 -3.786 -4.405 -4.482
0.00059013 -1.42000 10.07918 0.8137060404 2.4234251976    0.512  2.853  3.6647  0.905    7  0.000  0.449     0.00     0.00 -1 -2.47e-07      0.00 7.412e-01 2.570e-01 9.123e-05 4.849e-05 2.700e-04 -1.000 1.799e-03 -2.362 -0.082 -0.806 -1.929 -2.542 -3.072 -3.805 -4.396 -4.471
0.00059013 -1.42000 10.07918 1.1244581938 2.4956896305    0.552 -4.565  3.5677  7.968    9  0.552  0.000     0.00     0.00 -1    -1e-30      0.00 7.287e-01 2.708e-01 8.073e-05 7.055e-05 2.706e-04 -1.000 5.071e-04 16.182 20.357 18.954 17.402 16.340 15.436 14.468 13.973 13.830
#isochrone terminated
