# File generated by CMD 3.3 (http://stev.oapd.inaf.it/cmd) on Sun Jun  7 12:22:35 CEST 2020
# isochrones based on PARSEC release v1.2S +  COLIBRI S_35
# Basic references: Bressan et al. (2012), MNRAS, 427, 127 + Chen et al. (2014, 2015), MNRAS, 444, 2525 + MNRAS, 452, 1068 + Tang et al. (2014), MNRAS, 445, 4287 + Marigo et al. (2017), ApJ, 835, 77 + Pastorelli al. (2019), MNRAS in press
# Thermal pulse cycles included 
# On RGB, assumed Reimers mass loss with efficiency eta=0.2
# Photometric system: <i>UBVRIJHK</i> (cf. Maiz-Apellaniz 2006 + Bessell 1990)
# Using YBC version of bolometric corrections as in Chen et al. (2019)
# O-rich circumstellar dpmod60alox40 dust from Groenewegen (2006)
# C-rich circumstellar AMCSIC15 dust from Groenewegen (2006)
# IMF: Kroupa (2001, 2002) + Kroupa et al. (2013) canonical two-part-power law IMF corrected for unresolved binaries 
# Kind of output: isochrone tables
# Zini     MH   logAge Mini        int_IMF         Mass   logL    logTe  logg  label   McoreTP C_O  period0 period1 pmode  Mloss  tau1m   X   Y   Xc  Xn  Xo  Cexcess  Z 	 mbolmag  Umag    Bmag    Vmag    Rmag    Imag    Jmag    Hmag    Kmag
0.00059013 -1.42000 10.11394 0.0900000036 1.0816895962    0.090 -3.189  3.4706  5.416    1  0.000  0.545     0.00     0.00 -1 -5.32e-17      0.00 7.475e-01 2.519e-01 1.114e-04 3.006e-05 2.726e-04 -1.000 6.196e-04 12.742 20.303 17.542 15.541 13.790 12.099 10.745 10.419 10.310
0.00059013 -1.42000 10.11394 0.0976453200 1.1511304379    0.098 -2.972  3.5015  5.358    1  0.000  0.545     0.00     0.00 -1 -8.99e-17      0.00 7.461e-01 2.533e-01 1.114e-04 3.006e-05 2.726e-04 -1.000 6.195e-04 12.201 18.363 16.198 14.284 12.888 11.530 10.309 9.868 9.730
0.00059013 -1.42000 10.11394 0.1000000089 1.1711064577    0.100 -2.909  3.5105  5.341    1  0.000  0.545     0.00     0.00 -1 -1.05e-16      0.00 7.456e-01 2.538e-01 1.114e-04 3.006e-05 2.726e-04 -1.000 6.195e-04 12.043 17.837 15.827 13.956 12.636 11.366 10.181 9.715 9.569
0.00059013 -1.42000 10.11394 0.1199999973 1.3193154335    0.120 -2.624  3.5420  5.261    1  0.000  0.545     0.00     0.00 -1 -2.02e-16      0.00 7.429e-01 2.565e-01 1.114e-04 3.006e-05 2.726e-04 -1.000 6.196e-04 11.330 15.991 14.439 12.775 11.644 10.638 9.570 9.043 8.873
0.00059013 -1.42000 10.11394 0.1304917037 1.3847781420    0.130 -2.525  3.5504  5.232    1  0.000  0.545     0.00     0.00 -1 -2.52e-16      0.00 7.418e-01 2.576e-01 1.114e-04 3.006e-05 2.726e-04 -1.000 6.196e-04 11.083 15.479 14.028 12.426 11.334 10.387 9.349 8.811 8.635
0.00059013 -1.42000 10.11394 0.1400000006 1.4384527206    0.140 -2.442  3.5575  5.208    1  0.000  0.545     0.00     0.00 -1 -3.02e-16      0.00 7.409e-01 2.585e-01 1.114e-04 3.006e-05 2.726e-04 -1.000 6.196e-04 10.875 15.061 13.691 12.139 11.078 10.177 9.164 8.618 8.438
0.00059013 -1.42000 10.11394 0.1599999964 1.5372931957    0.160 -2.300  3.5678  5.165    1  0.000  0.545     0.00     0.00 -1 -3.75e-16      0.00 7.395e-01 2.599e-01 1.114e-04 3.006e-05 2.726e-04 -1.000 6.195e-04 10.519 14.412 13.155 11.677 10.659 9.819 8.840 8.285 8.098
0.00059013 -1.42000 10.11394 0.2000000179 1.6938792467    0.200 -2.077  3.5812  5.093    1  0.000  0.545     0.00     0.00 -1 -3.25e-16      0.00 7.382e-01 2.612e-01 1.114e-04 3.006e-05 2.726e-04 -1.000 6.196e-04 9.964 13.509 12.382 10.997 10.036 9.261 8.326 7.761 7.568
0.00059013 -1.42000 10.11394 0.2500000298 1.8403259516    0.250 -1.874  3.5923  5.031    1  0.000  0.545     0.00     0.00 -1 -2.71e-16      0.00 7.382e-01 2.612e-01 1.114e-04 3.006e-05 2.726e-04 -1.000 6.195e-04 9.454 12.727 11.705 10.393 9.481 8.749 7.849 7.279 7.084
0.00059013 -1.42000 10.11394 0.3000000417 1.9529141188    0.300 -1.719  3.6009  4.989    1  0.000  0.545     0.00     0.00 -1 -6.46e-17      0.00 7.384e-01 2.610e-01 1.114e-04 3.006e-05 2.726e-04 -1.000 6.196e-04 9.067 12.152 11.198 9.938 9.062 8.360 7.486 6.913 6.721
0.00059013 -1.42000 10.11394 0.3068969548 1.9665232897    0.307 -1.700  3.6019  4.985    1  0.000  0.545     0.00     0.00 -1 -1.71e-16      0.00 7.388e-01 2.606e-01 1.114e-04 3.006e-05 2.726e-04 -1.000 6.206e-04 9.021 12.083 11.137 9.884 9.012 8.313 7.442 6.870 6.678
0.00059013 -1.42000 10.11394 0.3500000238 2.0434176922    0.350 -1.593  3.6082  4.960    1  0.000  0.545     0.00     0.00 -1  -1.8e-15      0.00 7.407e-01 2.587e-01 1.114e-04 3.006e-05 2.726e-04 -1.000 6.196e-04 8.753 11.686 10.786 9.569 8.723 8.043 7.191 6.617 6.431
0.00059013 -1.42000 10.11394 0.4000000358 2.1185026169    0.400 -1.447  3.6196  4.917    1  0.000  0.545     0.00     0.00 -1 -2.47e-15      0.00 7.500e-01 2.494e-01 1.114e-04 3.006e-05 2.726e-04 -1.000 6.196e-04 8.387 11.096 10.274 9.122 8.322 7.674 6.854 6.279 6.106
0.00059013 -1.42000 10.11394 0.4337154329 2.1625640392    0.433 -1.325  3.6325  4.882    1  0.000  0.545     0.00     0.00 -1 -3.27e-15      0.00 7.500e-01 2.494e-01 1.114e-04 3.006e-05 2.726e-04 -1.000 6.196e-04 8.083 10.551 9.813 8.730 7.981 7.370 6.585 6.010 5.854
0.00059013 -1.42000 10.11394 0.4500000179 2.1822810173    0.450 -1.270  3.6384  4.866    1  0.000  0.545     0.00     0.00 -1 -3.71e-15      0.00 7.500e-01 2.493e-01 1.114e-04 3.006e-05 2.726e-04 -1.000 6.195e-04 7.944 10.304 9.605 8.552 7.827 7.232 6.462 5.889 5.741
0.00059013 -1.42000 10.11394 0.4628734589 2.1972227097    0.463 -1.216  3.6457  4.854    1  0.000  0.545     0.00     0.00 -1  -4.2e-15      0.00 7.500e-01 2.493e-01 1.114e-04 3.006e-05 2.726e-04 -1.000 6.195e-04 7.810 10.038 9.388 8.372 7.673 7.098 6.347 5.780 5.641
0.00059013 -1.42000 10.11394 0.5000000000 2.2374541759    0.500 -1.069  3.6656  4.820    1  0.000  0.545     0.00     0.00 -1  -5.9e-15      0.00 7.500e-01 2.493e-01 1.114e-04 3.006e-05 2.726e-04 -1.000 6.195e-04 7.442 9.304 8.804 7.884 7.258 6.733 6.038 5.498 5.380
0.00059013 -1.42000 10.11394 0.5500000715 2.2836585045    0.550 -0.848  3.6924  4.747    1  0.000  0.544     0.00     0.00 -1 -1.02e-14      0.00 7.873e-01 2.122e-01 9.592e-05 2.590e-05 2.350e-04 -1.000 5.283e-04 6.889 8.268 8.002 7.193 6.658 6.190 5.577 5.095 4.997
0.00059013 -1.42000 10.11394 0.6000000238 2.3211214542    0.600 -0.633  3.7213  4.686    1  0.000  0.544     0.00     0.00 -1  -1.7e-14      0.00 7.985e-01 2.010e-01 9.160e-05 2.474e-05 2.247e-04 -1.000 5.184e-04 6.352 7.302 7.260 6.557 6.097 5.679 5.151 4.735 4.655
0.00059013 -1.42000 10.11394 0.6082370877 2.3266174793    0.608 -0.596  3.7266  4.676    1  0.000  0.543     0.00     0.00 -1 -1.84e-14      0.00 8.006e-01 1.989e-01 9.079e-05 2.453e-05 2.227e-04 -1.000 5.159e-04 6.259 7.143 7.135 6.452 6.003 5.594 5.081 4.675 4.598
0.00059013 -1.42000 10.11394 0.6191735864 2.3336553574    0.619 -0.546  3.7335  4.662    1  0.000  0.543     0.00     0.00 -1 -9.79e-15      0.00 8.035e-01 1.960e-01 8.966e-05 2.423e-05 2.200e-04 -1.000 4.956e-04 6.136 6.938 6.971 6.313 5.879 5.480 4.986 4.594 4.522
0.00059013 -1.42000 10.11394 0.6293442845 2.3399486542    0.629 -0.500  3.7398  4.648    1  0.000  0.543     0.00     0.00 -1 -7.35e-21      0.00 8.063e-01 1.932e-01 8.857e-05 2.394e-05 2.174e-04 -1.000 4.956e-04 6.020 6.752 6.820 6.185 5.764 5.375 4.896 4.517 4.448
0.00059013 -1.42000 10.11394 0.6388032436 2.3455951214    0.638 -0.457  3.7456  4.634    1  0.000  0.543     0.00     0.00 -1 -7.65e-18      0.00 8.090e-01 1.906e-01 8.751e-05 2.366e-05 2.149e-04 -1.000 4.929e-04 5.911 6.586 6.682 6.067 5.658 5.278 4.814 4.444 4.379
0.00059013 -1.42000 10.11394 0.6480250955 2.3509180546    0.648 -0.414  3.7512  4.620    1  0.000  0.543     0.00     0.00 -1 -7.06e-15      0.00 8.117e-01 1.878e-01 8.646e-05 2.338e-05 2.124e-04 -1.000 4.744e-04 5.805 6.424 6.547 5.951 5.554 5.184 4.732 4.370 4.310
0.00059013 -1.42000 10.11394 0.6499999762 2.3520355225    0.650 -0.405  3.7523  4.617    1  0.000  0.543     0.00     0.00 -1 -3.01e-14      0.00 8.123e-01 1.872e-01 8.623e-05 2.332e-05 2.119e-04 -1.000 4.944e-04 5.781 6.390 6.518 5.926 5.532 5.163 4.714 4.355 4.295
0.00059013 -1.42000 10.11394 0.6577535272 2.3563477993    0.657 -0.368  3.7566  4.602    1  0.000  0.542     0.00     0.00 -1 -3.31e-14      0.00 8.151e-01 1.844e-01 8.513e-05 2.302e-05 2.093e-04 -1.000 4.925e-04 5.690 6.259 6.405 5.830 5.444 5.083 4.644 4.290 4.234
0.00059013 -1.42000 10.11394 0.6686195135 2.3621978760    0.668 -0.316  3.7624  4.580    1  0.000  0.542     0.00     0.00 -1 -2.35e-14      0.00 8.194e-01 1.802e-01 8.353e-05 2.260e-05 2.054e-04 -1.000 4.742e-04 5.559 6.076 6.246 5.693 5.319 4.967 4.541 4.196 4.145
0.00059013 -1.42000 10.11394 0.6789796352 2.3675758839    0.679 -0.264  3.7678  4.557    1  0.000  0.542     0.00     0.00 -1 -1.03e-15      0.00 8.237e-01 1.759e-01 8.191e-05 2.217e-05 2.016e-04 -1.000 4.391e-04 5.431 5.906 6.093 5.560 5.197 4.854 4.439 4.102 4.055
0.00059013 -1.42000 10.11394 0.6886316538 2.3724188805    0.688 -0.215  3.7728  4.534    1  0.000  0.541     0.00     0.00 -1 -1.08e-17      0.00 8.279e-01 1.717e-01 8.032e-05 2.174e-05 1.977e-04 -1.000 4.238e-04 5.308 5.747 5.948 5.433 5.080 4.745 4.341 4.010 3.967
0.00059013 -1.42000 10.11394 0.6976031065 2.3767826557    0.697 -0.168  3.7773  4.510    1  0.000  0.541     0.00     0.00 -1 -9.63e-15      0.00 8.320e-01 1.676e-01 7.876e-05 2.133e-05 1.941e-04 -1.000 3.996e-04 5.189 5.597 5.810 5.312 4.967 4.639 4.245 3.921 3.882
0.00059013 -1.42000 10.11394 0.6999999881 2.3779268265    0.700 -0.154  3.7784  4.503    1  0.000  0.541     0.00     0.00 -1 -5.87e-14      0.00 8.331e-01 1.665e-01 7.833e-05 2.122e-05 1.930e-04 -1.000 3.957e-04 5.156 5.555 5.772 5.278 4.936 4.610 4.218 3.896 3.857
0.00059013 -1.42000 10.11394 0.7080430388 2.3817009926    0.708 -0.109  3.7822  4.478    1  0.000  0.539     0.00     0.00 -1 -6.67e-14      0.00 8.377e-01 1.619e-01 7.645e-05 2.076e-05 1.889e-04 -1.000 3.956e-04 5.043 5.420 5.642 5.162 4.828 4.508 4.124 3.807 3.772
0.00059013 -1.42000 10.11394 0.7167781591 2.3856897354    0.716 -0.057  3.7862  4.447    1  0.000  0.537     0.00     0.00 -1 -7.74e-14      0.00 8.426e-01 1.569e-01 7.443e-05 2.026e-05 1.846e-04 -1.000 4.456e-04 4.913 5.270 5.496 5.029 4.703 4.390 4.014 3.703 3.670
0.00059013 -1.42000 10.11394 0.7250198722 2.3893520832    0.725 -0.005  3.7898  4.415    1  0.000  0.536     0.00     0.00 -1 -5.19e-15      0.00 8.472e-01 1.523e-01 7.255e-05 1.980e-05 1.805e-04 -1.000 4.331e-04 4.783 5.123 5.351 4.897 4.577 4.271 3.902 3.597 3.567
0.00059013 -1.42000 10.11394 0.7327324748 2.3926935196    0.732  0.047  3.7930  4.380    1  0.000  0.534     0.00     0.00 -1 -2.01e-19      0.00 8.515e-01 1.481e-01 7.087e-05 1.939e-05 1.768e-04 -1.000 3.957e-04 4.653 4.980 5.208 4.765 4.452 4.151 3.789 3.490 3.461
0.00059013 -1.42000 10.11394 0.7399953008 2.3957669735    0.739  0.099  3.7958  4.344    1  0.000  0.533     0.00     0.00 -1 -6.04e-17      0.00 8.552e-01 1.444e-01 6.937e-05 1.902e-05 1.736e-04 -1.000 4.083e-04 4.523 4.840 5.066 4.633 4.325 4.029 3.673 3.379 3.352
0.00059013 -1.42000 10.11394 0.7467287183 2.3985552788    0.746  0.150  3.7981  4.305    1  0.000  0.531     0.00     0.00 -1 -1.19e-14      0.00 8.584e-01 1.412e-01 6.811e-05 1.871e-05 1.709e-04 -1.000 3.882e-04 4.394 4.702 4.926 4.502 4.199 3.906 3.556 3.265 3.240
0.00059013 -1.42000 10.11394 0.7500000000 2.3998889923    0.749  0.177  3.7991  4.284    1  0.000  0.530     0.00     0.00 -1 -1.56e-13      0.00 8.599e-01 1.397e-01 6.753e-05 1.857e-05 1.697e-04 -1.000 3.823e-04 4.328 4.633 4.855 4.434 4.133 3.842 3.494 3.205 3.181
0.00059013 -1.42000 10.11394 0.7545232773 2.4017114639    0.754  0.214  3.8004  4.254    1  0.000  0.530     0.00     0.00 -1 -1.76e-13      0.00 8.611e-01 1.386e-01 6.722e-05 1.850e-05 1.691e-04 -1.000 3.791e-04 4.234 4.535 4.755 4.339 4.041 3.752 3.407 3.121 3.097
0.00059013 -1.42000 10.11394 0.7605533004 2.4041020870    0.760  0.268  3.8017  4.209    1  0.000  0.530     0.00     0.00 -1 -2.08e-13      0.00 8.607e-01 1.389e-01 6.750e-05 1.858e-05 1.698e-04 -1.000 3.926e-04 4.099 4.399 4.613 4.202 3.907 3.621 3.278 2.995 2.972
0.00059013 -1.42000 10.11394 0.7623814344 2.4048182964    0.761  0.286  3.8019  4.193    1  0.000  0.530     0.00     0.00 -1 -2.22e-13      0.00 8.605e-01 1.391e-01 6.761e-05 1.861e-05 1.701e-04 -1.000 3.970e-04 4.056 4.355 4.568 4.158 3.863 3.578 3.236 2.953 2.930
0.00059013 -1.42000 10.11394 0.7638157606 2.4053773880    0.763  0.301  3.8018  4.179    1  0.000  0.530     0.00     0.00 -1 -2.33e-13      0.00 8.604e-01 1.392e-01 6.770e-05 1.863e-05 1.703e-04 -1.000 4.000e-04 4.019 4.319 4.530 4.121 3.826 3.541 3.198 2.916 2.893
0.00059013 -1.42000 10.11394 0.7693846822 2.4075257778    0.768  0.361  3.8006  4.117    1  0.000  0.530     0.00     0.00 -1 -9.04e-14      0.00 8.598e-01 1.398e-01 6.806e-05 1.873e-05 1.713e-04 -1.000 4.142e-04 3.867 4.174 4.380 3.968 3.673 3.386 3.041 2.756 2.732
0.00059013 -1.42000 10.11394 0.7736114860 2.4091327190    0.772  0.413  3.7979  4.056    1  0.000  0.530     0.00     0.00 -1 -5.58e-15      0.00 8.594e-01 1.402e-01 6.835e-05 1.882e-05 1.720e-04 -1.000 4.299e-04 3.737 4.056 4.257 3.839 3.539 3.248 2.897 2.607 2.582
0.00059013 -1.42000 10.11394 0.7743313909 2.4094042778    0.773  0.423  3.7972  4.044    1  0.000  0.530     0.00     0.00 -1 -2.79e-15      0.00 8.593e-01 1.402e-01 6.841e-05 1.883e-05 1.722e-04 -1.000 4.332e-04 3.712 4.035 4.235 3.815 3.514 3.222 2.869 2.578 2.553
0.00059013 -1.42000 10.11394 0.7756799459 2.4099116325    0.774  0.443  3.7952  4.017    2  0.000  0.530     0.00     0.00 -1 -3.87e-15      0.00 8.590e-01 1.406e-01 6.866e-05 1.890e-05 1.728e-04 -1.000 4.303e-04 3.662 3.993 4.192 3.766 3.462 3.167 2.809 2.515 2.489
0.00059013 -1.42000 10.11394 0.7783370614 2.4109053612    0.777  0.487  3.7894  3.951    2  0.000  0.530     0.00     0.00 -1 -7.53e-15      0.00 8.580e-01 1.416e-01 6.935e-05 1.909e-05 1.745e-04 -1.000 4.339e-04 3.553 3.908 4.102 3.661 3.346 3.042 2.671 2.366 2.337
0.00059013 -1.42000 10.11394 0.7802733779 2.4116246700    0.779  0.524  3.7822  3.886    2  0.000  0.530     0.00     0.00 -1 -1.27e-14      0.00 8.540e-01 1.456e-01 7.152e-05 1.968e-05 1.799e-04 -1.000 4.283e-04 3.459 3.849 4.036 3.573 3.245 2.929 2.542 2.225 2.191
0.00059013 -1.42000 10.11394 0.7817487717 2.4121699333    0.780  0.557  3.7744  3.823    2  0.000  0.531     0.00     0.00 -1 -1.93e-14      0.00 8.341e-01 1.655e-01 7.989e-05 2.196e-05 2.005e-04 -1.000 4.471e-04 3.378 3.811 3.987 3.498 3.156 2.828 2.423 2.092 2.053
0.00059013 -1.42000 10.11394 0.7829431295 2.4126095772    0.781  0.586  3.7661  3.761    2  0.000  0.533     0.00     0.00 -1 -2.75e-14      0.00 8.087e-01 1.908e-01 8.912e-05 2.445e-05 2.228e-04 -1.000 5.081e-04 3.305 3.789 3.950 3.434 3.077 2.735 2.311 1.964 1.921
0.00059013 -1.42000 10.11394 0.7839867473 2.4129924774    0.782  0.618  3.7574  3.696    2  0.000  0.535     0.00     0.00 -1  -2.1e-18      0.00 7.897e-01 2.098e-01 9.564e-05 2.619e-05 2.384e-04 -1.000 5.451e-04 3.226 3.768 3.912 3.366 2.992 2.637 2.192 1.830 1.781
0.00059013 -1.42000 10.11394 0.7848021984 2.4132909775    0.783  0.652  3.7506  3.635    2  0.000  0.536     0.00     0.00 -1 -4.49e-18      0.00 7.798e-01 2.197e-01 9.904e-05 2.710e-05 2.465e-04 -1.000 5.408e-04 3.141 3.733 3.860 3.291 2.905 2.538 2.077 1.703 1.648
0.00059013 -1.42000 10.11394 0.7854367495 2.4135227203    0.784  0.687  3.7458  3.581    2  0.000  0.536     0.00     0.00 -1 -8.33e-18      0.00 7.745e-01 2.250e-01 1.009e-04 2.759e-05 2.509e-04 -1.000 5.569e-04 3.052 3.681 3.796 3.211 2.815 2.441 1.968 1.585 1.527
0.00059013 -1.42000 10.11394 0.7859686017 2.4137165546    0.784  0.724  3.7425  3.531    2  0.000  0.536     0.00     0.00 -1 -1.43e-17      0.00 7.712e-01 2.283e-01 1.020e-04 2.789e-05 2.535e-04 -1.000 5.608e-04 2.961 3.615 3.721 3.125 2.723 2.344 1.862 1.473 1.413
0.00059013 -1.42000 10.11394 0.7860614657 2.4137504101    0.784  0.730  3.7419  3.522    2  0.000  0.536     0.00     0.00 -1 -1.57e-17      0.00 7.706e-01 2.288e-01 1.022e-04 2.794e-05 2.540e-04 -1.000 5.370e-04 2.945 3.603 3.708 3.110 2.707 2.326 1.843 1.453 1.393
0.00059013 -1.42000 10.11394 0.7861652374 2.4137880802    0.785  0.739  3.7414  3.512    2  0.000  0.536     0.00     0.00 -1 -1.75e-17      0.00 7.701e-01 2.294e-01 1.024e-04 2.798e-05 2.544e-04 -1.000 5.530e-04 2.924 3.586 3.689 3.090 2.686 2.305 1.820 1.429 1.368
0.00059013 -1.42000 10.11394 0.7867118716 2.4139869213    0.785  0.784  3.7387  3.456    3  0.000  0.537     0.00     0.00 -1 -3.09e-17      0.00 7.673e-01 2.321e-01 1.032e-04 2.820e-05 2.564e-04 -1.000 6.113e-04 2.810 3.495 3.589 2.981 2.572 2.187 1.695 1.298 1.236
0.00059013 -1.42000 10.11394 0.7871727943 2.4141542912    0.785  0.826  3.7367  3.406    3  0.000  0.537     0.00     0.00 -1 -5.06e-17      0.00 7.653e-01 2.342e-01 1.037e-04 2.835e-05 2.577e-04 -1.000 5.650e-04 2.705 3.409 3.495 2.881 2.468 2.080 1.582 1.180 1.117
0.00059013 -1.42000 10.11394 0.7876847386 2.4143400192    0.786  0.876  3.7348  3.348    3  0.000  0.537     0.00     0.00 -1 -8.88e-17      0.00 7.631e-01 2.363e-01 1.042e-04 2.849e-05 2.590e-04 -1.000 5.724e-04 2.580 3.302 3.380 2.759 2.344 1.952 1.448 1.041 0.977
0.00059013 -1.42000 10.11394 0.7881582975 2.4145116806    0.786  0.926  3.7330  3.291    3  0.000  0.537     0.00     0.00 -1 -1.51e-16      0.00 7.611e-01 2.383e-01 1.047e-04 2.861e-05 2.599e-04 -1.000 5.929e-04 2.454 3.193 3.264 2.637 2.219 1.824 1.315 0.903 0.839
0.00059013 -1.42000 10.11394 0.7886338234 2.4146835804    0.787  0.981  3.7313  3.230    3  0.000  0.537     0.00     0.00 -1 -2.62e-16      0.00 7.592e-01 2.402e-01 1.050e-04 2.871e-05 2.608e-04 -1.000 6.097e-04 2.317 3.071 3.136 2.504 2.083 1.685 1.171 0.754 0.689
0.00059013 -1.42000 10.11394 0.7890552878 2.4148356915    0.787  1.034  3.7297  3.171    3  0.000  0.536     0.00     0.00 -1 -4.32e-16      0.00 7.575e-01 2.420e-01 1.052e-04 2.880e-05 2.615e-04 -1.000 5.762e-04 2.185 2.954 3.013 2.376 1.952 1.552 1.032 0.611 0.545
0.00059013 -1.42000 10.11394 0.7894131541 2.4149649143    0.787  1.083  3.7282  3.116    3  0.000  0.536     0.00     0.00 -1 -6.71e-16      0.00 7.560e-01 2.435e-01 1.052e-04 2.888e-05 2.620e-04 -1.000 5.720e-04 2.063 2.846 2.899 2.257 1.831 1.428 0.904 0.479 0.412
0.00059013 -1.42000 10.11394 0.7896933556 2.4150660038    0.788  1.124  3.7270  3.070    3  0.000  0.535     0.00     0.00 -1 -9.57e-16      0.00 7.548e-01 2.446e-01 1.052e-04 2.897e-05 2.623e-04 -1.000 5.689e-04 1.960 2.755 2.802 2.157 1.728 1.324 0.795 0.367 0.300
0.00059013 -1.42000 10.11394 0.7900037766 2.4151778221    0.788  1.174  3.7255  3.015    3  0.000  0.534     0.00     0.00 -1 -1.44e-15      0.00 7.536e-01 2.458e-01 1.051e-04 2.912e-05 2.626e-04 -1.000 6.140e-04 1.836 2.645 2.686 2.036 1.605 1.198 0.665 0.232 0.165
0.00059013 -1.42000 10.11394 0.7903007269 2.4152846336    0.788  1.226  3.7238  2.956    3  0.000  0.532     0.00     0.00 -1 -2.15e-15      0.00 7.525e-01 2.469e-01 1.048e-04 2.934e-05 2.629e-04 -1.000 5.742e-04 1.705 2.532 2.565 1.909 1.476 1.066 0.528 0.090 0.023
0.00059013 -1.42000 10.11394 0.7905697823 2.4153811932    0.788  1.278  3.7221  2.897    3  0.000  0.530     0.00     0.00 -1 -3.15e-15      0.00 7.516e-01 2.478e-01 1.045e-04 2.960e-05 2.631e-04 -1.000 5.860e-04 1.575 2.418 2.445 1.783 1.346 0.934 0.390 -0.051 -0.119
0.00059013 -1.42000 10.11394 0.7908048034 2.4154658318    0.788  1.328  3.7205  2.841    3  0.000  0.528     0.00     0.00 -1 -4.47e-15      0.00 7.509e-01 2.485e-01 1.043e-04 2.989e-05 2.633e-04 -1.000 5.930e-04 1.450 2.310 2.329 1.662 1.222 0.808 0.259 -0.187 -0.256
0.00059013 -1.42000 10.11394 0.7910174131 2.4155421257    0.788  1.377  3.7188  2.785    3  0.000  0.527     0.00     0.00 -1 -6.21e-15      0.00 7.504e-01 2.490e-01 1.040e-04 3.014e-05 2.634e-04 -1.000 6.153e-04 1.327 2.206 2.217 1.543 1.100 0.683 0.128 -0.322 -0.391
0.00059013 -1.42000 10.11394 0.7912086248 2.4156107903    0.788  1.426  3.7171  2.729    3  0.000  0.526     0.00     0.00 -1 -8.47e-15      0.00 7.501e-01 2.493e-01 1.038e-04 3.034e-05 2.635e-04 -1.000 5.975e-04 1.205 2.103 2.106 1.425 0.980 0.559 -0.001 -0.456 -0.526
0.00059013 -1.42000 10.11394 0.7913862467 2.4156744480    0.788  1.476  3.7153  2.672    3  0.000  0.525     0.00     0.00 -1 -1.15e-14      0.00 7.498e-01 2.496e-01 1.037e-04 3.048e-05 2.636e-04 -1.000 5.996e-04 1.080 1.998 1.993 1.306 0.857 0.433 -0.133 -0.593 -0.663
0.00059013 -1.42000 10.11394 0.7915434837 2.4157307148    0.788  1.525  3.7134  2.616    3  0.000  0.525     0.00     0.00 -1 -1.53e-14      0.00 7.497e-01 2.497e-01 1.036e-04 3.055e-05 2.636e-04 -1.000 5.955e-04 0.958 1.897 1.883 1.189 0.737 0.310 -0.262 -0.727 -0.799
0.00059013 -1.42000 10.11394 0.7916902304 2.4157834053    0.788  1.574  3.7115  2.558    3  0.000  0.525     0.00     0.00 -1 -2.02e-14      0.00 7.497e-01 2.497e-01 1.036e-04 3.057e-05 2.636e-04 -1.000 5.879e-04 0.834 1.793 1.771 1.070 0.614 0.183 -0.394 -0.865 -0.937
0.00059013 -1.42000 10.11394 0.7918199301 2.4158298969    0.788  1.623  3.7096  2.502    3  0.000  0.525     0.00     0.00 -1 -2.62e-14      0.00 7.497e-01 2.497e-01 1.036e-04 3.057e-05 2.636e-04 -1.000 5.874e-04 0.714 1.694 1.663 0.955 0.495 0.062 -0.522 -0.998 -1.071
0.00059013 -1.42000 10.11394 0.7919355631 2.4158711433    0.788  1.670  3.7077  2.448    3  0.000  0.525     0.00     0.00 -1 -3.35e-14      0.00 7.497e-01 2.497e-01 1.036e-04 3.058e-05 2.636e-04 -1.000 5.874e-04 0.596 1.604 1.560 0.843 0.379 -0.058 -0.648 -1.128 -1.202
0.00059013 -1.42000 10.11394 0.7920428514 2.4159095287    0.788  1.717  3.7057  2.392    3  0.000  0.525     0.00     0.00 -1 -4.25e-14      0.00 7.497e-01 2.497e-01 1.036e-04 3.058e-05 2.636e-04 -1.000 5.876e-04 0.477 1.513 1.455 0.729 0.261 -0.179 -0.774 -1.260 -1.334
0.00059013 -1.42000 10.11394 0.7921380401 2.4159436226    0.788  1.763  3.7037  2.338    3  0.000  0.525     0.00     0.00 -1 -5.34e-14      0.00 7.497e-01 2.498e-01 1.036e-04 3.059e-05 2.636e-04 -1.000 5.876e-04 0.362 1.427 1.356 0.620 0.148 -0.296 -0.898 -1.388 -1.463
0.00059013 -1.42000 10.11394 0.7922278047 2.4159758091    0.788  1.810  3.7016  2.282    3  0.000  0.525     0.00     0.00 -1 -6.69e-14      0.00 7.497e-01 2.498e-01 1.036e-04 3.059e-05 2.636e-04 -1.000 5.877e-04 0.244 1.339 1.253 0.508 0.031 -0.417 -1.024 -1.520 -1.596
0.00059013 -1.42000 10.11394 0.7923087478 2.4160046577    0.788  1.856  3.6995  2.228    3  0.000  0.525     0.00     0.00 -1 -8.29e-14      0.00 7.496e-01 2.498e-01 1.036e-04 3.059e-05 2.636e-04 -1.000 5.878e-04 0.129 1.254 1.155 0.399 -0.082 -0.534 -1.148 -1.648 -1.725
0.00059013 -1.42000 10.11394 0.7923843265 2.4160318375    0.787  1.903  3.6974  2.173    3  0.000  0.525     0.00     0.00 -1 -1.02e-13      0.00 7.496e-01 2.498e-01 1.036e-04 3.059e-05 2.636e-04 -1.000 5.879e-04 0.014 1.171 1.057 0.291 -0.195 -0.651 -1.271 -1.778 -1.855
0.00059013 -1.42000 10.11394 0.7924568653 2.4160575867    0.787  1.949  3.6952  2.117    3  0.000  0.525     0.00     0.00 -1 -1.26e-13      0.00 7.496e-01 2.498e-01 1.036e-04 3.060e-05 2.636e-04 -1.000 5.880e-04 -0.103 1.088 0.958 0.182 -0.310 -0.769 -1.397 -1.909 -1.987
0.00059013 -1.42000 10.11394 0.7925311923 2.4160842896    0.787  1.992  3.6931  2.066    3  0.000  0.524     0.00     0.00 -1 -1.55e-13      0.00 7.496e-01 2.498e-01 1.036e-04 3.060e-05 2.636e-04 -1.000 5.881e-04 -0.211 1.012 0.868 0.081 -0.415 -0.879 -1.513 -2.031 -2.110
0.00059013 -1.42000 10.11394 0.7925987244 2.4161083698    0.786  2.021  3.6918  2.032    3  0.000  0.524     0.00     0.00 -1  -1.8e-13      0.00 7.496e-01 2.498e-01 1.036e-04 3.060e-05 2.636e-04 -1.000 5.881e-04 -0.283 0.960 0.807 0.014 -0.486 -0.951 -1.589 -2.111 -2.190
0.00059013 -1.42000 10.11394 0.7926464081 2.4161252975    0.786  2.007  3.6928  2.050    3  0.000  0.524     0.00     0.00 -1 -1.81e-13      0.00 7.496e-01 2.498e-01 1.036e-04 3.060e-05 2.636e-04 -1.000 5.881e-04 -0.247 0.981 0.834 0.046 -0.451 -0.915 -1.549 -2.068 -2.147
0.00059013 -1.42000 10.11394 0.7926495671 2.4161264896    0.786  2.006  3.6929  2.051    3  0.000  0.524     0.00     0.00 -1 -1.81e-13      0.00 7.496e-01 2.498e-01 1.036e-04 3.060e-05 2.636e-04 -1.000 5.882e-04 -0.245 0.982 0.836 0.048 -0.448 -0.912 -1.547 -2.065 -2.144
0.00059013 -1.42000 10.11394 0.7926688194 2.4161334038    0.786  2.022  3.6921  2.031    3  0.000  0.524     0.00     0.00 -1 -1.93e-13      0.00 7.496e-01 2.498e-01 1.036e-04 3.060e-05 2.636e-04 -1.000 5.882e-04 -0.286 0.953 0.802 0.010 -0.489 -0.954 -1.591 -2.112 -2.191
0.00059013 -1.42000 10.11394 0.7927151918 2.4161498547    0.786  2.064  3.6900  1.982    3  0.000  0.524     0.00     0.00 -1 -2.28e-13      0.00 7.496e-01 2.498e-01 1.036e-04 3.061e-05 2.636e-04 -1.000 5.882e-04 -0.389 0.884 0.717 -0.086 -0.590 -1.059 -1.703 -2.229 -2.309
0.00059013 -1.42000 10.11394 0.7927576303 2.4161651134    0.785  2.104  3.6879  1.933    3  0.000  0.524     0.00     0.00 -1 -2.69e-13      0.00 7.496e-01 2.498e-01 1.036e-04 3.061e-05 2.636e-04 -1.000 5.883e-04 -0.490 0.823 0.636 -0.178 -0.687 -1.160 -1.811 -2.345 -2.425
0.00059013 -1.42000 10.11394 0.7927983999 2.4161796570    0.785  2.145  3.6858  1.883    3  0.000  0.524     0.00     0.00 -1 -3.19e-13      0.00 7.496e-01 2.498e-01 1.036e-04 3.061e-05 2.636e-04 -1.000 5.884e-04 -0.593 0.761 0.554 -0.272 -0.786 -1.264 -1.923 -2.464 -2.545
0.00059013 -1.42000 10.11394 0.7928357720 2.4161930084    0.785  2.186  3.6835  1.833    3  0.000  0.524     0.00     0.00 -1 -3.76e-13      0.00 7.496e-01 2.498e-01 1.036e-04 3.061e-05 2.636e-04 -1.000 5.884e-04 -0.695 0.729 0.482 -0.369 -0.890 -1.371 -2.037 -2.584 -2.663
0.00059013 -1.42000 10.11394 0.7928705215 2.4162054062    0.784  2.227  3.6813  1.782    3  0.000  0.524     0.00     0.00 -1 -4.43e-13      0.00 7.496e-01 2.498e-01 1.036e-04 3.061e-05 2.636e-04 -1.000 5.884e-04 -0.798 0.690 0.408 -0.465 -0.993 -1.477 -2.151 -2.704 -2.782
0.00059013 -1.42000 10.11394 0.7929010391 2.4162163734    0.784  2.266  3.6791  1.734    3  0.000  0.524     0.00     0.00 -1 -5.16e-13      0.00 7.496e-01 2.498e-01 1.036e-04 3.061e-05 2.636e-04 -1.000 5.884e-04 -0.895 0.657 0.341 -0.554 -1.088 -1.576 -2.257 -2.817 -2.895
0.00059013 -1.42000 10.11394 0.7929306626 2.4162268639    0.783  2.306  3.6768  1.685    3  0.000  0.524     0.00     0.00 -1 -6.04e-13      0.00 7.496e-01 2.498e-01 1.036e-04 3.061e-05 2.636e-04 -1.000 5.885e-04 -0.996 0.627 0.272 -0.645 -1.187 -1.679 -2.368 -2.934 -3.012
0.00059013 -1.42000 10.11394 0.7929629087 2.4162383080    0.782  2.354  3.6740  1.626    3  0.000  0.524     0.00     0.00 -1 -7.25e-13      0.00 7.496e-01 2.498e-01 1.036e-04 3.062e-05 2.636e-04 -1.000 5.885e-04 -1.114 0.595 0.195 -0.751 -1.303 -1.800 -2.499 -3.072 -3.149
0.00059013 -1.42000 10.11394 0.7929872870 2.4162471294    0.782  2.392  3.6717  1.578    3  0.000  0.524     0.00     0.00 -1  -8.4e-13      0.00 7.496e-01 2.498e-01 1.036e-04 3.062e-05 2.636e-04 -1.000 5.885e-04 -1.211 0.574 0.134 -0.838 -1.398 -1.900 -2.606 -3.186 -3.262
0.00059013 -1.42000 10.11394 0.7930139899 2.4162566662    0.781  2.438  3.6688  1.520    3  0.000  0.524     0.00     0.00 -1 -9.99e-13      0.00 7.496e-01 2.498e-01 1.036e-04 3.062e-05 2.636e-04 -1.000 5.886e-04 -1.325 0.557 0.065 -0.938 -1.509 -2.017 -2.732 -3.320 -3.396
0.00059013 -1.42000 10.11394 0.7930340767 2.4162638187    0.780  2.475  3.6666  1.474    3  0.000  0.524     0.00     0.00 -1 -1.15e-12      0.00 7.496e-01 2.498e-01 1.036e-04 3.062e-05 2.636e-04 -1.000 5.886e-04 -1.418 0.509 -0.001 -1.016 -1.593 -2.106 -2.831 -3.427 -3.504
0.00059013 -1.42000 10.11394 0.7930567861 2.4162719250    0.779  2.520  3.6638  1.417    3  0.000  0.524     0.00     0.00 -1 -1.36e-12      0.00 7.496e-01 2.498e-01 1.036e-04 3.062e-05 2.636e-04 -1.000 5.886e-04 -1.530 0.506 -0.062 -1.111 -1.701 -2.220 -2.956 -3.558 -3.635
0.00059013 -1.42000 10.11394 0.7930772305 2.4162790775    0.778  2.563  3.6610  1.362    3  0.000  0.524     0.00     0.00 -1 -1.59e-12      0.00 7.496e-01 2.498e-01 1.036e-04 3.062e-05 2.636e-04 -1.000 5.887e-04 -1.639 0.508 -0.118 -1.203 -1.804 -2.331 -3.076 -3.686 -3.763
0.00059013 -1.42000 10.11394 0.7930961251 2.4162859917    0.777  2.607  3.6582  1.306    3  0.000  0.524     0.00     0.00 -1 -1.87e-12      0.00 7.496e-01 2.498e-01 1.036e-04 3.062e-05 2.636e-04 -1.000 5.886e-04 -1.747 0.526 -0.166 -1.292 -1.906 -2.440 -3.196 -3.814 -3.891
0.00059013 -1.42000 10.11394 0.7931129336 2.4162919521    0.776  2.648  3.6554  1.253    3  0.000  0.524     0.00     0.00 -1 -2.18e-12      0.00 7.496e-01 2.498e-01 1.036e-04 3.062e-05 2.636e-04 -1.000 5.887e-04 -1.851 0.519 -0.221 -1.374 -2.000 -2.541 -3.309 -3.936 -4.014
0.00059013 -1.42000 10.11394 0.7931288481 2.4162976742    0.775  2.690  3.6526  1.199    3  0.000  0.524     0.00     0.00 -1 -2.54e-12      0.00 7.496e-01 2.498e-01 1.036e-04 3.062e-05 2.636e-04 -1.000 5.887e-04 -1.956 0.510 -0.278 -1.458 -2.095 -2.644 -3.424 -4.060 -4.139
0.00059013 -1.42000 10.11394 0.7931433916 2.4163026810    0.774  2.732  3.6497  1.146    3  0.000  0.524     0.00     0.00 -1 -2.95e-12      0.00 7.496e-01 2.498e-01 1.036e-04 3.062e-05 2.636e-04 -1.000 5.886e-04 -2.059 0.506 -0.331 -1.539 -2.188 -2.745 -3.537 -4.181 -4.262
0.00059013 -1.42000 10.11394 0.7931565046 2.4163074493    0.772  2.772  3.6470  1.094    3  0.000  0.524     0.00     0.00 -1 -3.41e-12      0.00 7.496e-01 2.498e-01 1.036e-04 3.062e-05 2.636e-04 -1.000 5.887e-04 -2.159 0.503 -0.381 -1.615 -2.276 -2.841 -3.645 -4.298 -4.381
0.00059013 -1.42000 10.11394 0.7931686640 2.4163117409    0.771  2.811  3.6443  1.043    3  0.000  0.524     0.00     0.00 -1 -3.93e-12      0.00 7.496e-01 2.498e-01 1.036e-04 3.062e-05 2.636e-04 -1.000 5.887e-04 -2.258 0.503 -0.430 -1.691 -2.363 -2.936 -3.752 -4.415 -4.499
0.00059013 -1.42000 10.11394 0.7931804657 2.4163160324    0.769  2.852  3.6413  0.990    3  0.000  0.524     0.00     0.00 -1 -4.55e-12      0.00 7.496e-01 2.498e-01 1.036e-04 3.062e-05 2.636e-04 -1.000 5.887e-04 -2.359 0.511 -0.477 -1.767 -2.452 -3.034 -3.862 -4.535 -4.621
0.00059013 -1.42000 10.11394 0.7931904197 2.4163196087    0.767  2.888  3.6387  0.942    3  0.000  0.524     0.00     0.00 -1 -5.19e-12      0.00 7.496e-01 2.498e-01 1.036e-04 3.062e-05 2.636e-04 -1.000 5.887e-04 -2.451 0.530 -0.511 -1.832 -2.531 -3.121 -3.962 -4.643 -4.731
0.00059013 -1.42000 10.11394 0.7932002544 2.4163231850    0.766  2.927  3.6360  0.891    3  0.000  0.524     0.00     0.00 -1 -5.95e-12      0.00 7.496e-01 2.498e-01 1.036e-04 3.062e-05 2.636e-04 -1.000 5.888e-04 -2.547 0.552 -0.547 -1.898 -2.612 -3.212 -4.066 -4.756 -4.846
0.00059013 -1.42000 10.11394 0.7932093740 2.4163262844    0.764  2.965  3.6332  0.841    3  0.000  0.524     0.00     0.00 -1 -6.82e-12      0.00 7.496e-01 2.498e-01 1.036e-04 3.062e-05 2.636e-04 -1.000 5.887e-04 -2.642 0.576 -0.580 -1.963 -2.692 -3.301 -4.169 -4.868 -4.960
0.00059013 -1.42000 10.11394 0.7932173610 2.4163291454    0.761  3.000  3.6306  0.794    3  0.000  0.524     0.00     0.00 -1 -7.74e-12      0.00 7.496e-01 2.498e-01 1.036e-04 3.062e-05 2.636e-04 -1.000 5.888e-04 -2.730 0.602 -0.609 -2.023 -2.766 -3.384 -4.265 -4.973 -5.067
0.00059013 -1.42000 10.11394 0.7932251096 2.4163320065    0.759  3.036  3.6279  0.746    3  0.000  0.524     0.00     0.00 -1 -8.79e-12      0.00 7.496e-01 2.498e-01 1.036e-04 3.062e-05 2.636e-04 -1.000 5.888e-04 -2.820 0.627 -0.640 -2.083 -2.841 -3.469 -4.362 -5.080 -5.175
0.00059013 -1.42000 10.11394 0.7932325602 2.4163346291    0.757  3.073  3.6252  0.697    3  0.000  0.524     0.00     0.00 -1    -1e-11      0.00 7.496e-01 2.498e-01 1.036e-04 3.062e-05 2.636e-04 -1.000 5.888e-04 -2.912 0.655 -0.669 -2.143 -2.916 -3.554 -4.461 -5.188 -5.286
0.00059013 -1.42000 10.11394 0.7932391763 2.4163370132    0.754  3.107  3.6227  0.651    3  0.000  0.524     0.00     0.00 -1 -1.13e-11      0.00 7.496e-01 2.499e-01 1.036e-04 3.063e-05 2.636e-04 -1.000 5.888e-04 -2.997 0.683 -0.696 -2.199 -2.986 -3.633 -4.553 -5.288 -5.389
0.00059013 -1.42000 10.11394 0.7932456732 2.4163391590    0.751  3.142  3.6200  0.603    3  0.000  0.524     0.00     0.00 -1 -1.28e-11      0.00 7.496e-01 2.499e-01 1.036e-04 3.063e-05 2.636e-04 -1.000 5.888e-04 -3.086 0.714 -0.722 -2.256 -3.058 -3.715 -4.648 -5.393 -5.496
0.00059013 -1.42000 10.11394 0.7932516932 2.4163413048    0.748  3.177  3.6175  0.557    3  0.000  0.524     0.00     0.00 -1 -1.45e-11      0.00 7.496e-01 2.499e-01 1.036e-04 3.063e-05 2.636e-04 -1.000 5.888e-04 -3.172 0.746 -0.745 -2.309 -3.127 -3.794 -4.740 -5.495 -5.600
0.00059013 -1.42000 10.11394 0.7932572961 2.4163434505    0.744  3.211  3.6149  0.510    3  0.000  0.524     0.00     0.00 -1 -1.64e-11      0.00 7.496e-01 2.499e-01 1.036e-04 3.063e-05 2.636e-04 -1.000 5.888e-04 -3.257 0.781 -0.766 -2.361 -3.193 -3.871 -4.831 -5.595 -5.702
0.00059013 -1.42000 10.11394 0.7932626605 2.4163453579    0.741  3.245  3.6124  0.465    3  0.000  0.524     0.00     0.00 -1 -1.85e-11      0.00 7.496e-01 2.499e-01 1.036e-04 3.063e-05 2.636e-04 -1.000 5.888e-04 -3.342 0.822 -0.780 -2.407 -3.258 -3.948 -4.922 -5.694 -5.804
0.00059013 -1.42000 10.11394 0.7932676077 2.4163470268    0.737  3.276  3.6100  0.421    3  0.000  0.524     0.00     0.00 -1 -2.07e-11      0.00 7.496e-01 2.499e-01 1.036e-04 3.063e-05 2.637e-04 -1.000 5.888e-04 -3.421 0.862 -0.791 -2.450 -3.318 -4.019 -5.007 -5.788 -5.900
0.00059013 -1.42000 10.11394 0.7932731509 2.4163491726    0.732  3.311  3.6074  0.373    3  0.000  0.524     0.00     0.00 -1 -2.36e-11      0.00 7.496e-01 2.499e-01 1.036e-04 3.063e-05 2.637e-04 -1.000 5.888e-04 -3.507 0.906 -0.801 -2.495 -3.383 -4.097 -5.099 -5.889 -6.005
0.00059013 -1.42000 10.11394 0.7932731509 2.4163491726    0.722  1.712  3.7733  2.630    4  0.000  0.523     0.00     0.00 -1    -1e-30      0.00 7.416e-01 2.577e-01 1.058e-04 3.183e-05 2.702e-04 -1.000 6.195e-04 0.490 0.979 1.046 0.584 0.254 -0.066 -0.477 -0.803 -0.841
0.00059013 -1.42000 10.11394 0.7933247089 2.4163675308    0.722  1.729  3.7704  2.601    4  0.000  0.523     0.00     0.00 -1    -1e-30      0.00 7.416e-01 2.577e-01 1.058e-04 3.183e-05 2.702e-04 -1.000 6.195e-04 0.448 0.953 1.018 0.547 0.210 -0.115 -0.533 -0.867 -0.906
0.00059013 -1.42000 10.11394 0.7933727503 2.4163844585    0.722  1.730  3.7708  2.601    4  0.000  0.523     0.00     0.00 -1    -1e-30      0.00 7.416e-01 2.577e-01 1.058e-04 3.183e-05 2.702e-04 -1.000 6.196e-04 0.444 0.947 1.012 0.542 0.207 -0.118 -0.535 -0.868 -0.907
0.00059013 -1.42000 10.11394 0.7934213877 2.4164018631    0.722  1.731  3.7715  2.604    4  0.000  0.523     0.00     0.00 -1    -1e-30      0.00 7.416e-01 2.577e-01 1.058e-04 3.183e-05 2.702e-04 -1.000 6.195e-04 0.442 0.942 1.007 0.539 0.205 -0.118 -0.533 -0.864 -0.903
0.00059013 -1.42000 10.11394 0.7934707999 2.4164195061    0.722  1.731  3.7728  2.609    4  0.000  0.523     0.00     0.00 -1    -1e-30      0.00 7.416e-01 2.577e-01 1.058e-04 3.183e-05 2.702e-04 -1.000 6.196e-04 0.442 0.935 1.000 0.537 0.205 -0.115 -0.527 -0.855 -0.893
0.00059013 -1.42000 10.11394 0.7935211062 2.4164373875    0.722  1.731  3.7744  2.616    4  0.000  0.523     0.00     0.00 -1    -1e-30      0.00 7.416e-01 2.577e-01 1.058e-04 3.183e-05 2.702e-04 -1.000 6.195e-04 0.443 0.927 0.992 0.534 0.207 -0.111 -0.519 -0.842 -0.880
0.00059013 -1.42000 10.11394 0.7935709953 2.4164552689    0.722  1.730  3.7764  2.624    4  0.000  0.523     0.00     0.00 -1    -1e-30      0.00 7.416e-01 2.577e-01 1.058e-04 3.183e-05 2.702e-04 -1.000 6.195e-04 0.445 0.919 0.983 0.533 0.209 -0.105 -0.507 -0.826 -0.863
0.00059013 -1.42000 10.11394 0.7936211824 2.4164731503    0.722  1.729  3.7788  2.635    4  0.000  0.523     0.00     0.00 -1    -1e-30      0.00 7.416e-01 2.577e-01 1.058e-04 3.183e-05 2.702e-04 -1.000 6.195e-04 0.448 0.909 0.973 0.531 0.212 -0.097 -0.493 -0.806 -0.842
0.00059013 -1.42000 10.11394 0.7936725020 2.4164912701    0.722  1.727  3.7815  2.647    4  0.000  0.523     0.00     0.00 -1    -1e-30      0.00 7.416e-01 2.577e-01 1.058e-04 3.183e-05 2.702e-04 -1.000 6.195e-04 0.451 0.901 0.962 0.529 0.216 -0.089 -0.477 -0.783 -0.818
0.00059013 -1.42000 10.11394 0.7937238216 2.4165096283    0.722  1.726  3.7842  2.659    4  0.000  0.523     0.00     0.00 -1    -1e-30      0.00 7.416e-01 2.577e-01 1.058e-04 3.183e-05 2.702e-04 -1.000 6.195e-04 0.454 0.893 0.952 0.528 0.220 -0.080 -0.462 -0.762 -0.796
0.00059013 -1.42000 10.11394 0.7937710285 2.4165265560    0.722  1.725  3.7865  2.670    4  0.000  0.523     0.00     0.00 -1    -1e-30      0.00 7.416e-01 2.577e-01 1.058e-04 3.183e-05 2.702e-04 -1.000 6.195e-04 0.457 0.886 0.943 0.526 0.223 -0.073 -0.449 -0.743 -0.777
0.00059013 -1.42000 10.11394 0.7938191891 2.4165437222    0.723  1.724  3.7887  2.679    4  0.000  0.523     0.00     0.00 -1    -1e-30      0.00 7.416e-01 2.577e-01 1.058e-04 3.183e-05 2.702e-04 -1.000 6.195e-04 0.459 0.880 0.934 0.524 0.226 -0.066 -0.436 -0.726 -0.758
0.00059013 -1.42000 10.11394 0.7938709855 2.4165620804    0.723  1.724  3.7907  2.688    4  0.000  0.523     0.00     0.00 -1    -1e-30      0.00 7.416e-01 2.577e-01 1.058e-04 3.183e-05 2.702e-04 -1.000 6.196e-04 0.461 0.874 0.926 0.523 0.228 -0.060 -0.425 -0.711 -0.742
0.00059013 -1.42000 10.11394 0.7939225435 2.4165804386    0.723  1.723  3.7922  2.695    4  0.000  0.523     0.00     0.00 -1    -1e-30      0.00 7.416e-01 2.577e-01 1.058e-04 3.183e-05 2.702e-04 -1.000 6.195e-04 0.462 0.870 0.920 0.522 0.230 -0.055 -0.417 -0.699 -0.730
0.00059013 -1.42000 10.11394 0.7939715385 2.4165978432    0.723  1.723  3.7934  2.700    4  0.000  0.523     0.00     0.00 -1    -1e-30      0.00 7.416e-01 2.577e-01 1.058e-04 3.183e-05 2.702e-04 -1.000 6.195e-04 0.463 0.867 0.915 0.520 0.231 -0.051 -0.410 -0.689 -0.720
0.00059013 -1.42000 10.11394 0.7939768434 2.4165997505    0.723  1.723  3.7936  2.700    4  0.000  0.523     0.00     0.00 -1    -1e-30      0.00 7.416e-01 2.577e-01 1.058e-04 3.183e-05 2.702e-04 -1.000 6.195e-04 0.463 0.866 0.915 0.520 0.232 -0.051 -0.410 -0.688 -0.719
0.00059013 -1.42000 10.11394 0.7939826250 2.4166018963    0.723  1.723  3.7936  2.701    4  0.000  0.523     0.00     0.00 -1    -1e-30      0.00 7.416e-01 2.577e-01 1.058e-04 3.183e-05 2.702e-04 -1.000 6.196e-04 0.463 0.866 0.914 0.520 0.232 -0.051 -0.409 -0.688 -0.718
0.00059013 -1.42000 10.11394 0.7940334082 2.4166197777    0.723  1.723  3.7939  2.701    4  0.000  0.523     0.00     0.00 -1    -1e-30      0.00 7.416e-01 2.577e-01 1.058e-04 3.183e-05 2.702e-04 -1.000 6.196e-04 0.462 0.865 0.912 0.519 0.231 -0.051 -0.409 -0.687 -0.717
0.00059013 -1.42000 10.11394 0.7940861583 2.4166386127    0.723  1.724  3.7936  2.700    4  0.000  0.523     0.00     0.00 -1    -1e-30      0.00 7.416e-01 2.577e-01 1.058e-04 3.183e-05 2.702e-04 -1.000 6.196e-04 0.461 0.864 0.912 0.518 0.229 -0.053 -0.412 -0.691 -0.721
0.00059013 -1.42000 10.11394 0.7941359878 2.4166562557    0.723  1.725  3.7926  2.695    4  0.000  0.523     0.00     0.00 -1    -1e-30      0.00 7.416e-01 2.577e-01 1.058e-04 3.183e-05 2.702e-04 -1.000 6.195e-04 0.458 0.865 0.914 0.517 0.226 -0.058 -0.419 -0.700 -0.731
0.00059013 -1.42000 10.11394 0.7941860557 2.4166741371    0.723  1.726  3.7910  2.687    4  0.000  0.523     0.00     0.00 -1    -1e-30      0.00 7.416e-01 2.577e-01 1.058e-04 3.183e-05 2.702e-04 -1.000 6.195e-04 0.454 0.867 0.918 0.516 0.222 -0.065 -0.430 -0.715 -0.746
0.00059013 -1.42000 10.11394 0.7942361236 2.4166920185    0.723  1.728  3.7889  2.676    4  0.000  0.523     0.00     0.00 -1    -1e-30      0.00 7.416e-01 2.577e-01 1.058e-04 3.183e-05 2.702e-04 -1.000 6.196e-04 0.449 0.870 0.924 0.514 0.216 -0.075 -0.446 -0.735 -0.767
0.00059013 -1.42000 10.11394 0.7942852378 2.4167094231    0.723  1.731  3.7862  2.663    4  0.000  0.523     0.00     0.00 -1    -1e-30      0.00 7.416e-01 2.577e-01 1.058e-04 3.183e-05 2.702e-04 -1.000 6.195e-04 0.443 0.874 0.931 0.513 0.209 -0.087 -0.464 -0.759 -0.792
0.00059013 -1.42000 10.11394 0.7943352461 2.4167273045    0.723  1.734  3.7832  2.648    4  0.000  0.523     0.00     0.00 -1    -1e-30      0.00 7.416e-01 2.577e-01 1.058e-04 3.183e-05 2.702e-04 -1.000 6.195e-04 0.436 0.879 0.939 0.511 0.201 -0.101 -0.485 -0.787 -0.822
0.00059013 -1.42000 10.11394 0.7943444848 2.4167304039    0.723  1.734  3.7825  2.645    4  0.000  0.523     0.00     0.00 -1    -1e-30      0.00 7.416e-01 2.577e-01 1.058e-04 3.183e-05 2.702e-04 -1.000 6.196e-04 0.435 0.880 0.940 0.510 0.199 -0.103 -0.489 -0.793 -0.828
0.00059013 -1.42000 10.11394 0.7943539619 2.4167337418    0.723  1.735  3.7819  2.642    4  0.000  0.523     0.00     0.00 -1    -1e-30      0.00 7.416e-01 2.577e-01 1.058e-04 3.183e-05 2.702e-04 -1.000 6.195e-04 0.433 0.881 0.942 0.510 0.197 -0.106 -0.494 -0.799 -0.834
0.00059013 -1.42000 10.11394 0.7944019437 2.4167509079    0.723  1.738  3.7787  2.626    4  0.000  0.523     0.00     0.00 -1    -1e-30      0.00 7.416e-01 2.577e-01 1.058e-04 3.183e-05 2.702e-04 -1.000 6.195e-04 0.424 0.886 0.949 0.507 0.188 -0.121 -0.517 -0.830 -0.866
0.00059013 -1.42000 10.11394 0.7944490314 2.4167675972    0.723  1.742  3.7755  2.609    4  0.000  0.523     0.00     0.00 -1    -1e-30      0.00 7.416e-01 2.577e-01 1.058e-04 3.183e-05 2.702e-04 -1.000 6.196e-04 0.415 0.894 0.957 0.503 0.178 -0.138 -0.542 -0.863 -0.900
0.00059013 -1.42000 10.11394 0.7944977283 2.4167850018    0.723  1.747  3.7722  2.592    4  0.000  0.523     0.00     0.00 -1    -1e-30      0.00 7.416e-01 2.577e-01 1.058e-04 3.183e-05 2.702e-04 -1.000 6.195e-04 0.403 0.900 0.963 0.498 0.166 -0.156 -0.569 -0.898 -0.937
0.00059013 -1.42000 10.11394 0.7945474386 2.4168026447    0.723  1.752  3.7691  2.574    4  0.000  0.523     0.00     0.00 -1    -1e-30      0.00 7.416e-01 2.577e-01 1.058e-04 3.183e-05 2.702e-04 -1.000 6.196e-04 0.391 0.904 0.967 0.492 0.153 -0.174 -0.596 -0.933 -0.972
0.00059013 -1.42000 10.11394 0.7945942283 2.4168193340    0.723  1.757  3.7663  2.558    4  0.000  0.523     0.00     0.00 -1    -1e-30      0.00 7.416e-01 2.577e-01 1.058e-04 3.183e-05 2.702e-04 -1.000 6.195e-04 0.378 0.906 0.969 0.484 0.140 -0.193 -0.622 -0.966 -1.006
0.00059013 -1.42000 10.11394 0.7946428657 2.4168365002    0.723  1.763  3.7634  2.540    4  0.000  0.523     0.00     0.00 -1    -1e-30      0.00 7.416e-01 2.577e-01 1.058e-04 3.183e-05 2.702e-04 -1.000 6.196e-04 0.362 0.905 0.969 0.474 0.124 -0.214 -0.651 -1.001 -1.043
0.00059013 -1.42000 10.11394 0.7946903110 2.4168534279    0.723  1.769  3.7611  2.524    4  0.000  0.523     0.00     0.00 -1    -1e-30      0.00 7.416e-01 2.577e-01 1.058e-04 3.183e-05 2.702e-04 -1.000 6.195e-04 0.346 0.902 0.966 0.463 0.108 -0.233 -0.676 -1.032 -1.076
0.00059013 -1.42000 10.11394 0.7947376966 2.4168701172    0.724  1.776  3.7590  2.510    4  0.000  0.523     0.00     0.00 -1    -1e-30      0.00 7.416e-01 2.577e-01 1.058e-04 3.183e-05 2.702e-04 -1.000 6.195e-04 0.331 0.898 0.962 0.452 0.093 -0.252 -0.700 -1.061 -1.106
0.00059013 -1.42000 10.11394 0.7947855592 2.4168872833    0.724  1.784  3.7566  2.492    4  0.000  0.523     0.00     0.00 -1    -1e-30      0.00 7.416e-01 2.577e-01 1.058e-04 3.183e-05 2.702e-04 -1.000 6.195e-04 0.311 0.894 0.956 0.437 0.073 -0.276 -0.731 -1.097 -1.143
0.00059013 -1.42000 10.11394 0.7948356271 2.4169049263    0.724  1.794  3.7539  2.471    4  0.000  0.523     0.00     0.00 -1    -1e-30      0.00 7.416e-01 2.577e-01 1.058e-04 3.183e-05 2.702e-04 -1.000 6.195e-04 0.285 0.885 0.945 0.416 0.047 -0.308 -0.770 -1.142 -1.190
0.00059013 -1.42000 10.11394 0.7948848605 2.4169223309    0.724  1.807  3.7507  2.445    4  0.000  0.523     0.00     0.00 -1    -1e-30      0.00 7.416e-01 2.577e-01 1.058e-04 3.183e-05 2.702e-04 -1.000 6.195e-04 0.252 0.872 0.930 0.389 0.014 -0.347 -0.817 -1.196 -1.245
0.00059013 -1.42000 10.11394 0.7949324846 2.4169392586    0.724  1.838  3.7445  2.390    4  0.000  0.523     0.00     0.00 -1    -1e-30      0.00 7.416e-01 2.577e-01 1.058e-04 3.183e-05 2.702e-04 -1.000 6.195e-04 0.175 0.841 0.890 0.326 -0.062 -0.433 -0.919 -1.312 -1.365
0.00059013 -1.42000 10.11394 0.7949539423 2.4169468880    0.724  1.870  3.7387  2.335    4  0.000  0.523     0.00     0.00 -1    -1e-30      0.00 7.416e-01 2.577e-01 1.058e-04 3.183e-05 2.702e-04 -1.000 6.195e-04 0.096 0.806 0.845 0.258 -0.141 -0.522 -1.024 -1.429 -1.486
0.00059013 -1.42000 10.11394 0.7949653268 2.4169509411    0.724  1.904  3.7329  2.277    4  0.000  0.523     0.00     0.00 -1    -1e-30      0.00 7.416e-01 2.577e-01 1.058e-04 3.183e-05 2.702e-04 -1.000 6.195e-04 0.009 0.773 0.794 0.184 -0.227 -0.618 -1.135 -1.553 -1.612
0.00059013 -1.42000 10.11394 0.7949708700 2.4169528484    0.724  1.938  3.7280  2.224    4  0.000  0.523     0.00     0.00 -1    -1e-30      0.00 7.416e-01 2.577e-01 1.058e-04 3.183e-05 2.702e-04 -1.000 6.196e-04 -0.075 0.738 0.741 0.111 -0.309 -0.709 -1.240 -1.670 -1.731
0.00059013 -1.42000 10.11394 0.7949740291 2.4169540405    0.724  1.975  3.7231  2.167    4  0.000  0.523     0.00     0.00 -1    -1e-30      0.00 7.416e-01 2.577e-01 1.058e-04 3.183e-05 2.702e-04 -1.000 6.195e-04 -0.167 0.698 0.682 0.031 -0.400 -0.808 -1.352 -1.794 -1.858
0.00059013 -1.42000 10.11394 0.7949756980 2.4169547558    0.724  2.010  3.7189  2.116    4  0.000  0.523     0.00     0.00 -1    -1e-30      0.00 7.416e-01 2.577e-01 1.058e-04 3.183e-05 2.702e-04 -1.000 6.195e-04 -0.254 0.656 0.623 -0.046 -0.485 -0.901 -1.457 -1.908 -1.974
0.00059013 -1.42000 10.11394 0.7949765921 2.4169549942    0.724  2.036  3.7161  2.077    7  0.000  0.523     0.00     0.00 -1 -9.64e-10      0.00 7.416e-01 2.561e-01 1.058e-04 3.183e-05 2.702e-04 -1.000 2.219e-03 -0.321 0.623 0.577 -0.105 -0.551 -0.972 -1.535 -1.994 -2.061
0.00059013 -1.42000 10.11394 0.7949768901 2.4169549942    0.724  2.048  3.7150  2.062    7  0.000  0.523     0.00     0.00 -1 -1.04e-09      0.00 7.416e-01 2.561e-01 1.058e-04 3.183e-05 2.702e-04 -1.000 2.220e-03 -0.350 0.607 0.556 -0.131 -0.579 -1.001 -1.568 -2.030 -2.097
0.00059013 -1.42000 10.11394 0.7949778438 2.4169554710    0.724  2.088  3.7112  2.007    7  0.000  0.523     0.00     0.00 -1 -1.33e-09      0.00 7.416e-01 2.561e-01 1.058e-04 3.183e-05 2.702e-04 -1.000 2.220e-03 -0.449 0.553 0.484 -0.220 -0.676 -1.105 -1.683 -2.153 -2.222
0.00059013 -1.42000 10.11394 0.7949787378 2.4169557095    0.724  2.121  3.7082  1.961    7  0.000  0.523     0.00     0.00 -1 -1.63e-09      0.00 7.416e-01 2.561e-01 1.058e-04 3.183e-05 2.702e-04 -1.000 2.220e-03 -0.533 0.511 0.424 -0.295 -0.758 -1.193 -1.780 -2.258 -2.329
0.00059013 -1.42000 10.11394 0.7949796319 2.4169559479    0.724  2.147  3.7059  1.926    7  0.000  0.523     0.00     0.00 -1 -1.89e-09      0.00 7.416e-01 2.561e-01 1.058e-04 3.183e-05 2.702e-04 -1.000 2.220e-03 -0.597 0.480 0.378 -0.352 -0.820 -1.260 -1.854 -2.338 -2.409
0.00059013 -1.42000 10.11394 0.7949805856 2.4169564247    0.723  2.162  3.7046  1.906    7  0.000  0.523     0.00     0.00 -1 -2.07e-09      0.00 7.416e-01 2.561e-01 1.058e-04 3.183e-05 2.702e-04 -1.000 2.220e-03 -0.635 0.462 0.352 -0.385 -0.856 -1.298 -1.896 -2.384 -2.456
0.00059013 -1.42000 10.11394 0.7949827313 2.4169571400    0.723  2.164  3.7044  1.902    7  0.000  0.523     0.00     0.00 -1  -2.1e-09      0.00 7.416e-01 2.561e-01 1.058e-04 3.183e-05 2.702e-04 -1.000 2.219e-03 -0.641 0.459 0.348 -0.391 -0.863 -1.305 -1.904 -2.392 -2.464
0.00059013 -1.42000 10.11394 0.7949846387 2.4169578552    0.723  2.155  3.7053  1.916    7  0.000  0.523     0.00     0.00 -1 -1.99e-09      0.00 7.416e-01 2.561e-01 1.058e-04 3.183e-05 2.702e-04 -1.000 2.220e-03 -0.617 0.471 0.365 -0.369 -0.839 -1.280 -1.876 -2.361 -2.433
0.00059013 -1.42000 10.11394 0.7949896455 2.4169595242    0.723  2.146  3.7061  1.927    7  0.000  0.523     0.00     0.00 -1  -1.9e-09      0.00 7.416e-01 2.561e-01 1.058e-04 3.183e-05 2.702e-04 -1.000 2.220e-03 -0.596 0.480 0.379 -0.351 -0.819 -1.258 -1.852 -2.335 -2.407
0.00059013 -1.42000 10.11394 0.7950190306 2.4169700146    0.720  2.161  3.7047  1.905    7  0.000  0.523     0.00     0.00 -1  -2.1e-09      0.00 7.416e-01 2.561e-01 1.058e-04 3.183e-05 2.702e-04 -1.000 2.220e-03 -0.632 0.464 0.354 -0.383 -0.854 -1.296 -1.894 -2.381 -2.453
0.00059013 -1.42000 10.11394 0.7950373292 2.4169764519    0.718  2.188  3.7023  1.868    7  0.000  0.523     0.00     0.00 -1 -2.48e-09      0.00 7.416e-01 2.561e-01 1.058e-04 3.183e-05 2.702e-04 -1.000 2.220e-03 -0.699 0.433 0.308 -0.442 -0.919 -1.365 -1.971 -2.464 -2.537
0.00059013 -1.42000 10.11394 0.7950572371 2.4169836044    0.715  2.232  3.6985  1.806    7  0.000  0.523     0.00     0.00 -1 -3.25e-09      0.00 7.416e-01 2.561e-01 1.058e-04 3.183e-05 2.702e-04 -1.000 2.220e-03 -0.810 0.381 0.229 -0.540 -1.026 -1.480 -2.097 -2.601 -2.676
0.00059013 -1.42000 10.11394 0.7950764298 2.4169905186    0.712  2.277  3.6948  1.745    7  0.000  0.523     0.00     0.00 -1 -4.32e-09      0.00 7.416e-01 2.561e-01 1.058e-04 3.183e-05 2.702e-04 -1.000 2.220e-03 -0.922 0.330 0.150 -0.639 -1.134 -1.594 -2.224 -2.738 -2.814
0.00059013 -1.42000 10.11394 0.7950932980 2.4169964790    0.708  2.321  3.6914  1.685    7  0.000  0.523     0.00     0.00 -1 -5.71e-09      0.00 7.416e-01 2.561e-01 1.058e-04 3.183e-05 2.702e-04 -1.000 2.220e-03 -1.032 0.278 0.073 -0.736 -1.239 -1.706 -2.347 -2.872 -2.949
0.00059013 -1.42000 10.11394 0.7951080799 2.4170017242    0.703  2.364  3.6879  1.624    7  0.000  0.523     0.00     0.00 -1 -7.47e-09      0.00 7.416e-01 2.561e-01 1.058e-04 3.183e-05 2.702e-04 -1.000 2.209e-03 -1.141 0.231 -0.003 -0.831 -1.343 -1.817 -2.470 -3.005 -3.083
0.00059013 -1.42000 10.11394 0.7951211333 2.4170062542    0.698  2.408  3.6845  1.564    7  0.000  0.523     0.00     0.00 -1 -9.78e-09      0.00 7.416e-01 2.562e-01 1.058e-04 3.183e-05 2.702e-04 -1.000 2.142e-03 -1.250 0.225 -0.066 -0.930 -1.453 -1.932 -2.596 -3.140 -3.216
0.00059013 -1.42000 10.11394 0.7951326370 2.4170103073    0.692  2.452  3.6811  1.502    7  0.000  0.522     0.00     0.00 -1 -1.29e-08      0.00 7.416e-01 2.563e-01 1.057e-04 3.186e-05 2.702e-04 -1.000 2.108e-03 -1.360 0.230 -0.124 -1.029 -1.563 -2.048 -2.722 -3.275 -3.350
0.00059013 -1.42000 10.11394 0.7951428890 2.4170138836    0.684  2.496  3.6777  1.440    7  0.000  0.520     0.00     0.00 -1 -1.71e-08      0.00 7.416e-01 2.563e-01 1.053e-04 3.207e-05 2.702e-04 -1.000 2.042e-03 -1.470 0.169 -0.202 -1.119 -1.662 -2.155 -2.843 -3.407 -3.484
0.00059013 -1.42000 10.11394 0.7951523066 2.4170172215    0.675  2.540  3.6741  1.376    7  0.000  0.514     0.00     0.00 -1 -2.28e-08      0.00 7.416e-01 2.564e-01 1.041e-04 3.301e-05 2.702e-04 -1.000 1.998e-03 -1.581 0.175 -0.258 -1.213 -1.770 -2.270 -2.970 -3.542 -3.619
0.00059013 -1.42000 10.11394 0.7951608896 2.4170203209    0.664  2.585  3.6685  1.301    7  0.000  0.504     0.00     0.00 -1  -3.1e-08      0.00 7.416e-01 2.564e-01 1.020e-04 3.524e-05 2.702e-04 -1.000 1.924e-03 -1.692 0.257 -0.276 -1.296 -1.874 -2.387 -3.105 -3.692 -3.769
0.00059013 -1.42000 10.11394 0.7951689959 2.4170231819    0.650  2.630  3.6609  1.216    7  0.000  0.490     0.00     0.00 -1  -4.3e-08      0.00 7.416e-01 2.565e-01 9.942e-05 3.835e-05 2.702e-04 -1.000 1.890e-03 -1.805 0.427 -0.252 -1.364 -1.973 -2.503 -3.249 -3.857 -3.933
0.00059013 -1.42000 10.11394 0.7951764464 2.4170258045    0.632  2.675  3.6576  1.146    7  0.000  0.479     0.00     0.00 -1 -5.96e-08      0.00 7.416e-01 2.566e-01 9.704e-05 4.126e-05 2.701e-04 -1.000 1.840e-03 -1.916 0.467 -0.292 -1.450 -2.076 -2.615 -3.374 -3.990 -4.067
0.00059013 -1.42000 10.11394 0.7951835990 2.4170284271    0.607  2.719  3.6552  1.075    7  0.000  0.468     0.00     0.00 -1 -8.51e-08      0.00 7.415e-01 2.567e-01 9.499e-05 4.376e-05 2.701e-04 -1.000 1.843e-03 -2.027 0.459 -0.352 -1.541 -2.178 -2.724 -3.494 -4.118 -4.196
0.00059013 -1.42000 10.11394 0.7951905131 2.4170308113    0.571  2.764  3.6552  1.004    7  0.000  0.460     0.00     0.00 -1 -1.29e-07      0.00 7.414e-01 2.568e-01 9.326e-05 4.591e-05 2.701e-04 -1.000 1.786e-03 -2.140 0.392 -0.448 -1.650 -2.292 -2.840 -3.609 -4.232 -4.309
0.00059013 -1.42000 10.11394 0.7951955795 2.4170327187    0.533  2.799  3.6628  0.970    7  0.000  0.453     0.00     0.00 -1 -1.81e-07      0.00 7.414e-01 2.568e-01 9.202e-05 4.743e-05 2.701e-04 -1.000 1.794e-03 -2.227 0.080 -0.653 -1.786 -2.401 -2.933 -3.673 -4.271 -4.346
0.00059013 -1.42000 10.11394 0.7951971889 2.4170331955    0.509  2.810  3.6688  0.962    7  0.000  0.450     0.00     0.00 -1 -2.02e-07      0.00 7.413e-01 2.569e-01 9.137e-05 4.823e-05 2.701e-04 -1.000 1.767e-03 -2.255 -0.167 -0.791 -1.852 -2.442 -2.961 -3.679 -4.260 -4.335
0.00059013 -1.42000 10.11394 1.1244581938 2.4956896305    0.552 -4.676  3.5401  7.968    9  0.552  0.000     0.00     0.00 -1    -1e-30      0.00 7.287e-01 2.708e-01 8.073e-05 7.055e-05 2.706e-04 -1.000 5.071e-04 16.460 21.577 19.789 18.040 16.831 15.716 14.652 14.202 14.080
#isochrone terminated
