# File generated by CMD 3.3 (http://stev.oapd.inaf.it/cmd) on Sun Jun  7 12:23:12 CEST 2020
# isochrones based on PARSEC release v1.2S +  COLIBRI S_35
# Basic references: Bressan et al. (2012), MNRAS, 427, 127 + Chen et al. (2014, 2015), MNRAS, 444, 2525 + MNRAS, 452, 1068 + Tang et al. (2014), MNRAS, 445, 4287 + Marigo et al. (2017), ApJ, 835, 77 + Pastorelli al. (2019), MNRAS in press
# Thermal pulse cycles included 
# On RGB, assumed Reimers mass loss with efficiency eta=0.2
# Photometric system: <i>UBVRIJHK</i> (cf. Maiz-Apellaniz 2006 + Bessell 1990)
# Using YBC version of bolometric corrections as in Chen et al. (2019)
# O-rich circumstellar dpmod60alox40 dust from Groenewegen (2006)
# C-rich circumstellar AMCSIC15 dust from Groenewegen (2006)
# IMF: Kroupa (2001, 2002) + Kroupa et al. (2013) canonical two-part-power law IMF corrected for unresolved binaries 
# Kind of output: isochrone tables
# Zini     MH   logAge Mini        int_IMF         Mass   logL    logTe  logg  label   McoreTP C_O  period0 period1 pmode  Mloss  tau1m   X   Y   Xc  Xn  Xo  Cexcess  Z 	 mbolmag  Umag    Bmag    Vmag    Rmag    Imag    Jmag    Hmag    Kmag
0.00059013 -1.42000 10.14613 0.0900000036 1.0816895962    0.090 -3.188  3.4708  5.415    1  0.000  0.545     0.00     0.00 -1 -5.33e-17      0.00 7.473e-01 2.521e-01 1.114e-04 3.006e-05 2.726e-04 -1.000 6.196e-04 12.740 20.294 17.536 15.535 13.786 12.097 10.743 10.417 10.308
0.00059013 -1.42000 10.14613 0.0973478332 1.1485620737    0.097 -2.980  3.5004  5.360    1  0.000  0.545     0.00     0.00 -1  -7.6e-17      0.00 7.458e-01 2.536e-01 1.114e-04 3.006e-05 2.726e-04 -1.000 6.196e-04 12.219 18.424 16.241 14.322 12.917 11.549 10.324 9.886 9.749
0.00059013 -1.42000 10.14613 0.1000000089 1.1711064577    0.100 -2.908  3.5106  5.341    1  0.000  0.545     0.00     0.00 -1 -8.07e-17      0.00 7.453e-01 2.541e-01 1.114e-04 3.006e-05 2.726e-04 -1.000 6.195e-04 12.041 17.831 15.823 13.953 12.633 11.365 10.179 9.714 9.567
0.00059013 -1.42000 10.14613 0.1199999973 1.3193154335    0.120 -2.623  3.5421  5.261    1  0.000  0.545     0.00     0.00 -1 -2.02e-16      0.00 7.423e-01 2.571e-01 1.114e-04 3.006e-05 2.726e-04 -1.000 6.195e-04 11.328 15.986 14.435 12.772 11.641 10.636 9.569 9.041 8.871
0.00059013 -1.42000 10.14613 0.1269319803 1.3633583784    0.127 -2.557  3.5478  5.241    1  0.000  0.545     0.00     0.00 -1 -2.01e-16      0.00 7.415e-01 2.579e-01 1.114e-04 3.006e-05 2.726e-04 -1.000 6.196e-04 11.162 15.641 14.159 12.537 11.433 10.468 9.420 8.885 8.711
0.00059013 -1.42000 10.14613 0.1400000006 1.4384527206    0.140 -2.441  3.5577  5.207    1  0.000  0.545     0.00     0.00 -1 -1.84e-16      0.00 7.402e-01 2.592e-01 1.114e-04 3.006e-05 2.726e-04 -1.000 6.196e-04 10.872 15.055 13.686 12.135 11.075 10.174 9.161 8.615 8.435
0.00059013 -1.42000 10.14613 0.1599999964 1.5372931957    0.160 -2.298  3.5679  5.163    1  0.000  0.545     0.00     0.00 -1 -6.67e-17      0.00 7.387e-01 2.607e-01 1.114e-04 3.006e-05 2.726e-04 -1.000 6.196e-04 10.514 14.405 13.148 11.671 10.654 9.815 8.836 8.280 8.094
0.00059013 -1.42000 10.14613 0.2000000179 1.6938792467    0.200 -2.075  3.5813  5.091    1  0.000  0.545     0.00     0.00 -1 -1.86e-16      0.00 7.374e-01 2.619e-01 1.114e-04 3.006e-05 2.726e-04 -1.000 6.195e-04 9.958 13.501 12.375 10.990 10.030 9.255 8.320 7.755 7.562
0.00059013 -1.42000 10.14613 0.2500000298 1.8403259516    0.250 -1.872  3.5924  5.030    1  0.000  0.545     0.00     0.00 -1 -5.94e-20      0.00 7.375e-01 2.619e-01 1.114e-04 3.006e-05 2.726e-04 -1.000 6.195e-04 9.450 12.722 11.700 10.388 9.477 8.746 7.845 7.275 7.080
0.00059013 -1.42000 10.14613 0.3000000417 1.9529141188    0.300 -1.718  3.6009  4.988    1  0.000  0.545     0.00     0.00 -1 -1.64e-20      0.00 7.378e-01 2.616e-01 1.114e-04 3.006e-05 2.726e-04 -1.000 6.196e-04 9.065 12.148 11.194 9.935 9.060 8.357 7.483 6.911 6.719
0.00059013 -1.42000 10.14613 0.3500000238 2.0434176922    0.350 -1.592  3.6083  4.959    1  0.000  0.545     0.00     0.00 -1 -8.17e-18      0.00 7.401e-01 2.592e-01 1.114e-04 3.006e-05 2.726e-04 -1.000 6.345e-04 8.751 11.681 10.782 9.566 8.721 8.041 7.189 6.615 6.429
0.00059013 -1.42000 10.14613 0.4000000358 2.1185026169    0.400 -1.445  3.6198  4.916    1  0.000  0.545     0.00     0.00 -1  -1.8e-15      0.00 7.500e-01 2.494e-01 1.114e-04 3.006e-05 2.726e-04 -1.000 6.196e-04 8.381 11.087 10.266 9.115 8.315 7.669 6.849 6.274 6.101
0.00059013 -1.42000 10.14613 0.4500000179 2.1822810173    0.450 -1.266  3.6389  4.864    1  0.000  0.545     0.00     0.00 -1 -1.96e-15      0.00 7.500e-01 2.493e-01 1.114e-04 3.006e-05 2.726e-04 -1.000 6.195e-04 7.935 10.286 9.590 8.540 7.816 7.223 6.454 5.881 5.733
0.00059013 -1.42000 10.14613 0.5000000000 2.2374541759    0.500 -1.063  3.6665  4.818    1  0.000  0.545     0.00     0.00 -1    -6e-15      0.00 7.500e-01 2.493e-01 1.114e-04 3.006e-05 2.726e-04 -1.000 6.195e-04 7.427 9.272 8.780 7.864 7.241 6.718 6.026 5.487 5.370
0.00059013 -1.42000 10.14613 0.5500000715 2.2836585045    0.550 -0.837  3.6935  4.741    1  0.000  0.544     0.00     0.00 -1 -2.17e-16      0.00 7.900e-01 2.094e-01 9.478e-05 2.559e-05 2.323e-04 -1.000 5.370e-04 6.862 8.222 7.967 7.162 6.630 6.164 5.554 5.075 4.978
0.00059013 -1.42000 10.14613 0.6000000238 2.3211214542    0.600 -0.616  3.7233  4.677    1  0.000  0.543     0.00     0.00 -1 -9.59e-15      0.00 8.020e-01 1.975e-01 9.017e-05 2.436e-05 2.212e-04 -1.000 5.057e-04 6.310 7.235 7.206 6.511 6.055 5.640 5.118 4.706 4.627
0.00059013 -1.42000 10.14613 0.6054332852 2.3247659206    0.605 -0.591  3.7269  4.670    1  0.000  0.543     0.00     0.00 -1  -6.2e-15      0.00 8.035e-01 1.960e-01 8.959e-05 2.421e-05 2.199e-04 -1.000 4.956e-04 6.247 7.127 7.121 6.439 5.991 5.582 5.070 4.665 4.589
0.00059013 -1.42000 10.14613 0.6153849959 2.3312499523    0.615 -0.545  3.7333  4.657    1  0.000  0.543     0.00     0.00 -1    -2e-25      0.00 8.063e-01 1.932e-01 8.851e-05 2.392e-05 2.173e-04 -1.000 4.956e-04 6.131 6.935 6.968 6.309 5.875 5.476 4.981 4.589 4.516
0.00059013 -1.42000 10.14613 0.6246400476 2.3370671272    0.624 -0.501  3.7392  4.643    1  0.000  0.543     0.00     0.00 -1 -1.88e-22      0.00 8.090e-01 1.906e-01 8.746e-05 2.364e-05 2.148e-04 -1.000 4.930e-04 6.023 6.762 6.826 6.189 5.766 5.376 4.896 4.516 4.446
0.00059013 -1.42000 10.14613 0.6336629391 2.3425507545    0.633 -0.458  3.7448  4.629    1  0.000  0.543     0.00     0.00 -1 -1.72e-19      0.00 8.117e-01 1.878e-01 8.641e-05 2.336e-05 2.123e-04 -1.000 4.754e-04 5.915 6.597 6.690 6.072 5.661 5.280 4.814 4.442 4.377
0.00059013 -1.42000 10.14613 0.6439278126 2.3485746384    0.644 -0.409  3.7510  4.612    1  0.000  0.543     0.00     0.00 -1 -3.66e-16      0.00 8.149e-01 1.846e-01 8.516e-05 2.303e-05 2.093e-04 -1.000 4.945e-04 5.792 6.412 6.535 5.939 5.542 5.171 4.719 4.357 4.297
0.00059013 -1.42000 10.14613 0.6499999762 2.3520355225    0.650 -0.379  3.7547  4.600    1  0.000  0.542     0.00     0.00 -1 -2.12e-14      0.00 8.168e-01 1.827e-01 8.441e-05 2.283e-05 2.075e-04 -1.000 4.808e-04 5.718 6.304 6.442 5.860 5.470 5.106 4.662 4.306 4.248
0.00059013 -1.42000 10.14613 0.6547207236 2.3546750546    0.654 -0.356  3.7573  4.591    1  0.000  0.542     0.00     0.00 -1 -1.72e-14      0.00 8.187e-01 1.809e-01 8.370e-05 2.264e-05 2.058e-04 -1.000 4.724e-04 5.660 6.221 6.370 5.798 5.414 5.054 4.617 4.264 4.209
0.00059013 -1.42000 10.14613 0.6648653746 2.3602015972    0.665 -0.304  3.7628  4.568    1  0.000  0.542     0.00     0.00 -1  -7.1e-17      0.00 8.229e-01 1.767e-01 8.210e-05 2.221e-05 2.020e-04 -1.000 4.556e-04 5.531 6.044 6.215 5.664 5.291 4.940 4.515 4.170 4.119
0.00059013 -1.42000 10.14613 0.6743167043 2.3651788235    0.674 -0.255  3.7679  4.545    1  0.000  0.542     0.00     0.00 -1 -1.95e-22      0.00 8.270e-01 1.726e-01 8.054e-05 2.180e-05 1.982e-04 -1.000 4.499e-04 5.407 5.881 6.069 5.536 5.173 4.830 4.416 4.078 4.031
0.00059013 -1.42000 10.14613 0.6831016541 2.3696634769    0.683 -0.207  3.7725  4.521    1  0.000  0.541     0.00     0.00 -1 -1.71e-19      0.00 8.311e-01 1.685e-01 7.901e-05 2.140e-05 1.946e-04 -1.000 4.213e-04 5.288 5.728 5.929 5.413 5.060 4.724 4.319 3.988 3.945
0.00059013 -1.42000 10.14613 0.6916412711 2.3738973141    0.691 -0.158  3.7769  4.496    1  0.000  0.541     0.00     0.00 -1 -1.18e-16      0.00 8.352e-01 1.644e-01 7.746e-05 2.099e-05 1.909e-04 -1.000 3.957e-04 5.166 5.576 5.788 5.289 4.944 4.615 4.220 3.895 3.856
0.00059013 -1.42000 10.14613 0.6989803910 2.3774411678    0.699 -0.114  3.7805  4.471    1  0.000  0.541     0.00     0.00 -1 -3.14e-14      0.00 8.388e-01 1.607e-01 7.607e-05 2.062e-05 1.876e-04 -1.000 4.428e-04 5.056 5.442 5.662 5.176 4.838 4.516 4.129 3.809 3.773
0.00059013 -1.42000 10.14613 0.6999999881 2.3779268265    0.700 -0.108  3.7810  4.467    1  0.000  0.541     0.00     0.00 -1  -6.8e-14      0.00 8.393e-01 1.602e-01 7.587e-05 2.056e-05 1.871e-04 -1.000 4.511e-04 5.040 5.424 5.644 5.160 4.824 4.502 4.116 3.797 3.761
0.00059013 -1.42000 10.14613 0.7022877932 2.3790104389    0.702 -0.094  3.7821  4.459    1  0.000  0.540     0.00     0.00 -1 -7.08e-14      0.00 8.407e-01 1.589e-01 7.532e-05 2.043e-05 1.859e-04 -1.000 4.681e-04 5.005 5.383 5.604 5.124 4.790 4.470 4.086 3.769 3.733
0.00059013 -1.42000 10.14613 0.7103621960 2.3827710152    0.710 -0.041  3.7859  4.426    1  0.000  0.538     0.00     0.00 -1 -8.52e-16      0.00 8.454e-01 1.541e-01 7.339e-05 1.995e-05 1.818e-04 -1.000 4.556e-04 4.874 5.233 5.457 4.990 4.663 4.350 3.973 3.662 3.629
0.00059013 -1.42000 10.14613 0.7179181576 2.3862020969    0.717  0.011  3.7892  4.392    1  0.000  0.537     0.00     0.00 -1 -1.78e-24      0.00 8.498e-01 1.498e-01 7.163e-05 1.952e-05 1.779e-04 -1.000 3.956e-04 4.742 5.086 5.312 4.857 4.536 4.228 3.859 3.553 3.522
0.00059013 -1.42000 10.14613 0.7250335813 2.3893580437    0.724  0.064  3.7922  4.355    1  0.000  0.535     0.00     0.00 -1 -5.19e-22      0.00 8.537e-01 1.459e-01 7.005e-05 1.913e-05 1.745e-04 -1.000 4.276e-04 4.610 4.942 5.167 4.722 4.408 4.105 3.742 3.441 3.412
0.00059013 -1.42000 10.14613 0.7316302657 2.3922209740    0.731  0.117  3.7946  4.316    1  0.000  0.534     0.00     0.00 -1 -9.89e-20      0.00 8.570e-01 1.426e-01 6.875e-05 1.881e-05 1.717e-04 -1.000 3.856e-04 4.479 4.801 5.024 4.589 4.279 3.981 3.622 3.326 3.299
0.00059013 -1.42000 10.14613 0.7377557755 2.3948266506    0.737  0.169  3.7965  4.275    1  0.000  0.532     0.00     0.00 -1 -1.29e-17      0.00 8.594e-01 1.403e-01 6.782e-05 1.859e-05 1.698e-04 -1.000 3.802e-04 4.349 4.665 4.885 4.456 4.151 3.856 3.502 3.209 3.183
0.00059013 -1.42000 10.14613 0.7434778214 2.3972163200    0.743  0.221  3.7978  4.231    1  0.000  0.531     0.00     0.00 -1 -1.24e-15      0.00 8.607e-01 1.389e-01 6.726e-05 1.847e-05 1.687e-04 -1.000 3.747e-04 4.218 4.530 4.747 4.324 4.022 3.729 3.378 3.088 3.063
0.00059013 -1.42000 10.14613 0.7468308806 2.3985970020    0.746  0.254  3.7983  4.202    1  0.000  0.531     0.00     0.00 -1 -1.81e-14      0.00 8.613e-01 1.384e-01 6.703e-05 1.842e-05 1.683e-04 -1.000 3.732e-04 4.136 4.448 4.662 4.241 3.940 3.649 3.298 3.009 2.984
0.00059013 -1.42000 10.14613 0.7484753728 2.3992691040    0.748  0.272  3.7981  4.185    1  0.000  0.530     0.00     0.00 -1 -6.12e-14      0.00 8.615e-01 1.381e-01 6.693e-05 1.840e-05 1.682e-04 -1.000 3.727e-04 4.091 4.404 4.617 4.196 3.895 3.603 3.252 2.963 2.938
0.00059013 -1.42000 10.14613 0.7500000000 2.3998889923    0.749  0.289  3.7977  4.166    1  0.000  0.530     0.00     0.00 -1  -1.2e-13      0.00 8.617e-01 1.379e-01 6.684e-05 1.839e-05 1.680e-04 -1.000 3.734e-04 4.047 4.362 4.573 4.152 3.850 3.558 3.206 2.916 2.891
0.00059013 -1.42000 10.14613 0.7534538507 2.4012827873    0.752  0.329  3.7970  4.126    1  0.000  0.530     0.00     0.00 -1 -4.53e-14      0.00 8.614e-01 1.383e-01 6.707e-05 1.845e-05 1.686e-04 -1.000 3.832e-04 3.948 4.268 4.475 4.053 3.750 3.457 3.104 2.812 2.787
0.00059013 -1.42000 10.14613 0.7574746013 2.4028868675    0.756  0.380  3.7946  4.067    1  0.000  0.530     0.00     0.00 -1 -3.87e-16      0.00 8.609e-01 1.387e-01 6.737e-05 1.854e-05 1.694e-04 -1.000 4.038e-04 3.819 4.151 4.354 3.925 3.618 3.322 2.963 2.667 2.641
0.00059013 -1.42000 10.14613 0.7581595778 2.4031584263    0.757  0.390  3.7940  4.055    1  0.000  0.530     0.00     0.00 -1 -1.11e-16      0.00 8.608e-01 1.388e-01 6.743e-05 1.855e-05 1.696e-04 -1.000 4.084e-04 3.796 4.130 4.332 3.902 3.594 3.297 2.937 2.640 2.613
0.00059013 -1.42000 10.14613 0.7594734430 2.4036772251    0.758  0.410  3.7922  4.029    2  0.000  0.530     0.00     0.00 -1 -1.54e-16      0.00 8.603e-01 1.393e-01 6.780e-05 1.866e-05 1.705e-04 -1.000 4.020e-04 3.745 4.087 4.287 3.852 3.542 3.242 2.877 2.577 2.549
0.00059013 -1.42000 10.14613 0.7620623708 2.4046936035    0.761  0.454  3.7866  3.964    2  0.000  0.530     0.00     0.00 -1 -2.94e-16      0.00 8.588e-01 1.408e-01 6.892e-05 1.896e-05 1.733e-04 -1.000 4.048e-04 3.634 4.001 4.196 3.745 3.425 3.116 2.739 2.429 2.398
0.00059013 -1.42000 10.14613 0.7639490366 2.4054293633    0.763  0.493  3.7798  3.899    2  0.000  0.530     0.00     0.00 -1 -4.89e-16      0.00 8.526e-01 1.470e-01 7.210e-05 1.984e-05 1.812e-04 -1.000 4.105e-04 3.538 3.939 4.126 3.654 3.322 3.002 2.610 2.288 2.253
0.00059013 -1.42000 10.14613 0.7653865814 2.4059870243    0.764  0.527  3.7724  3.836    2  0.000  0.531     0.00     0.00 -1 -7.38e-16      0.00 8.313e-01 1.683e-01 8.090e-05 2.223e-05 2.028e-04 -1.000 4.270e-04 3.454 3.898 4.072 3.577 3.230 2.899 2.489 2.154 2.114
0.00059013 -1.42000 10.14613 0.7665504217 2.4064369202    0.765  0.558  3.7644  3.774    2  0.000  0.533     0.00     0.00 -1 -1.05e-15      0.00 8.068e-01 1.926e-01 8.967e-05 2.459e-05 2.241e-04 -1.000 5.062e-04 3.376 3.871 4.030 3.507 3.146 2.802 2.373 2.024 1.979
0.00059013 -1.42000 10.14613 0.7675673366 2.4068286419    0.766  0.592  3.7559  3.706    2  0.000  0.535     0.00     0.00 -1 -2.74e-24      0.00 7.897e-01 2.098e-01 9.557e-05 2.617e-05 2.382e-04 -1.000 5.684e-04 3.291 3.844 3.984 3.433 3.056 2.698 2.250 1.885 1.834
0.00059013 -1.42000 10.14613 0.7683619261 2.4071340561    0.767  0.629  3.7494  3.644    2  0.000  0.536     0.00     0.00 -1 -5.59e-24      0.00 7.804e-01 2.190e-01 9.875e-05 2.702e-05 2.458e-04 -1.000 5.309e-04 3.198 3.799 3.924 3.350 2.961 2.593 2.128 1.753 1.697
0.00059013 -1.42000 10.14613 0.7689802647 2.4073710442    0.768  0.667  3.7449  3.588    2  0.000  0.536     0.00     0.00 -1 -9.87e-24      0.00 7.754e-01 2.241e-01 1.005e-04 2.749e-05 2.500e-04 -1.000 5.397e-04 3.104 3.740 3.852 3.264 2.866 2.490 2.015 1.631 1.572
0.00059013 -1.42000 10.14613 0.7694985271 2.4075694084    0.768  0.705  3.7417  3.538    2  0.000  0.536     0.00     0.00 -1 -1.61e-23      0.00 7.721e-01 2.274e-01 1.016e-04 2.779e-05 2.526e-04 -1.000 5.766e-04 3.009 3.669 3.773 3.174 2.771 2.390 1.906 1.516 1.456
0.00059013 -1.42000 10.14613 0.7695890069 2.4076039791    0.768  0.711  3.7412  3.529    2  0.000  0.536     0.00     0.00 -1 -1.76e-23      0.00 7.715e-01 2.279e-01 1.018e-04 2.784e-05 2.531e-04 -1.000 5.291e-04 2.991 3.656 3.758 3.158 2.754 2.372 1.887 1.496 1.435
0.00059013 -1.42000 10.14613 0.7696884274 2.4076418877    0.768  0.720  3.7407  3.518    2  0.000  0.536     0.00     0.00 -1 -1.93e-23      0.00 7.710e-01 2.284e-01 1.020e-04 2.788e-05 2.535e-04 -1.000 5.466e-04 2.970 3.638 3.740 3.138 2.732 2.350 1.864 1.472 1.410
0.00059013 -1.42000 10.14613 0.7702119350 2.4078419209    0.769  0.766  3.7382  3.463    3  0.000  0.537     0.00     0.00 -1 -3.21e-23      0.00 7.683e-01 2.311e-01 1.028e-04 2.809e-05 2.554e-04 -1.000 6.087e-04 2.856 3.546 3.638 3.028 2.619 2.232 1.739 1.341 1.278
0.00059013 -1.42000 10.14613 0.7706534266 2.4080102444    0.769  0.807  3.7363  3.414    3  0.000  0.537     0.00     0.00 -1 -4.96e-23      0.00 7.663e-01 2.332e-01 1.033e-04 2.824e-05 2.567e-04 -1.000 5.676e-04 2.751 3.459 3.544 2.928 2.515 2.125 1.626 1.224 1.160
0.00059013 -1.42000 10.14613 0.7711437941 2.4081969261    0.770  0.857  3.7344  3.356    3  0.000  0.537     0.00     0.00 -1 -8.13e-23      0.00 7.641e-01 2.353e-01 1.039e-04 2.839e-05 2.580e-04 -1.000 5.642e-04 2.627 3.352 3.429 2.807 2.390 1.998 1.493 1.086 1.021
0.00059013 -1.42000 10.14613 0.7715973258 2.4083695412    0.770  0.907  3.7327  3.300    3  0.000  0.537     0.00     0.00 -1 -1.29e-22      0.00 7.622e-01 2.372e-01 1.043e-04 2.850e-05 2.590e-04 -1.000 5.889e-04 2.502 3.243 3.313 2.685 2.266 1.871 1.361 0.949 0.884
0.00059013 -1.42000 10.14613 0.7720528245 2.4085423946    0.770  0.962  3.7310  3.239    3  0.000  0.537     0.00     0.00 -1 -2.08e-22      0.00 7.603e-01 2.391e-01 1.046e-04 2.860e-05 2.599e-04 -1.000 5.949e-04 2.366 3.122 3.186 2.553 2.131 1.733 1.218 0.801 0.736
0.00059013 -1.42000 10.14613 0.7724565864 2.4086956978    0.771  1.014  3.7295  3.181    3  0.000  0.536     0.00     0.00 -1 -3.21e-22      0.00 7.586e-01 2.408e-01 1.049e-04 2.869e-05 2.606e-04 -1.000 5.595e-04 2.235 3.005 3.063 2.425 2.001 1.600 1.080 0.659 0.593
0.00059013 -1.42000 10.14613 0.7727993131 2.4088253975    0.771  1.063  3.7280  3.126    3  0.000  0.536     0.00     0.00 -1 -4.67e-22      0.00 7.572e-01 2.423e-01 1.050e-04 2.877e-05 2.611e-04 -1.000 5.686e-04 2.113 2.898 2.949 2.307 1.880 1.477 0.952 0.527 0.461
0.00059013 -1.42000 10.14613 0.7730677724 2.4089272022    0.771  1.104  3.7268  3.080    3  0.000  0.535     0.00     0.00 -1 -6.31e-22      0.00 7.561e-01 2.433e-01 1.050e-04 2.884e-05 2.615e-04 -1.000 5.815e-04 2.010 2.806 2.853 2.207 1.778 1.374 0.844 0.416 0.349
0.00059013 -1.42000 10.14613 0.7733651400 2.4090394974    0.772  1.154  3.7254  3.025    3  0.000  0.534     0.00     0.00 -1 -8.88e-22      0.00 7.549e-01 2.445e-01 1.049e-04 2.896e-05 2.618e-04 -1.000 6.116e-04 1.886 2.696 2.737 2.086 1.655 1.248 0.714 0.282 0.215
0.00059013 -1.42000 10.14613 0.7736496329 2.4091470242    0.772  1.206  3.7237  2.967    3  0.000  0.533     0.00     0.00 -1 -1.24e-21      0.00 7.539e-01 2.456e-01 1.048e-04 2.911e-05 2.621e-04 -1.000 5.784e-04 1.756 2.583 2.617 1.960 1.526 1.117 0.578 0.141 0.073
0.00059013 -1.42000 10.14613 0.7739074230 2.4092442989    0.772  1.258  3.7221  2.908    3  0.000  0.532     0.00     0.00 -1 -1.71e-21      0.00 7.530e-01 2.464e-01 1.046e-04 2.929e-05 2.623e-04 -1.000 5.712e-04 1.626 2.470 2.496 1.834 1.397 0.985 0.441 -0.000 -0.069
0.00059013 -1.42000 10.14613 0.7741325498 2.4093294144    0.772  1.308  3.7205  2.852    3  0.000  0.531     0.00     0.00 -1 -2.27e-21      0.00 7.524e-01 2.470e-01 1.044e-04 2.949e-05 2.625e-04 -1.000 5.881e-04 1.501 2.361 2.380 1.713 1.273 0.858 0.310 -0.136 -0.205
0.00059013 -1.42000 10.14613 0.7743361592 2.4094061852    0.772  1.357  3.7188  2.796    3  0.000  0.530     0.00     0.00 -1 -2.96e-21      0.00 7.519e-01 2.475e-01 1.042e-04 2.967e-05 2.626e-04 -1.000 6.074e-04 1.377 2.256 2.267 1.593 1.151 0.733 0.179 -0.271 -0.341
0.00059013 -1.42000 10.14613 0.7745193839 2.4094750881    0.772  1.406  3.7171  2.740    3  0.000  0.529     0.00     0.00 -1  -3.8e-21      0.00 7.516e-01 2.478e-01 1.041e-04 2.980e-05 2.627e-04 -1.000 6.014e-04 1.255 2.153 2.156 1.476 1.030 0.609 0.049 -0.405 -0.475
0.00059013 -1.42000 10.14613 0.7746895552 2.4095392227    0.772  1.456  3.7153  2.683    3  0.000  0.528     0.00     0.00 -1 -4.83e-21      0.00 7.513e-01 2.481e-01 1.040e-04 2.990e-05 2.627e-04 -1.000 6.075e-04 1.130 2.048 2.042 1.355 0.906 0.483 -0.083 -0.543 -0.613
0.00059013 -1.42000 10.14613 0.7748402357 2.4095959663    0.772  1.505  3.7135  2.627    3  0.000  0.528     0.00     0.00 -1 -6.04e-21      0.00 7.512e-01 2.482e-01 1.040e-04 2.995e-05 2.627e-04 -1.000 5.954e-04 1.008 1.946 1.932 1.238 0.786 0.359 -0.212 -0.677 -0.749
0.00059013 -1.42000 10.14613 0.7749807835 2.4096488953    0.772  1.555  3.7116  2.569    3  0.000  0.528     0.00     0.00 -1  -7.5e-21      0.00 7.512e-01 2.482e-01 1.039e-04 2.997e-05 2.628e-04 -1.000 5.720e-04 0.883 1.841 1.819 1.118 0.662 0.232 -0.345 -0.815 -0.887
0.00059013 -1.42000 10.14613 0.7751050591 2.4096956253    0.773  1.603  3.7097  2.513    3  0.000  0.528     0.00     0.00 -1 -9.17e-21      0.00 7.512e-01 2.482e-01 1.039e-04 2.997e-05 2.628e-04 -1.000 5.701e-04 0.762 1.741 1.711 1.003 0.543 0.110 -0.474 -0.949 -1.022
0.00059013 -1.42000 10.14613 0.7752158642 2.4097373486    0.772  1.651  3.7077  2.458    3  0.000  0.528     0.00     0.00 -1 -1.11e-20      0.00 7.512e-01 2.482e-01 1.039e-04 2.998e-05 2.628e-04 -1.000 5.703e-04 0.643 1.650 1.607 0.890 0.426 -0.011 -0.600 -1.080 -1.154
0.00059013 -1.42000 10.14613 0.7753186226 2.4097759724    0.772  1.699  3.7058  2.402    3  0.000  0.528     0.00     0.00 -1 -1.32e-20      0.00 7.512e-01 2.483e-01 1.039e-04 2.998e-05 2.628e-04 -1.000 5.703e-04 0.523 1.558 1.501 0.775 0.308 -0.133 -0.728 -1.213 -1.287
0.00059013 -1.42000 10.14613 0.7754098773 2.4098103046    0.772  1.745  3.7037  2.348    3  0.000  0.528     0.00     0.00 -1 -1.57e-20      0.00 7.512e-01 2.483e-01 1.039e-04 2.999e-05 2.628e-04 -1.000 5.705e-04 0.407 1.471 1.400 0.665 0.193 -0.251 -0.852 -1.343 -1.417
0.00059013 -1.42000 10.14613 0.7754958868 2.4098424911    0.772  1.793  3.7017  2.292    3  0.000  0.528     0.00     0.00 -1 -1.85e-20      0.00 7.512e-01 2.483e-01 1.039e-04 2.999e-05 2.628e-04 -1.000 5.705e-04 0.288 1.381 1.296 0.552 0.075 -0.373 -0.980 -1.476 -1.551
0.00059013 -1.42000 10.14613 0.7755733728 2.4098715782    0.772  1.840  3.6996  2.237    3  0.000  0.528     0.00     0.00 -1 -2.17e-20      0.00 7.511e-01 2.483e-01 1.039e-04 2.999e-05 2.628e-04 -1.000 5.706e-04 0.171 1.294 1.196 0.441 -0.040 -0.491 -1.105 -1.606 -1.682
0.00059013 -1.42000 10.14613 0.7756458521 2.4098987579    0.772  1.886  3.6974  2.181    3  0.000  0.528     0.00     0.00 -1 -2.53e-20      0.00 7.511e-01 2.483e-01 1.039e-04 2.999e-05 2.628e-04 -1.000 5.706e-04 0.054 1.210 1.097 0.331 -0.155 -0.610 -1.231 -1.737 -1.815
0.00059013 -1.42000 10.14613 0.7757152915 2.4099249840    0.772  1.934  3.6952  2.124    3  0.000  0.528     0.00     0.00 -1 -2.95e-20      0.00 7.511e-01 2.483e-01 1.039e-04 3.000e-05 2.628e-04 -1.000 5.707e-04 -0.065 1.126 0.996 0.220 -0.271 -0.731 -1.358 -1.871 -1.949
0.00059013 -1.42000 10.14613 0.7757865191 2.4099516869    0.772  1.978  3.6931  2.072    3  0.000  0.528     0.00     0.00 -1 -3.42e-20      0.00 7.511e-01 2.483e-01 1.039e-04 3.000e-05 2.628e-04 -1.000 5.708e-04 -0.175 1.048 0.904 0.118 -0.379 -0.842 -1.476 -1.994 -2.073
0.00059013 -1.42000 10.14613 0.7758511901 2.4099760056    0.772  2.008  3.6918  2.037    3  0.000  0.528     0.00     0.00 -1 -3.84e-20      0.00 7.511e-01 2.483e-01 1.039e-04 3.000e-05 2.628e-04 -1.000 5.709e-04 -0.249 0.994 0.841 0.048 -0.451 -0.917 -1.555 -2.077 -2.156
0.00059013 -1.42000 10.14613 0.7758938074 2.4099919796    0.771  1.995  3.6927  2.053    3  0.000  0.528     0.00     0.00 -1  -3.9e-20      0.00 7.511e-01 2.483e-01 1.039e-04 3.000e-05 2.628e-04 -1.000 5.709e-04 -0.218 1.011 0.864 0.076 -0.422 -0.886 -1.521 -2.040 -2.119
0.00059013 -1.42000 10.14613 0.7758966088 2.4099929333    0.771  1.994  3.6928  2.054    3  0.000  0.528     0.00     0.00 -1 -3.91e-20      0.00 7.511e-01 2.483e-01 1.039e-04 3.000e-05 2.628e-04 -1.000 5.709e-04 -0.216 1.013 0.866 0.077 -0.420 -0.884 -1.519 -2.038 -2.117
0.00059013 -1.42000 10.14613 0.7759146094 2.4099998474    0.771  2.011  3.6920  2.034    3  0.000  0.528     0.00     0.00 -1 -4.09e-20      0.00 7.511e-01 2.483e-01 1.039e-04 3.000e-05 2.628e-04 -1.000 5.709e-04 -0.257 0.984 0.832 0.040 -0.459 -0.925 -1.562 -2.084 -2.163
0.00059013 -1.42000 10.14613 0.7759580016 2.4100160599    0.771  2.052  3.6899  1.985    3  0.000  0.528     0.00     0.00 -1  -4.6e-20      0.00 7.511e-01 2.483e-01 1.039e-04 3.000e-05 2.628e-04 -1.000 5.710e-04 -0.360 0.914 0.747 -0.056 -0.560 -1.030 -1.674 -2.201 -2.281
0.00059013 -1.42000 10.14613 0.7759976983 2.4100308418    0.771  2.092  3.6878  1.936    3  0.000  0.528     0.00     0.00 -1 -5.16e-20      0.00 7.511e-01 2.483e-01 1.039e-04 3.001e-05 2.628e-04 -1.000 5.710e-04 -0.460 0.854 0.667 -0.148 -0.657 -1.130 -1.782 -2.316 -2.397
0.00059013 -1.42000 10.14613 0.7760357857 2.4100451469    0.771  2.133  3.6857  1.886    3  0.000  0.528     0.00     0.00 -1  -5.8e-20      0.00 7.511e-01 2.483e-01 1.039e-04 3.001e-05 2.628e-04 -1.000 5.711e-04 -0.563 0.795 0.585 -0.243 -0.757 -1.235 -1.894 -2.435 -2.516
0.00059013 -1.42000 10.14613 0.7760707736 2.4100582600    0.771  2.174  3.6834  1.836    3  0.000  0.528     0.00     0.00 -1 -6.49e-20      0.00 7.511e-01 2.483e-01 1.039e-04 3.001e-05 2.628e-04 -1.000 5.711e-04 -0.665 0.760 0.512 -0.339 -0.860 -1.341 -2.008 -2.555 -2.634
0.00059013 -1.42000 10.14613 0.7761032581 2.4100704193    0.770  2.215  3.6812  1.786    3  0.000  0.528     0.00     0.00 -1 -7.26e-20      0.00 7.511e-01 2.483e-01 1.039e-04 3.001e-05 2.628e-04 -1.000 5.712e-04 -0.768 0.720 0.438 -0.435 -0.962 -1.447 -2.121 -2.674 -2.753
0.00059013 -1.42000 10.14613 0.7761318684 2.4100811481    0.770  2.254  3.6790  1.738    3  0.000  0.528     0.00     0.00 -1 -8.05e-20      0.00 7.511e-01 2.483e-01 1.039e-04 3.001e-05 2.628e-04 -1.000 5.712e-04 -0.865 0.687 0.371 -0.523 -1.058 -1.546 -2.228 -2.788 -2.866
0.00059013 -1.42000 10.14613 0.7761595845 2.4100916386    0.770  2.294  3.6767  1.689    3  0.000  0.528     0.00     0.00 -1 -8.95e-20      0.00 7.511e-01 2.483e-01 1.039e-04 3.001e-05 2.628e-04 -1.000 5.712e-04 -0.966 0.656 0.302 -0.615 -1.158 -1.650 -2.339 -2.905 -2.983
0.00059013 -1.42000 10.14613 0.7761896849 2.4101028442    0.769  2.342  3.6739  1.630    3  0.000  0.528     0.00     0.00 -1 -1.01e-19      0.00 7.511e-01 2.483e-01 1.039e-04 3.001e-05 2.628e-04 -1.000 5.712e-04 -1.085 0.624 0.224 -0.722 -1.274 -1.771 -2.470 -3.044 -3.120
0.00059013 -1.42000 10.14613 0.7762125731 2.4101114273    0.769  2.381  3.6716  1.582    3  0.000  0.528     0.00     0.00 -1 -1.12e-19      0.00 7.511e-01 2.483e-01 1.039e-04 3.001e-05 2.628e-04 -1.000 5.713e-04 -1.182 0.602 0.162 -0.809 -1.369 -1.871 -2.577 -3.157 -3.233
0.00059013 -1.42000 10.14613 0.7762375474 2.4101209641    0.768  2.427  3.6688  1.524    3  0.000  0.528     0.00     0.00 -1 -1.25e-19      0.00 7.511e-01 2.483e-01 1.039e-04 3.002e-05 2.628e-04 -1.000 5.713e-04 -1.297 0.584 0.093 -0.910 -1.481 -1.988 -2.704 -3.292 -3.368
0.00059013 -1.42000 10.14613 0.7762562633 2.4101278782    0.768  2.464  3.6665  1.478    3  0.000  0.528     0.00     0.00 -1 -1.37e-19      0.00 7.511e-01 2.483e-01 1.039e-04 3.002e-05 2.628e-04 -1.000 5.713e-04 -1.390 0.537 0.027 -0.987 -1.565 -2.078 -2.804 -3.399 -3.476
0.00059013 -1.42000 10.14613 0.7762775421 2.4101357460    0.768  2.509  3.6637  1.421    3  0.000  0.528     0.00     0.00 -1 -1.54e-19      0.00 7.511e-01 2.483e-01 1.039e-04 3.002e-05 2.628e-04 -1.000 5.714e-04 -1.503 0.534 -0.034 -1.084 -1.673 -2.193 -2.929 -3.532 -3.609
0.00059013 -1.42000 10.14613 0.7762966156 2.4101428986    0.767  2.553  3.6610  1.366    3  0.000  0.528     0.00     0.00 -1 -1.71e-19      0.00 7.511e-01 2.483e-01 1.039e-04 3.002e-05 2.628e-04 -1.000 5.713e-04 -1.612 0.535 -0.091 -1.176 -1.778 -2.304 -3.050 -3.660 -3.737
0.00059013 -1.42000 10.14613 0.7763143778 2.4101495743    0.766  2.597  3.6580  1.310    3  0.000  0.528     0.00     0.00 -1  -1.9e-19      0.00 7.511e-01 2.483e-01 1.039e-04 3.002e-05 2.628e-04 -1.000 5.714e-04 -1.722 0.553 -0.140 -1.266 -1.880 -2.414 -3.171 -3.790 -3.867
0.00059013 -1.42000 10.14613 0.7763300538 2.4101555347    0.766  2.638  3.6553  1.257    3  0.000  0.528     0.00     0.00 -1 -2.09e-19      0.00 7.511e-01 2.483e-01 1.039e-04 3.002e-05 2.628e-04 -1.000 5.714e-04 -1.826 0.544 -0.196 -1.349 -1.975 -2.516 -3.285 -3.912 -3.990
0.00059013 -1.42000 10.14613 0.7763449550 2.4101610184    0.765  2.681  3.6524  1.202    3  0.000  0.528     0.00     0.00 -1 -2.31e-19      0.00 7.511e-01 2.484e-01 1.039e-04 3.002e-05 2.628e-04 -1.000 5.714e-04 -1.932 0.535 -0.253 -1.433 -2.071 -2.620 -3.401 -4.037 -4.116
0.00059013 -1.42000 10.14613 0.7763585448 2.4101662636    0.764  2.723  3.6496  1.149    3  0.000  0.528     0.00     0.00 -1 -2.55e-19      0.00 7.511e-01 2.484e-01 1.039e-04 3.002e-05 2.628e-04 -1.000 5.714e-04 -2.036 0.530 -0.307 -1.515 -2.165 -2.722 -3.514 -4.159 -4.240
0.00059013 -1.42000 10.14613 0.7763708234 2.4101707935    0.763  2.763  3.6468  1.097    3  0.000  0.528     0.00     0.00 -1  -2.8e-19      0.00 7.511e-01 2.484e-01 1.039e-04 3.002e-05 2.628e-04 -1.000 5.714e-04 -2.137 0.527 -0.358 -1.592 -2.253 -2.818 -3.623 -4.277 -4.360
0.00059013 -1.42000 10.14613 0.7763822079 2.4101750851    0.762  2.803  3.6441  1.046    3  0.000  0.528     0.00     0.00 -1 -3.07e-19      0.00 7.511e-01 2.484e-01 1.039e-04 3.002e-05 2.628e-04 -1.000 5.714e-04 -2.237 0.527 -0.408 -1.669 -2.342 -2.915 -3.731 -4.395 -4.479
0.00059013 -1.42000 10.14613 0.7763932347 2.4101791382    0.761  2.844  3.6411  0.992    3  0.000  0.528     0.00     0.00 -1 -3.37e-19      0.00 7.511e-01 2.484e-01 1.039e-04 3.002e-05 2.628e-04 -1.000 5.714e-04 -2.340 0.534 -0.455 -1.746 -2.432 -3.013 -3.843 -4.516 -4.603
0.00059013 -1.42000 10.14613 0.7764025331 2.4101827145    0.760  2.881  3.6385  0.944    3  0.000  0.528     0.00     0.00 -1 -3.67e-19      0.00 7.511e-01 2.484e-01 1.039e-04 3.002e-05 2.628e-04 -1.000 5.715e-04 -2.432 0.552 -0.491 -1.811 -2.511 -3.102 -3.944 -4.626 -4.714
0.00059013 -1.42000 10.14613 0.7764117122 2.4101860523    0.759  2.920  3.6357  0.893    3  0.000  0.528     0.00     0.00 -1 -4.01e-19      0.00 7.511e-01 2.484e-01 1.039e-04 3.002e-05 2.628e-04 -1.000 5.715e-04 -2.530 0.574 -0.526 -1.879 -2.593 -3.194 -4.049 -4.740 -4.830
0.00059013 -1.42000 10.14613 0.7764202952 2.4101893902    0.758  2.958  3.6329  0.843    3  0.000  0.528     0.00     0.00 -1 -4.37e-19      0.00 7.511e-01 2.484e-01 1.039e-04 3.002e-05 2.628e-04 -1.000 5.714e-04 -2.626 0.599 -0.560 -1.945 -2.675 -3.285 -4.154 -4.854 -4.946
0.00059013 -1.42000 10.14613 0.7764277458 2.4101920128    0.757  2.994  3.6302  0.795    3  0.000  0.528     0.00     0.00 -1 -4.74e-19      0.00 7.511e-01 2.484e-01 1.039e-04 3.002e-05 2.628e-04 -1.000 5.715e-04 -2.716 0.623 -0.591 -2.007 -2.750 -3.369 -4.251 -4.961 -5.055
0.00059013 -1.42000 10.14613 0.7764350176 2.4101948738    0.755  3.031  3.6275  0.747    3  0.000  0.528     0.00     0.00 -1 -5.14e-19      0.00 7.511e-01 2.484e-01 1.039e-04 3.002e-05 2.628e-04 -1.000 5.715e-04 -2.808 0.649 -0.622 -2.067 -2.826 -3.455 -4.350 -5.069 -5.165
0.00059013 -1.42000 10.14613 0.7764419317 2.4101974964    0.754  3.068  3.6248  0.698    3  0.000  0.528     0.00     0.00 -1 -5.59e-19      0.00 7.511e-01 2.484e-01 1.039e-04 3.002e-05 2.628e-04 -1.000 5.715e-04 -2.901 0.676 -0.652 -2.129 -2.902 -3.541 -4.450 -5.179 -5.278
0.00059013 -1.42000 10.14613 0.7764481306 2.4101998806    0.752  3.103  3.6222  0.652    3  0.000  0.528     0.00     0.00 -1 -6.04e-19      0.00 7.511e-01 2.484e-01 1.039e-04 3.002e-05 2.628e-04 -1.000 5.715e-04 -2.988 0.703 -0.680 -2.186 -2.974 -3.622 -4.544 -5.282 -5.382
0.00059013 -1.42000 10.14613 0.7764542103 2.4102020264    0.750  3.139  3.6195  0.604    3  0.000  0.528     0.00     0.00 -1 -6.54e-19      0.00 7.511e-01 2.484e-01 1.039e-04 3.002e-05 2.628e-04 -1.000 5.715e-04 -3.078 0.734 -0.707 -2.243 -3.047 -3.706 -4.641 -5.388 -5.491
0.00059013 -1.42000 10.14613 0.7764598727 2.4102041721    0.748  3.175  3.6169  0.557    3  0.000  0.528     0.00     0.00 -1 -7.08e-19      0.00 7.511e-01 2.484e-01 1.039e-04 3.002e-05 2.628e-04 -1.000 5.715e-04 -3.167 0.767 -0.731 -2.298 -3.117 -3.786 -4.736 -5.492 -5.598
0.00059013 -1.42000 10.14613 0.7764651179 2.4102060795    0.746  3.210  3.6143  0.511    3  0.000  0.528     0.00     0.00 -1 -7.64e-19      0.00 7.511e-01 2.484e-01 1.039e-04 3.002e-05 2.628e-04 -1.000 5.715e-04 -3.254 0.801 -0.753 -2.351 -3.186 -3.866 -4.828 -5.595 -5.703
0.00059013 -1.42000 10.14613 0.7764701247 2.4102079868    0.744  3.244  3.6118  0.464    3  0.000  0.528     0.00     0.00 -1 -8.25e-19      0.00 7.511e-01 2.484e-01 1.039e-04 3.002e-05 2.628e-04 -1.000 5.715e-04 -3.340 0.841 -0.768 -2.399 -3.252 -3.944 -4.921 -5.696 -5.807
0.00059013 -1.42000 10.14613 0.7764747739 2.4102096558    0.741  3.277  3.6093  0.421    3  0.000  0.528     0.00     0.00 -1 -8.87e-19      0.00 7.511e-01 2.484e-01 1.039e-04 3.002e-05 2.628e-04 -1.000 5.715e-04 -3.421 0.881 -0.779 -2.443 -3.314 -4.017 -5.008 -5.792 -5.905
0.00059013 -1.42000 10.14613 0.7764799595 2.4102118015    0.738  3.312  3.6067  0.373    3  0.000  0.528     0.00     0.00 -1 -9.61e-19      0.00 7.511e-01 2.484e-01 1.039e-04 3.002e-05 2.628e-04 -1.000 5.716e-04 -3.510 0.924 -0.792 -2.489 -3.381 -4.097 -5.103 -5.896 -6.012
0.00059013 -1.42000 10.14613 0.7764799595 2.4102118015    0.703  1.695  3.8002  2.743    4  0.000  0.523     0.00     0.00 -1    -1e-30      0.00 7.416e-01 2.577e-01 1.058e-04 3.183e-05 2.702e-04 -1.000 6.196e-04 0.532 0.910 0.952 0.578 0.303 0.032 -0.310 -0.574 -0.602
0.00059013 -1.42000 10.14613 0.7765267491 2.4102292061    0.703  1.712  3.7952  2.706    4  0.000  0.523     0.00     0.00 -1    -1e-30      0.00 7.416e-01 2.577e-01 1.058e-04 3.183e-05 2.702e-04 -1.000 6.195e-04 0.491 0.888 0.934 0.545 0.260 -0.020 -0.374 -0.649 -0.679
0.00059013 -1.42000 10.14613 0.7765741348 2.4102468491    0.703  1.713  3.7959  2.708    4  0.000  0.523     0.00     0.00 -1    -1e-30      0.00 7.416e-01 2.577e-01 1.058e-04 3.183e-05 2.702e-04 -1.000 6.195e-04 0.487 0.882 0.927 0.540 0.257 -0.022 -0.374 -0.648 -0.677
0.00059013 -1.42000 10.14613 0.7766212821 2.4102647305    0.703  1.713  3.7972  2.712    4  0.000  0.523     0.00     0.00 -1    -1e-30      0.00 7.416e-01 2.577e-01 1.058e-04 3.183e-05 2.702e-04 -1.000 6.195e-04 0.487 0.877 0.920 0.537 0.256 -0.020 -0.369 -0.640 -0.669
0.00059013 -1.42000 10.14613 0.7766698003 2.4102828503    0.704  1.713  3.7990  2.720    4  0.000  0.523     0.00     0.00 -1    -1e-30      0.00 7.416e-01 2.577e-01 1.058e-04 3.183e-05 2.702e-04 -1.000 6.196e-04 0.487 0.871 0.911 0.535 0.257 -0.015 -0.360 -0.626 -0.655
0.00059013 -1.42000 10.14613 0.7767187953 2.4103012085    0.704  1.713  3.8013  2.730    4  0.000  0.523     0.00     0.00 -1    -1e-30      0.00 7.416e-01 2.577e-01 1.058e-04 3.183e-05 2.702e-04 -1.000 6.195e-04 0.488 0.865 0.902 0.532 0.260 -0.009 -0.348 -0.609 -0.637
0.00059013 -1.42000 10.14613 0.7767683864 2.4103195667    0.704  1.712  3.8040  2.742    4  0.000  0.523     0.00     0.00 -1    -1e-30      0.00 7.416e-01 2.577e-01 1.058e-04 3.183e-05 2.702e-04 -1.000 6.195e-04 0.491 0.859 0.892 0.530 0.263 -0.000 -0.333 -0.587 -0.615
0.00059013 -1.42000 10.14613 0.7768173218 2.4103379250    0.704  1.711  3.8069  2.754    4  0.000  0.523     0.00     0.00 -1    -1e-30      0.00 7.416e-01 2.577e-01 1.058e-04 3.183e-05 2.702e-04 -1.000 6.195e-04 0.494 0.853 0.881 0.529 0.268 0.010 -0.316 -0.564 -0.590
0.00059013 -1.42000 10.14613 0.7768664956 2.4103562832    0.704  1.709  3.8100  2.768    4  0.000  0.523     0.00     0.00 -1    -1e-30      0.00 7.416e-01 2.577e-01 1.058e-04 3.183e-05 2.702e-04 -1.000 6.195e-04 0.497 0.846 0.870 0.527 0.273 0.020 -0.298 -0.539 -0.564
0.00059013 -1.42000 10.14613 0.7769125700 2.4103736877    0.704  1.708  3.8128  2.780    4  0.000  0.523     0.00     0.00 -1    -1e-30      0.00 7.416e-01 2.577e-01 1.058e-04 3.183e-05 2.702e-04 -1.000 6.195e-04 0.500 0.841 0.860 0.526 0.277 0.030 -0.281 -0.516 -0.541
0.00059013 -1.42000 10.14613 0.7769585252 2.4103908539    0.704  1.707  3.8153  2.792    4  0.000  0.523     0.00     0.00 -1    -1e-30      0.00 7.416e-01 2.577e-01 1.058e-04 3.183e-05 2.702e-04 -1.000 6.195e-04 0.502 0.837 0.852 0.525 0.282 0.039 -0.266 -0.496 -0.520
0.00059013 -1.42000 10.14613 0.7770048976 2.4104082584    0.704  1.706  3.8176  2.802    4  0.000  0.523     0.00     0.00 -1    -1e-30      0.00 7.416e-01 2.577e-01 1.058e-04 3.183e-05 2.702e-04 -1.000 6.196e-04 0.504 0.832 0.845 0.524 0.285 0.047 -0.252 -0.477 -0.500
0.00059013 -1.42000 10.14613 0.7770530581 2.4104261398    0.704  1.706  3.8197  2.811    4  0.000  0.523     0.00     0.00 -1    -1e-30      0.00 7.416e-01 2.577e-01 1.058e-04 3.183e-05 2.702e-04 -1.000 6.196e-04 0.506 0.828 0.838 0.523 0.289 0.054 -0.240 -0.460 -0.483
0.00059013 -1.42000 10.14613 0.7771033049 2.4104449749    0.704  1.705  3.8212  2.817    4  0.000  0.523     0.00     0.00 -1    -1e-30      0.00 7.416e-01 2.577e-01 1.058e-04 3.183e-05 2.702e-04 -1.000 6.195e-04 0.507 0.825 0.833 0.523 0.291 0.059 -0.231 -0.448 -0.471
0.00059013 -1.42000 10.14613 0.7771543860 2.4104640484    0.704  1.705  3.8221  2.821    4  0.000  0.523     0.00     0.00 -1    -1e-30      0.00 7.416e-01 2.577e-01 1.058e-04 3.183e-05 2.702e-04 -1.000 6.196e-04 0.508 0.823 0.830 0.522 0.292 0.062 -0.226 -0.441 -0.463
0.00059013 -1.42000 10.14613 0.7771732807 2.4104712009    0.704  1.705  3.8224  2.822    4  0.000  0.523     0.00     0.00 -1    -1e-30      0.00 7.416e-01 2.577e-01 1.058e-04 3.183e-05 2.702e-04 -1.000 6.195e-04 0.508 0.823 0.829 0.522 0.292 0.063 -0.225 -0.439 -0.462
0.00059013 -1.42000 10.14613 0.7772025466 2.4104821682    0.704  1.705  3.8224  2.822    4  0.000  0.523     0.00     0.00 -1    -1e-30      0.00 7.416e-01 2.577e-01 1.058e-04 3.183e-05 2.702e-04 -1.000 6.195e-04 0.507 0.822 0.829 0.521 0.292 0.062 -0.226 -0.440 -0.462
0.00059013 -1.42000 10.14613 0.7772532105 2.4105010033    0.704  1.706  3.8218  2.819    4  0.000  0.523     0.00     0.00 -1    -1e-30      0.00 7.416e-01 2.577e-01 1.058e-04 3.183e-05 2.702e-04 -1.000 6.195e-04 0.505 0.822 0.829 0.520 0.290 0.059 -0.230 -0.445 -0.468
0.00059013 -1.42000 10.14613 0.7773004770 2.4105186462    0.704  1.707  3.8205  2.813    4  0.000  0.523     0.00     0.00 -1    -1e-30      0.00 7.416e-01 2.577e-01 1.058e-04 3.183e-05 2.702e-04 -1.000 6.195e-04 0.503 0.823 0.831 0.519 0.286 0.053 -0.240 -0.457 -0.480
0.00059013 -1.42000 10.14613 0.7773485780 2.4105365276    0.704  1.708  3.8185  2.804    4  0.000  0.523     0.00     0.00 -1    -1e-30      0.00 7.416e-01 2.577e-01 1.058e-04 3.183e-05 2.702e-04 -1.000 6.195e-04 0.499 0.824 0.836 0.518 0.281 0.044 -0.253 -0.475 -0.499
0.00059013 -1.42000 10.14613 0.7773982286 2.4105551243    0.704  1.710  3.8158  2.791    4  0.000  0.523     0.00     0.00 -1    -1e-30      0.00 7.416e-01 2.577e-01 1.058e-04 3.183e-05 2.702e-04 -1.000 6.195e-04 0.494 0.827 0.842 0.516 0.274 0.032 -0.272 -0.500 -0.524
0.00059013 -1.42000 10.14613 0.7774475813 2.4105737209    0.704  1.713  3.8123  2.774    4  0.000  0.523     0.00     0.00 -1    -1e-30      0.00 7.416e-01 2.577e-01 1.058e-04 3.183e-05 2.702e-04 -1.000 6.195e-04 0.488 0.831 0.850 0.514 0.265 0.017 -0.295 -0.531 -0.556
0.00059013 -1.42000 10.14613 0.7774971128 2.4105920792    0.704  1.716  3.8082  2.755    4  0.000  0.523     0.00     0.00 -1    -1e-30      0.00 7.416e-01 2.577e-01 1.058e-04 3.183e-05 2.702e-04 -1.000 6.196e-04 0.480 0.835 0.861 0.513 0.255 -0.001 -0.323 -0.569 -0.594
0.00059013 -1.42000 10.14613 0.7775368690 2.4106068611    0.704  1.719  3.8044  2.737    4  0.000  0.523     0.00     0.00 -1    -1e-30      0.00 7.416e-01 2.577e-01 1.058e-04 3.183e-05 2.702e-04 -1.000 6.195e-04 0.473 0.840 0.872 0.512 0.246 -0.017 -0.348 -0.602 -0.629
0.00059013 -1.42000 10.14613 0.7775757313 2.4106214046    0.705  1.722  3.8006  2.718    4  0.000  0.523     0.00     0.00 -1    -1e-30      0.00 7.416e-01 2.577e-01 1.058e-04 3.183e-05 2.702e-04 -1.000 6.195e-04 0.466 0.845 0.882 0.511 0.237 -0.033 -0.374 -0.637 -0.665
0.00059013 -1.42000 10.14613 0.7776240110 2.4106395245    0.705  1.726  3.7955  2.694    4  0.000  0.523     0.00     0.00 -1    -1e-30      0.00 7.416e-01 2.577e-01 1.058e-04 3.183e-05 2.702e-04 -1.000 6.195e-04 0.456 0.853 0.896 0.509 0.224 -0.055 -0.408 -0.682 -0.712
0.00059013 -1.42000 10.14613 0.7776709795 2.4106569290    0.705  1.730  3.7905  2.670    4  0.000  0.523     0.00     0.00 -1    -1e-30      0.00 7.416e-01 2.577e-01 1.058e-04 3.183e-05 2.702e-04 -1.000 6.195e-04 0.445 0.860 0.910 0.506 0.212 -0.076 -0.443 -0.728 -0.760
0.00059013 -1.42000 10.14613 0.7777158618 2.4106738567    0.705  1.735  3.7854  2.645    4  0.000  0.523     0.00     0.00 -1    -1e-30      0.00 7.416e-01 2.577e-01 1.058e-04 3.183e-05 2.702e-04 -1.000 6.195e-04 0.433 0.868 0.924 0.504 0.198 -0.099 -0.478 -0.775 -0.808
0.00059013 -1.42000 10.14613 0.7777602673 2.4106903076    0.705  1.740  3.7806  2.621    4  0.000  0.523     0.00     0.00 -1    -1e-30      0.00 7.416e-01 2.577e-01 1.058e-04 3.183e-05 2.702e-04 -1.000 6.195e-04 0.421 0.875 0.936 0.500 0.185 -0.121 -0.512 -0.820 -0.855
0.00059013 -1.42000 10.14613 0.7778059244 2.4107074738    0.705  1.745  3.7760  2.597    4  0.000  0.523     0.00     0.00 -1    -1e-30      0.00 7.416e-01 2.577e-01 1.058e-04 3.183e-05 2.702e-04 -1.000 6.195e-04 0.407 0.885 0.946 0.495 0.170 -0.144 -0.548 -0.867 -0.904
0.00059013 -1.42000 10.14613 0.7778512836 2.4107244015    0.705  1.751  3.7722  2.576    4  0.000  0.523     0.00     0.00 -1    -1e-30      0.00 7.416e-01 2.577e-01 1.058e-04 3.183e-05 2.702e-04 -1.000 6.196e-04 0.392 0.890 0.952 0.487 0.155 -0.167 -0.580 -0.910 -0.948
0.00059013 -1.42000 10.14613 0.7778958678 2.4107408524    0.705  1.757  3.7688  2.556    4  0.000  0.523     0.00     0.00 -1    -1e-30      0.00 7.416e-01 2.577e-01 1.058e-04 3.183e-05 2.702e-04 -1.000 6.195e-04 0.377 0.893 0.954 0.478 0.139 -0.189 -0.611 -0.949 -0.989
0.00059013 -1.42000 10.14613 0.7779400945 2.4107575417    0.705  1.764  3.7658  2.538    4  0.000  0.523     0.00     0.00 -1    -1e-30      0.00 7.416e-01 2.577e-01 1.058e-04 3.183e-05 2.702e-04 -1.000 6.195e-04 0.360 0.892 0.954 0.467 0.122 -0.211 -0.641 -0.986 -1.027
0.00059013 -1.42000 10.14613 0.7779881358 2.4107754230    0.705  1.773  3.7624  2.515    4  0.000  0.523     0.00     0.00 -1    -1e-30      0.00 7.416e-01 2.577e-01 1.058e-04 3.183e-05 2.702e-04 -1.000 6.195e-04 0.338 0.888 0.950 0.452 0.100 -0.240 -0.679 -1.032 -1.075
0.00059013 -1.42000 10.14613 0.7780331373 2.4107921124    0.705  1.782  3.7592  2.493    4  0.000  0.523     0.00     0.00 -1    -1e-30      0.00 7.416e-01 2.577e-01 1.058e-04 3.183e-05 2.702e-04 -1.000 6.195e-04 0.314 0.881 0.943 0.434 0.076 -0.269 -0.717 -1.077 -1.121
0.00059013 -1.42000 10.14613 0.7780484557 2.4107978344    0.705  1.777  3.7622  2.510    4  0.000  0.523     0.00     0.00 -1    -1e-30      0.00 7.416e-01 2.577e-01 1.058e-04 3.183e-05 2.702e-04 -1.000 6.195e-04 0.327 0.877 0.939 0.440 0.088 -0.251 -0.691 -1.044 -1.087
0.00059013 -1.42000 10.14613 0.7780557275 2.4108004570    0.705  1.777  3.7617  2.508    4  0.000  0.523     0.00     0.00 -1    -1e-30      0.00 7.416e-01 2.577e-01 1.058e-04 3.183e-05 2.702e-04 -1.000 6.195e-04 0.328 0.882 0.944 0.443 0.090 -0.251 -0.692 -1.046 -1.090
0.00059013 -1.42000 10.14613 0.7781001329 2.4108171463    0.705  1.790  3.7572  2.477    4  0.000  0.523     0.00     0.00 -1    -1e-30      0.00 7.416e-01 2.577e-01 1.058e-04 3.183e-05 2.702e-04 -1.000 6.195e-04 0.295 0.875 0.936 0.419 0.056 -0.292 -0.745 -1.110 -1.155
0.00059013 -1.42000 10.14613 0.7781447172 2.4108338356    0.705  1.812  3.7517  2.433    4  0.000  0.523     0.00     0.00 -1    -1e-30      0.00 7.416e-01 2.577e-01 1.058e-04 3.183e-05 2.702e-04 -1.000 6.195e-04 0.239 0.856 0.912 0.374 0.001 -0.358 -0.825 -1.202 -1.251
0.00059013 -1.42000 10.14613 0.7781772017 2.4108457565    0.705  1.841  3.7455  2.379    4  0.000  0.523     0.00     0.00 -1    -1e-30      0.00 7.416e-01 2.577e-01 1.058e-04 3.183e-05 2.702e-04 -1.000 6.196e-04 0.166 0.826 0.875 0.314 -0.072 -0.441 -0.924 -1.315 -1.367
0.00059013 -1.42000 10.14613 0.7781950831 2.4108524323    0.705  1.875  3.7392  2.320    4  0.000  0.523     0.00     0.00 -1    -1e-30      0.00 7.416e-01 2.577e-01 1.058e-04 3.183e-05 2.702e-04 -1.000 6.196e-04 0.083 0.791 0.829 0.244 -0.154 -0.534 -1.034 -1.438 -1.495
0.00059013 -1.42000 10.14613 0.7782042623 2.4108560085    0.705  1.909  3.7333  2.263    4  0.000  0.523     0.00     0.00 -1    -1e-30      0.00 7.416e-01 2.577e-01 1.058e-04 3.183e-05 2.702e-04 -1.000 6.195e-04 -0.002 0.759 0.779 0.171 -0.239 -0.629 -1.145 -1.562 -1.621
0.00059013 -1.42000 10.14613 0.7782088518 2.4108576775    0.705  1.944  3.7280  2.206    4  0.000  0.523     0.00     0.00 -1    -1e-30      0.00 7.416e-01 2.577e-01 1.058e-04 3.183e-05 2.702e-04 -1.000 6.195e-04 -0.090 0.723 0.725 0.095 -0.325 -0.725 -1.255 -1.685 -1.746
0.00059013 -1.42000 10.14613 0.7782113552 2.4108586311    0.705  1.980  3.7232  2.151    4  0.000  0.523     0.00     0.00 -1    -1e-30      0.00 7.416e-01 2.577e-01 1.058e-04 3.183e-05 2.702e-04 -1.000 6.195e-04 -0.179 0.685 0.668 0.018 -0.413 -0.821 -1.364 -1.806 -1.869
0.00059013 -1.42000 10.14613 0.7782127261 2.4108591080    0.705  2.015  3.7190  2.100    4  0.000  0.523     0.00     0.00 -1    -1e-30      0.00 7.416e-01 2.577e-01 1.058e-04 3.183e-05 2.702e-04 -1.000 6.195e-04 -0.266 0.644 0.610 -0.059 -0.498 -0.914 -1.469 -1.920 -1.986
0.00059013 -1.42000 10.14613 0.7782132030 2.4108593464    0.705  2.030  3.7172  2.077    4  0.000  0.523     0.00     0.00 -1    -1e-30      0.00 7.416e-01 2.577e-01 1.058e-04 3.183e-05 2.702e-04 -1.000 6.195e-04 -0.306 0.625 0.583 -0.094 -0.537 -0.956 -1.516 -1.971 -2.038
0.00059013 -1.42000 10.14613 0.7782132626 2.4108593464    0.705  2.031  3.7172  2.076    7  0.000  0.523     0.00     0.00 -1 -1.01e-09      0.00 7.416e-01 2.561e-01 1.058e-04 3.183e-05 2.702e-04 -1.000 2.220e-03 -0.308 0.624 0.582 -0.095 -0.538 -0.957 -1.518 -1.973 -2.039
0.00059013 -1.42000 10.14613 0.7782135010 2.4108593464    0.705  2.042  3.7161  2.061    7  0.000  0.523     0.00     0.00 -1 -1.08e-09      0.00 7.416e-01 2.561e-01 1.058e-04 3.183e-05 2.702e-04 -1.000 2.220e-03 -0.335 0.610 0.563 -0.119 -0.565 -0.985 -1.549 -2.007 -2.074
0.00059013 -1.42000 10.14613 0.7782143950 2.4108595848    0.705  2.079  3.7125  2.009    7  0.000  0.523     0.00     0.00 -1 -1.36e-09      0.00 7.416e-01 2.561e-01 1.058e-04 3.183e-05 2.702e-04 -1.000 2.220e-03 -0.428 0.560 0.496 -0.203 -0.656 -1.083 -1.657 -2.124 -2.193
0.00059013 -1.42000 10.14613 0.7782152295 2.4108600616    0.705  2.114  3.7093  1.961    7  0.000  0.523     0.00     0.00 -1 -1.68e-09      0.00 7.416e-01 2.561e-01 1.058e-04 3.183e-05 2.702e-04 -1.000 2.220e-03 -0.515 0.516 0.433 -0.281 -0.741 -1.174 -1.758 -2.233 -2.303
0.00059013 -1.42000 10.14613 0.7782160640 2.4108603001    0.705  2.140  3.7069  1.926    7  0.000  0.523     0.00     0.00 -1 -1.96e-09      0.00 7.416e-01 2.561e-01 1.058e-04 3.183e-05 2.702e-04 -1.000 2.220e-03 -0.580 0.486 0.388 -0.338 -0.804 -1.241 -1.832 -2.314 -2.385
0.00059013 -1.42000 10.14613 0.7782168984 2.4108605385    0.705  2.154  3.7056  1.906    7  0.000  0.523     0.00     0.00 -1 -2.14e-09      0.00 7.416e-01 2.561e-01 1.058e-04 3.183e-05 2.702e-04 -1.000 2.220e-03 -0.616 0.469 0.363 -0.370 -0.839 -1.279 -1.874 -2.359 -2.431
0.00059013 -1.42000 10.14613 0.7782189250 2.4108614922    0.705  2.160  3.7051  1.899    7  0.000  0.523     0.00     0.00 -1 -2.21e-09      0.00 7.416e-01 2.561e-01 1.058e-04 3.183e-05 2.702e-04 -1.000 2.220e-03 -0.630 0.463 0.353 -0.382 -0.852 -1.293 -1.890 -2.376 -2.447
0.00059013 -1.42000 10.14613 0.7782207131 2.4108619690    0.704  2.149  3.7061  1.913    7  0.000  0.523     0.00     0.00 -1 -2.08e-09      0.00 7.416e-01 2.561e-01 1.058e-04 3.183e-05 2.702e-04 -1.000 2.220e-03 -0.602 0.475 0.372 -0.358 -0.826 -1.265 -1.858 -2.342 -2.413
0.00059013 -1.42000 10.14613 0.7782253027 2.4108636379    0.704  2.139  3.7071  1.927    7  0.000  0.523     0.00     0.00 -1 -1.96e-09      0.00 7.416e-01 2.561e-01 1.058e-04 3.183e-05 2.702e-04 -1.000 2.220e-03 -0.577 0.486 0.390 -0.335 -0.801 -1.238 -1.828 -2.309 -2.380
0.00059013 -1.42000 10.14613 0.7782527804 2.4108738899    0.701  2.151  3.7059  1.908    7  0.000  0.523     0.00     0.00 -1 -2.15e-09      0.00 7.416e-01 2.561e-01 1.058e-04 3.183e-05 2.702e-04 -1.000 2.220e-03 -0.608 0.473 0.368 -0.363 -0.832 -1.271 -1.865 -2.350 -2.421
0.00059013 -1.42000 10.14613 0.7782697678 2.4108803272    0.700  2.181  3.7031  1.866    7  0.000  0.523     0.00     0.00 -1  -2.6e-09      0.00 7.416e-01 2.561e-01 1.058e-04 3.183e-05 2.702e-04 -1.000 2.220e-03 -0.684 0.439 0.316 -0.429 -0.904 -1.349 -1.952 -2.443 -2.516
0.00059013 -1.42000 10.14613 0.7782883048 2.4108872414    0.697  2.225  3.6993  1.805    7  0.000  0.523     0.00     0.00 -1  -3.4e-09      0.00 7.416e-01 2.561e-01 1.058e-04 3.183e-05 2.702e-04 -1.000 2.220e-03 -0.793 0.387 0.239 -0.526 -1.010 -1.462 -2.077 -2.579 -2.653
0.00059013 -1.42000 10.14613 0.7783062458 2.4108939171    0.693  2.274  3.6953  1.738    7  0.000  0.523     0.00     0.00 -1 -4.62e-09      0.00 7.416e-01 2.561e-01 1.058e-04 3.183e-05 2.702e-04 -1.000 2.219e-03 -0.915 0.332 0.154 -0.634 -1.128 -1.587 -2.215 -2.729 -2.804
0.00059013 -1.42000 10.14613 0.7783219218 2.4108996391    0.689  2.322  3.6914  1.672    7  0.000  0.523     0.00     0.00 -1 -6.23e-09      0.00 7.416e-01 2.561e-01 1.058e-04 3.183e-05 2.702e-04 -1.000 2.215e-03 -1.035 0.277 0.070 -0.739 -1.242 -1.709 -2.350 -2.875 -2.952
0.00059013 -1.42000 10.14613 0.7783357501 2.4109048843    0.684  2.365  3.6880  1.612    7  0.000  0.523     0.00     0.00 -1 -8.16e-09      0.00 7.416e-01 2.562e-01 1.058e-04 3.183e-05 2.702e-04 -1.000 2.185e-03 -1.142 0.231 -0.004 -0.832 -1.344 -1.818 -2.471 -3.006 -3.084
0.00059013 -1.42000 10.14613 0.7783478498 2.4109094143    0.679  2.407  3.6847  1.553    7  0.000  0.523     0.00     0.00 -1 -1.07e-08      0.00 7.416e-01 2.562e-01 1.057e-04 3.184e-05 2.702e-04 -1.000 2.127e-03 -1.248 0.226 -0.065 -0.928 -1.451 -1.930 -2.593 -3.137 -3.214
0.00059013 -1.42000 10.14613 0.7783586383 2.4109134674    0.672  2.449  3.6814  1.494    7  0.000  0.522     0.00     0.00 -1 -1.39e-08      0.00 7.416e-01 2.563e-01 1.056e-04 3.187e-05 2.702e-04 -1.000 2.082e-03 -1.353 0.180 -0.136 -1.018 -1.548 -2.035 -2.710 -3.264 -3.342
0.00059013 -1.42000 10.14613 0.7783681750 2.4109170437    0.665  2.490  3.6781  1.435    7  0.000  0.520     0.00     0.00 -1 -1.82e-08      0.00 7.416e-01 2.563e-01 1.052e-04 3.208e-05 2.702e-04 -1.000 2.026e-03 -1.456 0.173 -0.193 -1.107 -1.649 -2.141 -2.827 -3.390 -3.467
0.00059013 -1.42000 10.14613 0.7783769369 2.4109201431    0.656  2.532  3.6749  1.375    7  0.000  0.514     0.00     0.00 -1 -2.39e-08      0.00 7.416e-01 2.564e-01 1.042e-04 3.293e-05 2.702e-04 -1.000 1.981e-03 -1.559 0.176 -0.247 -1.195 -1.749 -2.249 -2.945 -3.516 -3.593
0.00059013 -1.42000 10.14613 0.7783849835 2.4109232426    0.645  2.573  3.6699  1.306    7  0.000  0.504     0.00     0.00 -1 -3.18e-08      0.00 7.416e-01 2.564e-01 1.023e-04 3.490e-05 2.702e-04 -1.000 1.917e-03 -1.663 0.241 -0.269 -1.274 -1.847 -2.357 -3.070 -3.654 -3.730
0.00059013 -1.42000 10.14613 0.7783925533 2.4109261036    0.631  2.615  3.6629  1.227    7  0.000  0.492     0.00     0.00 -1 -4.35e-08      0.00 7.416e-01 2.565e-01 9.978e-05 3.783e-05 2.702e-04 -1.000 1.890e-03 -1.767 0.392 -0.250 -1.338 -1.939 -2.465 -3.203 -3.805 -3.882
0.00059013 -1.42000 10.14613 0.7783994675 2.4109287262    0.614  2.656  3.6594  1.160    7  0.000  0.479     0.00     0.00 -1 -5.93e-08      0.00 7.416e-01 2.566e-01 9.735e-05 4.080e-05 2.701e-04 -1.000 1.849e-03 -1.870 0.446 -0.279 -1.417 -2.035 -2.569 -3.321 -3.933 -4.009
0.00059013 -1.42000 10.14613 0.7784061432 2.4109311104    0.591  2.697  3.6575  1.094    7  0.000  0.469     0.00     0.00 -1 -8.29e-08      0.00 7.415e-01 2.567e-01 9.521e-05 4.342e-05 2.701e-04 -1.000 1.835e-03 -1.973 0.446 -0.335 -1.504 -2.133 -2.673 -3.433 -4.049 -4.126
0.00059013 -1.42000 10.14613 0.7784126401 2.4109334946    0.559  2.738  3.6587  1.034    7  0.000  0.460     0.00     0.00 -1  -1.2e-07      0.00 7.415e-01 2.568e-01 9.339e-05 4.567e-05 2.701e-04 -1.000 1.794e-03 -2.076 0.343 -0.442 -1.612 -2.240 -2.779 -3.535 -4.146 -4.221
0.00059013 -1.42000 10.14613 0.7784173489 2.4109354019    0.526  2.769  3.6674  1.012    7  0.000  0.453     0.00     0.00 -1  -1.6e-07      0.00 7.414e-01 2.568e-01 9.210e-05 4.724e-05 2.701e-04 -1.000 1.787e-03 -2.153 -0.041 -0.674 -1.743 -2.336 -2.857 -3.580 -4.166 -4.241
0.00059013 -1.42000 10.14613 0.7784188390 2.4109358788    0.505  2.779  3.6748  1.013    7  0.000  0.450     0.00     0.00 -1 -1.74e-07      0.00 7.414e-01 2.569e-01 9.143e-05 4.808e-05 2.701e-04 -1.000 1.744e-03 -2.178 -0.323 -0.827 -1.809 -2.373 -2.877 -3.575 -4.142 -4.217
0.00059013 -1.42000 10.14613 1.1244581938 2.4956896305    0.552 -4.775  3.5155  7.969    9  0.552  0.000     0.00     0.00 -1    -1e-30      0.00 7.287e-01 2.708e-01 8.073e-05 7.055e-05 2.706e-04 -1.000 5.071e-04 16.707 22.826 20.595 18.717 17.310 15.967 14.815 14.430 14.337
#isochrone terminated
