# File generated by CMD 3.3 (http://stev.oapd.inaf.it/cmd) on Sun Jun  7 12:23:17 CEST 2020
# isochrones based on PARSEC release v1.2S +  COLIBRI S_35
# Basic references: Bressan et al. (2012), MNRAS, 427, 127 + Chen et al. (2014, 2015), MNRAS, 444, 2525 + MNRAS, 452, 1068 + Tang et al. (2014), MNRAS, 445, 4287 + Marigo et al. (2017), ApJ, 835, 77 + Pastorelli al. (2019), MNRAS in press
# Thermal pulse cycles included 
# On RGB, assumed Reimers mass loss with efficiency eta=0.2
# Photometric system: <i>UBVRIJHK</i> (cf. Maiz-Apellaniz 2006 + Bessell 1990)
# Using YBC version of bolometric corrections as in Chen et al. (2019)
# O-rich circumstellar dpmod60alox40 dust from Groenewegen (2006)
# C-rich circumstellar AMCSIC15 dust from Groenewegen (2006)
# IMF: Kroupa (2001, 2002) + Kroupa et al. (2013) canonical two-part-power law IMF corrected for unresolved binaries 
# Kind of output: isochrone tables
# Zini     MH   logAge Mini        int_IMF         Mass   logL    logTe  logg  label   McoreTP C_O  period0 period1 pmode  Mloss  tau1m   X   Y   Xc  Xn  Xo  Cexcess  Z 	 mbolmag  Umag    Bmag    Vmag    Rmag    Imag    Jmag    Hmag    Kmag
0.00059013 -1.42000 10.17609 0.0900000036 1.0816895962    0.090 -3.187  3.4709  5.415    1  0.000  0.545     0.00     0.00 -1 -5.39e-22      0.00 7.470e-01 2.523e-01 1.114e-04 3.006e-05 2.726e-04 -1.000 6.195e-04 12.738 20.286 17.531 15.530 13.782 12.095 10.742 10.415 10.306
0.00059013 -1.42000 10.17609 0.0970095545 1.1456292868    0.097 -2.988  3.4992  5.362    1  0.000  0.545     0.00     0.00 -1 -4.11e-21      0.00 7.456e-01 2.538e-01 1.114e-04 3.006e-05 2.726e-04 -1.000 6.196e-04 12.241 18.496 16.291 14.367 12.951 11.571 10.341 9.907 9.771
0.00059013 -1.42000 10.17609 0.1000000089 1.1711064577    0.100 -2.908  3.5107  5.341    1  0.000  0.545     0.00     0.00 -1 -1.06e-19      0.00 7.449e-01 2.545e-01 1.114e-04 3.006e-05 2.726e-04 -1.000 6.195e-04 12.040 17.825 15.819 13.949 12.631 11.363 10.178 9.712 9.566
0.00059013 -1.42000 10.17609 0.1199999973 1.3193154335    0.120 -2.623  3.5422  5.260    1  0.000  0.545     0.00     0.00 -1 -2.65e-17      0.00 7.418e-01 2.576e-01 1.114e-04 3.006e-05 2.726e-04 -1.000 6.195e-04 11.327 15.981 14.432 12.769 11.639 10.634 9.567 9.040 8.869
0.00059013 -1.42000 10.17609 0.1226599738 1.3365979195    0.123 -2.597  3.5444  5.253    1  0.000  0.545     0.00     0.00 -1 -9.94e-18      0.00 7.414e-01 2.579e-01 1.114e-04 3.006e-05 2.726e-04 -1.000 6.196e-04 11.262 15.846 14.324 12.677 11.557 10.568 9.509 8.979 8.807
0.00059013 -1.42000 10.17609 0.1400000006 1.4384527206    0.140 -2.440  3.5578  5.207    1  0.000  0.545     0.00     0.00 -1 -6.32e-21      0.00 7.395e-01 2.599e-01 1.114e-04 3.006e-05 2.726e-04 -1.000 6.196e-04 10.869 15.048 13.681 12.131 11.071 10.171 9.159 8.613 8.432
0.00059013 -1.42000 10.17609 0.1599999964 1.5372931957    0.160 -2.296  3.5680  5.162    1  0.000  0.545     0.00     0.00 -1 -3.14e-23      0.00 7.379e-01 2.615e-01 1.114e-04 3.006e-05 2.726e-04 -1.000 6.195e-04 10.510 14.397 13.142 11.666 10.649 9.810 8.832 8.276 8.089
0.00059013 -1.42000 10.17609 0.2000000179 1.6938792467    0.200 -2.073  3.5814  5.089    1  0.000  0.545     0.00     0.00 -1 -3.32e-21      0.00 7.367e-01 2.626e-01 1.114e-04 3.006e-05 2.726e-04 -1.000 6.195e-04 9.953 13.493 12.369 10.984 10.024 9.250 8.315 7.750 7.557
0.00059013 -1.42000 10.17609 0.2500000298 1.8403259516    0.250 -1.871  3.5925  5.028    1  0.000  0.545     0.00     0.00 -1 -3.78e-24      0.00 7.369e-01 2.625e-01 1.114e-04 3.006e-05 2.726e-04 -1.000 6.196e-04 9.446 12.717 11.695 10.384 9.473 8.742 7.842 7.271 7.076
0.00059013 -1.42000 10.17609 0.3000000417 1.9529141188    0.300 -1.717  3.6010  4.988    1  0.000  0.545     0.00     0.00 -1 -4.18e-24      0.00 7.371e-01 2.623e-01 1.114e-04 3.006e-05 2.726e-04 -1.000 6.196e-04 9.062 12.144 11.191 9.932 9.057 8.355 7.481 6.908 6.717
0.00059013 -1.42000 10.17609 0.3005281687 1.9539705515    0.300 -1.715  3.6011  4.987    1  0.000  0.545     0.00     0.00 -1  -4.1e-24      0.00 7.371e-01 2.623e-01 1.114e-04 3.006e-05 2.726e-04 -1.000 6.203e-04 9.059 12.138 11.186 9.928 9.053 8.351 7.478 6.905 6.713
0.00059013 -1.42000 10.17609 0.3500000238 2.0434176922    0.350 -1.591  3.6084  4.959    1  0.000  0.545     0.00     0.00 -1 -2.09e-23      0.00 7.396e-01 2.598e-01 1.114e-04 3.006e-05 2.726e-04 -1.000 6.686e-04 8.749 11.677 10.779 9.564 8.719 8.039 7.187 6.613 6.427
0.00059013 -1.42000 10.17609 0.3860958815 2.0989007950    0.386 -1.482  3.6169  4.926    1  0.000  0.545     0.00     0.00 -1 -7.61e-20      0.00 7.472e-01 2.522e-01 1.114e-04 3.006e-05 2.726e-04 -1.000 6.352e-04 8.475 11.236 10.396 9.229 8.418 7.763 6.935 6.360 6.184
0.00059013 -1.42000 10.17609 0.4000000358 2.1185026169    0.400 -1.442  3.6200  4.914    1  0.000  0.545     0.00     0.00 -1 -3.19e-19      0.00 7.500e-01 2.494e-01 1.114e-04 3.006e-05 2.726e-04 -1.000 6.195e-04 8.376 11.077 10.257 9.108 8.309 7.663 6.844 6.268 6.096
0.00059013 -1.42000 10.17609 0.4500000179 2.1822810173    0.450 -1.262  3.6393  4.862    1  0.000  0.545     0.00     0.00 -1 -1.25e-21      0.00 7.500e-01 2.493e-01 1.114e-04 3.006e-05 2.726e-04 -1.000 6.196e-04 7.926 10.268 9.575 8.528 7.805 7.213 6.446 5.873 5.726
0.00059013 -1.42000 10.17609 0.5000000000 2.2374541759    0.500 -1.057  3.6674  4.815    1  0.000  0.545     0.00     0.00 -1 -7.86e-24      0.00 7.500e-01 2.493e-01 1.114e-04 3.006e-05 2.726e-04 -1.000 6.195e-04 7.412 9.240 8.755 7.843 7.224 6.703 6.014 5.477 5.360
0.00059013 -1.42000 10.17609 0.5500000715 2.2836585045    0.550 -0.826  3.6946  4.735    1  0.000  0.544     0.00     0.00 -1 -1.83e-25      0.00 7.928e-01 2.067e-01 9.364e-05 2.529e-05 2.295e-04 -1.000 5.073e-04 6.835 8.175 7.930 7.130 6.601 6.137 5.531 5.055 4.958
0.00059013 -1.42000 10.17609 0.6000000238 2.3211214542    0.600 -0.599  3.7254  4.668    1  0.000  0.543     0.00     0.00 -1 -2.93e-26      0.00 8.055e-01 1.940e-01 8.875e-05 2.398e-05 2.178e-04 -1.000 4.956e-04 6.267 7.164 7.149 6.462 6.011 5.600 5.084 4.676 4.598
0.00059013 -1.42000 10.17609 0.6026676297 2.3229203224    0.602 -0.586  3.7272  4.665    1  0.000  0.543     0.00     0.00 -1 -1.13e-29      0.00 8.063e-01 1.932e-01 8.845e-05 2.390e-05 2.171e-04 -1.000 4.956e-04 6.235 7.110 7.107 6.426 5.979 5.571 5.059 4.655 4.579
0.00059013 -1.42000 10.17609 0.6117368340 2.3289010525    0.611 -0.542  3.7332  4.651    1  0.000  0.543     0.00     0.00 -1 -9.61e-27      0.00 8.089e-01 1.906e-01 8.741e-05 2.362e-05 2.146e-04 -1.000 4.931e-04 6.126 6.931 6.963 6.304 5.869 5.470 4.975 4.583 4.510
0.00059013 -1.42000 10.17609 0.6205782890 2.3345386982    0.620 -0.499  3.7389  4.637    1  0.000  0.543     0.00     0.00 -1 -8.73e-24      0.00 8.117e-01 1.879e-01 8.636e-05 2.335e-05 2.121e-04 -1.000 4.764e-04 6.018 6.760 6.824 6.185 5.762 5.372 4.891 4.510 4.440
0.00059013 -1.42000 10.17609 0.6306366920 2.3407316208    0.630 -0.450  3.7452  4.620    1  0.000  0.543     0.00     0.00 -1 -1.84e-20      0.00 8.148e-01 1.847e-01 8.512e-05 2.302e-05 2.091e-04 -1.000 4.949e-04 5.895 6.572 6.667 6.051 5.641 5.261 4.795 4.424 4.359
0.00059013 -1.42000 10.17609 0.6403508782 2.3465008736    0.640 -0.401  3.7512  4.602    1  0.000  0.542     0.00     0.00 -1 -2.44e-17      0.00 8.181e-01 1.815e-01 8.388e-05 2.269e-05 2.062e-04 -1.000 4.625e-04 5.773 6.391 6.514 5.920 5.523 5.153 4.701 4.339 4.279
0.00059013 -1.42000 10.17609 0.6496331692 2.3518285751    0.649 -0.354  3.7568  4.584    1  0.000  0.542     0.00     0.00 -1 -2.88e-20      0.00 8.212e-01 1.784e-01 8.265e-05 2.236e-05 2.033e-04 -1.000 4.188e-04 5.654 6.219 6.367 5.794 5.409 5.048 4.609 4.256 4.200
0.00059013 -1.42000 10.17609 0.6499999762 2.3520355225    0.650 -0.352  3.7571  4.583    1  0.000  0.542     0.00     0.00 -1 -2.14e-17      0.00 8.213e-01 1.782e-01 8.261e-05 2.235e-05 2.031e-04 -1.000 4.731e-04 5.649 6.212 6.361 5.789 5.404 5.044 4.606 4.253 4.197
0.00059013 -1.42000 10.17609 0.6519892216 2.3531529903    0.652 -0.341  3.7582  4.578    1  0.000  0.542     0.00     0.00 -1 -5.89e-18      0.00 8.222e-01 1.774e-01 8.228e-05 2.226e-05 2.024e-04 -1.000 4.710e-04 5.624 6.176 6.330 5.761 5.379 5.021 4.585 4.234 4.179
0.00059013 -1.42000 10.17609 0.6612574458 2.3582584858    0.661 -0.292  3.7633  4.555    1  0.000  0.542     0.00     0.00 -1 -7.51e-27      0.00 8.262e-01 1.733e-01 8.074e-05 2.185e-05 1.987e-04 -1.000 4.742e-04 5.499 6.008 6.181 5.632 5.260 4.910 4.486 4.142 4.091
0.00059013 -1.42000 10.17609 0.6698722243 2.3628582954    0.670 -0.244  3.7680  4.532    1  0.000  0.541     0.00     0.00 -1 -6.46e-24      0.00 8.302e-01 1.694e-01 7.924e-05 2.146e-05 1.951e-04 -1.000 4.416e-04 5.380 5.852 6.040 5.508 5.146 4.803 4.389 4.051 4.005
0.00059013 -1.42000 10.17609 0.6782463789 2.3672013283    0.678 -0.195  3.7725  4.506    1  0.000  0.541     0.00     0.00 -1 -4.36e-21      0.00 8.342e-01 1.654e-01 7.772e-05 2.105e-05 1.915e-04 -1.000 3.956e-04 5.257 5.697 5.898 5.383 5.030 4.694 4.289 3.958 3.915
0.00059013 -1.42000 10.17609 0.6854433417 2.3708364964    0.685 -0.151  3.7763  4.482    1  0.000  0.541     0.00     0.00 -1 -1.14e-18      0.00 8.378e-01 1.618e-01 7.636e-05 2.069e-05 1.882e-04 -1.000 4.506e-04 5.147 5.561 5.771 5.270 4.924 4.595 4.198 3.873 3.833
0.00059013 -1.42000 10.17609 0.6924556494 2.3742947578    0.692 -0.105  3.7799  4.455    1  0.000  0.540     0.00     0.00 -1 -2.67e-17      0.00 8.414e-01 1.581e-01 7.497e-05 2.032e-05 1.850e-04 -1.000 4.718e-04 5.034 5.423 5.641 5.154 4.815 4.492 4.103 3.783 3.746
0.00059013 -1.42000 10.17609 0.6999999881 2.3779268265    0.700 -0.054  3.7837  4.423    1  0.000  0.540     0.00     0.00 -1 -3.68e-22      0.00 8.456e-01 1.540e-01 7.342e-05 1.991e-05 1.813e-04 -1.000 4.410e-04 4.904 5.275 5.496 5.022 4.691 4.374 3.992 3.678 3.643
0.00059013 -1.42000 10.17609 0.7043957114 2.3800017834    0.704 -0.022  3.7857  4.402    1  0.000  0.539     0.00     0.00 -1 -3.53e-29      0.00 8.483e-01 1.514e-01 7.234e-05 1.964e-05 1.789e-04 -1.000 3.956e-04 4.825 5.186 5.408 4.942 4.614 4.301 3.924 3.612 3.579
0.00059013 -1.42000 10.17609 0.7113764882 2.3832364082    0.711  0.032  3.7887  4.365    1  0.000  0.538     0.00     0.00 -1 -9.96e-27      0.00 8.523e-01 1.473e-01 7.069e-05 1.923e-05 1.753e-04 -1.000 4.455e-04 4.691 5.038 5.261 4.805 4.484 4.176 3.805 3.498 3.468
0.00059013 -1.42000 10.17609 0.7178484201 2.3861708641    0.717  0.085  3.7913  4.326    1  0.000  0.536     0.00     0.00 -1 -1.84e-24      0.00 8.557e-01 1.439e-01 6.935e-05 1.891e-05 1.724e-04 -1.000 3.833e-04 4.557 4.893 5.116 4.669 4.354 4.050 3.685 3.382 3.353
0.00059013 -1.42000 10.17609 0.7238581181 2.3888416290    0.723  0.138  3.7934  4.285    1  0.000  0.535     0.00     0.00 -1 -2.32e-22      0.00 8.575e-01 1.421e-01 6.861e-05 1.874e-05 1.709e-04 -1.000 3.858e-04 4.426 4.754 4.974 4.536 4.225 3.925 3.564 3.265 3.237
0.00059013 -1.42000 10.17609 0.7294719815 2.3912909031    0.729  0.191  3.7949  4.242    1  0.000  0.534     0.00     0.00 -1 -2.13e-20      0.00 8.587e-01 1.410e-01 6.812e-05 1.864e-05 1.701e-04 -1.000 3.813e-04 4.293 4.617 4.835 4.402 4.094 3.796 3.439 3.143 3.116
0.00059013 -1.42000 10.17609 0.7327616215 2.3927059174    0.732  0.224  3.7954  4.212    1  0.000  0.533     0.00     0.00 -1 -3.04e-19      0.00 8.592e-01 1.404e-01 6.790e-05 1.859e-05 1.697e-04 -1.000 3.798e-04 4.209 4.532 4.747 4.317 4.010 3.714 3.357 3.062 3.036
0.00059013 -1.42000 10.17609 0.7343478799 2.3933832645    0.734  0.242  3.7953  4.194    1  0.000  0.533     0.00     0.00 -1 -1.02e-18      0.00 8.594e-01 1.402e-01 6.780e-05 1.857e-05 1.695e-04 -1.000 3.792e-04 4.164 4.488 4.702 4.271 3.965 3.669 3.312 3.017 2.990
0.00059013 -1.42000 10.17609 0.7394058108 2.3955202103    0.739  0.304  3.7940  4.130    1  0.000  0.532     0.00     0.00 -1 -1.01e-17      0.00 8.601e-01 1.395e-01 6.750e-05 1.852e-05 1.691e-04 -1.000 3.814e-04 4.010 4.342 4.550 4.117 3.809 3.511 3.151 2.854 2.827
0.00059013 -1.42000 10.17609 0.7428897023 2.3969726562    0.742  0.351  3.7917  4.076    1  0.000  0.531     0.00     0.00 -1 -1.27e-18      0.00 8.605e-01 1.391e-01 6.737e-05 1.850e-05 1.690e-04 -1.000 3.942e-04 3.892 4.234 4.438 4.001 3.689 3.387 3.022 2.721 2.693
0.00059013 -1.42000 10.17609 0.7435365915 2.3972406387    0.743  0.360  3.7911  4.065    1  0.000  0.531     0.00     0.00 -1 -4.54e-19      0.00 8.606e-01 1.390e-01 6.735e-05 1.850e-05 1.690e-04 -1.000 4.052e-04 3.869 4.214 4.417 3.978 3.665 3.363 2.996 2.694 2.665
0.00059013 -1.42000 10.17609 0.7447864413 2.3977568150    0.744  0.380  3.7894  4.039    2  0.000  0.531     0.00     0.00 -1 -1.01e-18      0.00 8.602e-01 1.394e-01 6.767e-05 1.859e-05 1.698e-04 -1.000 3.886e-04 3.819 4.172 4.373 3.929 3.613 3.308 2.938 2.632 2.603
0.00059013 -1.42000 10.17609 0.7472599149 2.3987727165    0.746  0.425  3.7841  3.975    2  0.000  0.531     0.00     0.00 -1 -4.95e-18      0.00 8.587e-01 1.409e-01 6.886e-05 1.893e-05 1.729e-04 -1.000 3.835e-04 3.708 4.087 4.281 3.822 3.496 3.183 2.801 2.486 2.453
0.00059013 -1.42000 10.17609 0.7490712404 2.3995118141    0.748  0.463  3.7776  3.911    2  0.000  0.531     0.00     0.00 -1 -1.65e-17      0.00 8.511e-01 1.485e-01 7.272e-05 1.999e-05 1.826e-04 -1.000 3.951e-04 3.612 4.024 4.210 3.730 3.393 3.070 2.672 2.346 2.310
0.00059013 -1.42000 10.17609 0.7500000000 2.3998889923    0.749  0.487  3.7729  3.869    2  0.000  0.531     0.00     0.00 -1  -3.1e-17      0.00 8.361e-01 1.635e-01 7.881e-05 2.166e-05 1.976e-04 -1.000 4.036e-04 3.553 3.994 4.171 3.676 3.330 2.999 2.591 2.257 2.217
0.00059013 -1.42000 10.17609 0.7504618168 2.4000761509    0.749  0.498  3.7706  3.849    2  0.000  0.532     0.00     0.00 -1 -3.54e-17      0.00 8.287e-01 1.709e-01 8.183e-05 2.248e-05 2.050e-04 -1.000 4.083e-04 3.524 3.979 4.152 3.649 3.299 2.965 2.551 2.213 2.172
0.00059013 -1.42000 10.17609 0.7515978217 2.4005355835    0.750  0.531  3.7627  3.785    2  0.000  0.534     0.00     0.00 -1 -5.01e-17      0.00 8.051e-01 1.944e-01 9.018e-05 2.473e-05 2.253e-04 -1.000 5.044e-04 3.442 3.947 4.104 3.575 3.211 2.864 2.432 2.080 2.033
0.00059013 -1.42000 10.17609 0.7525904775 2.4009358883    0.751  0.568  3.7545  3.716    2  0.000  0.535     0.00     0.00 -1 -9.09e-30      0.00 7.896e-01 2.098e-01 9.550e-05 2.615e-05 2.380e-04 -1.000 5.901e-04 3.351 3.915 4.052 3.495 3.115 2.755 2.303 1.937 1.885
0.00059013 -1.42000 10.17609 0.7533661127 2.4012475014    0.752  0.607  3.7483  3.652    2  0.000  0.536     0.00     0.00 -1 -1.77e-29      0.00 7.810e-01 2.184e-01 9.848e-05 2.695e-05 2.451e-04 -1.000 5.217e-04 3.251 3.862 3.983 3.405 3.014 2.643 2.177 1.799 1.743
0.00059013 -1.42000 10.17609 0.7539697289 2.4014897346    0.753  0.647  3.7440  3.595    2  0.000  0.536     0.00     0.00 -1    -3e-29      0.00 7.762e-01 2.233e-01 1.002e-04 2.740e-05 2.492e-04 -1.000 5.238e-04 3.152 3.796 3.905 3.313 2.913 2.536 2.059 1.673 1.614
0.00059013 -1.42000 10.17609 0.7544756532 2.4016923904    0.753  0.687  3.7410  3.544    2  0.000  0.536     0.00     0.00 -1 -4.69e-29      0.00 7.729e-01 2.265e-01 1.013e-04 2.769e-05 2.518e-04 -1.000 5.912e-04 3.053 3.719 3.821 3.220 2.815 2.433 1.948 1.557 1.495
0.00059013 -1.42000 10.17609 0.7545639277 2.4017276764    0.753  0.694  3.7405  3.535    2  0.000  0.536     0.00     0.00 -1 -5.07e-29      0.00 7.724e-01 2.271e-01 1.015e-04 2.774e-05 2.522e-04 -1.000 5.219e-04 3.035 3.705 3.806 3.203 2.797 2.414 1.928 1.535 1.474
0.00059013 -1.42000 10.17609 0.7546594143 2.4017658234    0.753  0.703  3.7400  3.525    2  0.000  0.536     0.00     0.00 -1 -5.51e-29      0.00 7.719e-01 2.276e-01 1.016e-04 2.778e-05 2.526e-04 -1.000 5.405e-04 3.014 3.687 3.787 3.182 2.776 2.392 1.904 1.511 1.449
0.00059013 -1.42000 10.17609 0.7551620603 2.4019668102    0.754  0.748  3.7377  3.469    3  0.000  0.536     0.00     0.00 -1 -8.63e-29      0.00 7.692e-01 2.302e-01 1.024e-04 2.799e-05 2.545e-04 -1.000 6.063e-04 2.899 3.594 3.685 3.072 2.661 2.274 1.779 1.381 1.318
0.00059013 -1.42000 10.17609 0.7555859685 2.4021358490    0.754  0.790  3.7359  3.421    3  0.000  0.537     0.00     0.00 -1 -1.27e-28      0.00 7.672e-01 2.323e-01 1.030e-04 2.815e-05 2.558e-04 -1.000 5.698e-04 2.795 3.506 3.590 2.972 2.558 2.167 1.667 1.264 1.200
0.00059013 -1.42000 10.17609 0.7560568452 2.4023234844    0.755  0.840  3.7340  3.364    3  0.000  0.537     0.00     0.00 -1 -1.94e-28      0.00 7.650e-01 2.344e-01 1.035e-04 2.829e-05 2.571e-04 -1.000 5.566e-04 2.670 3.399 3.475 2.851 2.434 2.041 1.535 1.127 1.063
0.00059013 -1.42000 10.17609 0.7564923763 2.4024968147    0.755  0.890  3.7324  3.308    3  0.000  0.537     0.00     0.00 -1  -2.9e-28      0.00 7.631e-01 2.363e-01 1.039e-04 2.841e-05 2.582e-04 -1.000 5.852e-04 2.546 3.290 3.359 2.730 2.311 1.915 1.404 0.992 0.927
0.00059013 -1.42000 10.17609 0.7569298148 2.4026708603    0.756  0.944  3.7308  3.248    3  0.000  0.537     0.00     0.00 -1 -4.37e-28      0.00 7.613e-01 2.381e-01 1.043e-04 2.851e-05 2.591e-04 -1.000 5.812e-04 2.411 3.169 3.232 2.598 2.176 1.778 1.262 0.845 0.780
0.00059013 -1.42000 10.17609 0.7573175430 2.4028246403    0.756  0.996  3.7293  3.190    3  0.000  0.537     0.00     0.00 -1  -6.3e-28      0.00 7.597e-01 2.398e-01 1.045e-04 2.859e-05 2.598e-04 -1.000 5.439e-04 2.280 3.053 3.110 2.471 2.047 1.646 1.125 0.704 0.638
0.00059013 -1.42000 10.17609 0.7576466799 2.4029552937    0.756  1.044  3.7279  3.136    3  0.000  0.536     0.00     0.00 -1 -8.64e-28      0.00 7.583e-01 2.411e-01 1.047e-04 2.866e-05 2.603e-04 -1.000 5.654e-04 2.159 2.945 2.997 2.353 1.926 1.523 0.998 0.572 0.506
0.00059013 -1.42000 10.17609 0.7579045296 2.4030573368    0.756  1.086  3.7267  3.090    3  0.000  0.536     0.00     0.00 -1 -1.11e-27      0.00 7.573e-01 2.422e-01 1.047e-04 2.872e-05 2.607e-04 -1.000 5.931e-04 2.056 2.854 2.900 2.253 1.824 1.420 0.890 0.462 0.395
0.00059013 -1.42000 10.17609 0.7581900954 2.4031703472    0.757  1.135  3.7253  3.035    3  0.000  0.535     0.00     0.00 -1 -1.47e-27      0.00 7.561e-01 2.433e-01 1.048e-04 2.880e-05 2.610e-04 -1.000 6.094e-04 1.933 2.744 2.785 2.133 1.702 1.295 0.761 0.328 0.261
0.00059013 -1.42000 10.17609 0.7584633231 2.4032783508    0.757  1.187  3.7237  2.977    3  0.000  0.535     0.00     0.00 -1 -1.94e-27      0.00 7.552e-01 2.443e-01 1.047e-04 2.890e-05 2.613e-04 -1.000 5.823e-04 1.803 2.630 2.664 2.007 1.573 1.163 0.624 0.187 0.119
0.00059013 -1.42000 10.17609 0.7587108612 2.4033763409    0.757  1.239  3.7221  2.919    3  0.000  0.534     0.00     0.00 -1  -2.5e-27      0.00 7.544e-01 2.451e-01 1.046e-04 2.901e-05 2.615e-04 -1.000 5.575e-04 1.673 2.517 2.544 1.881 1.444 1.032 0.488 0.047 -0.021
0.00059013 -1.42000 10.17609 0.7589271069 2.4034616947    0.757  1.289  3.7205  2.863    3  0.000  0.533     0.00     0.00 -1 -3.13e-27      0.00 7.537e-01 2.457e-01 1.045e-04 2.912e-05 2.617e-04 -1.000 5.836e-04 1.548 2.409 2.428 1.760 1.320 0.906 0.357 -0.089 -0.158
0.00059013 -1.42000 10.17609 0.7591227293 2.4035389423    0.758  1.338  3.7188  2.806    3  0.000  0.532     0.00     0.00 -1 -3.85e-27      0.00 7.533e-01 2.461e-01 1.044e-04 2.922e-05 2.618e-04 -1.000 6.001e-04 1.424 2.303 2.314 1.640 1.198 0.780 0.226 -0.224 -0.294
0.00059013 -1.42000 10.17609 0.7592986822 2.4036083221    0.758  1.387  3.7171  2.751    3  0.000  0.532     0.00     0.00 -1 -4.67e-27      0.00 7.530e-01 2.464e-01 1.044e-04 2.931e-05 2.619e-04 -1.000 6.049e-04 1.302 2.200 2.203 1.522 1.076 0.656 0.096 -0.358 -0.429
0.00059013 -1.42000 10.17609 0.7594621181 2.4036726952    0.758  1.437  3.7153  2.693    3  0.000  0.531     0.00     0.00 -1  -5.6e-27      0.00 7.527e-01 2.467e-01 1.043e-04 2.937e-05 2.620e-04 -1.000 6.148e-04 1.176 2.094 2.089 1.402 0.953 0.529 -0.036 -0.496 -0.567
0.00059013 -1.42000 10.17609 0.7596068382 2.4037296772    0.758  1.486  3.7135  2.637    3  0.000  0.531     0.00     0.00 -1 -6.62e-27      0.00 7.526e-01 2.468e-01 1.043e-04 2.940e-05 2.620e-04 -1.000 5.953e-04 1.054 1.992 1.978 1.284 0.832 0.405 -0.166 -0.631 -0.702
0.00059013 -1.42000 10.17609 0.7597418427 2.4037828445    0.758  1.537  3.7116  2.579    3  0.000  0.531     0.00     0.00 -1 -7.75e-27      0.00 7.526e-01 2.468e-01 1.043e-04 2.941e-05 2.620e-04 -1.000 5.572e-04 0.928 1.886 1.865 1.164 0.708 0.278 -0.300 -0.769 -0.841
0.00059013 -1.42000 10.17609 0.7598612309 2.4038300514    0.758  1.585  3.7097  2.523    3  0.000  0.531     0.00     0.00 -1 -8.96e-27      0.00 7.526e-01 2.469e-01 1.043e-04 2.941e-05 2.620e-04 -1.000 5.541e-04 0.806 1.785 1.755 1.047 0.588 0.154 -0.429 -0.904 -0.977
0.00059013 -1.42000 10.17609 0.7599676251 2.4038717747    0.758  1.633  3.7078  2.468    3  0.000  0.531     0.00     0.00 -1 -1.02e-26      0.00 7.526e-01 2.469e-01 1.043e-04 2.942e-05 2.620e-04 -1.000 5.542e-04 0.687 1.692 1.650 0.934 0.470 0.034 -0.556 -1.036 -1.109
0.00059013 -1.42000 10.17609 0.7600663304 2.4039106369    0.758  1.681  3.7058  2.412    3  0.000  0.531     0.00     0.00 -1 -1.16e-26      0.00 7.526e-01 2.469e-01 1.043e-04 2.942e-05 2.620e-04 -1.000 5.543e-04 0.567 1.599 1.544 0.819 0.351 -0.089 -0.684 -1.169 -1.244
0.00059013 -1.42000 10.17609 0.7601539493 2.4039452076    0.758  1.728  3.7038  2.357    3  0.000  0.531     0.00     0.00 -1  -1.3e-26      0.00 7.526e-01 2.469e-01 1.042e-04 2.943e-05 2.620e-04 -1.000 5.544e-04 0.449 1.511 1.442 0.707 0.235 -0.209 -0.810 -1.300 -1.375
0.00059013 -1.42000 10.17609 0.7602366209 2.4039776325    0.758  1.777  3.7017  2.300    3  0.000  0.531     0.00     0.00 -1 -1.46e-26      0.00 7.526e-01 2.469e-01 1.042e-04 2.943e-05 2.620e-04 -1.000 5.544e-04 0.328 1.420 1.337 0.592 0.115 -0.332 -0.939 -1.434 -1.510
0.00059013 -1.42000 10.17609 0.7603110671 2.4040069580    0.758  1.824  3.6996  2.245    3  0.000  0.531     0.00     0.00 -1 -1.62e-26      0.00 7.525e-01 2.469e-01 1.042e-04 2.943e-05 2.620e-04 -1.000 5.545e-04 0.210 1.332 1.235 0.480 -0.001 -0.452 -1.066 -1.566 -1.643
0.00059013 -1.42000 10.17609 0.7603806257 2.4040343761    0.758  1.871  3.6974  2.188    3  0.000  0.531     0.00     0.00 -1 -1.79e-26      0.00 7.525e-01 2.469e-01 1.042e-04 2.943e-05 2.620e-04 -1.000 5.546e-04 0.091 1.247 1.134 0.369 -0.117 -0.573 -1.193 -1.700 -1.777
0.00059013 -1.42000 10.17609 0.7604473829 2.4040606022    0.758  1.920  3.6952  2.131    3  0.000  0.531     0.00     0.00 -1 -1.98e-26      0.00 7.525e-01 2.469e-01 1.042e-04 2.944e-05 2.620e-04 -1.000 5.547e-04 -0.029 1.161 1.032 0.256 -0.235 -0.695 -1.322 -1.835 -1.913
0.00059013 -1.42000 10.17609 0.7605157495 2.4040873051    0.758  1.964  3.6931  2.078    3  0.000  0.531     0.00     0.00 -1 -2.18e-26      0.00 7.525e-01 2.469e-01 1.042e-04 2.944e-05 2.620e-04 -1.000 5.548e-04 -0.141 1.082 0.938 0.152 -0.345 -0.808 -1.442 -1.960 -2.039
0.00059013 -1.42000 10.17609 0.7605779171 2.4041118622    0.758  1.995  3.6918  2.042    3  0.000  0.531     0.00     0.00 -1 -2.37e-26      0.00 7.525e-01 2.469e-01 1.042e-04 2.944e-05 2.620e-04 -1.000 5.548e-04 -0.217 1.026 0.873 0.080 -0.419 -0.885 -1.524 -2.045 -2.124
0.00059013 -1.42000 10.17609 0.7606158853 2.4041266441    0.758  1.984  3.6926  2.056    3  0.000  0.531     0.00     0.00 -1 -2.43e-26      0.00 7.525e-01 2.469e-01 1.042e-04 2.944e-05 2.620e-04 -1.000 5.548e-04 -0.191 1.040 0.892 0.103 -0.394 -0.859 -1.495 -2.014 -2.093
0.00059013 -1.42000 10.17609 0.7606183887 2.4041275978    0.758  1.984  3.6926  2.056    3  0.000  0.531     0.00     0.00 -1 -2.43e-26      0.00 7.525e-01 2.469e-01 1.042e-04 2.944e-05 2.620e-04 -1.000 5.548e-04 -0.189 1.041 0.894 0.105 -0.393 -0.857 -1.493 -2.012 -2.091
0.00059013 -1.42000 10.17609 0.7606352568 2.4041342735    0.758  2.000  3.6919  2.037    3  0.000  0.531     0.00     0.00 -1  -2.5e-26      0.00 7.525e-01 2.469e-01 1.042e-04 2.944e-05 2.620e-04 -1.000 5.549e-04 -0.229 1.012 0.860 0.067 -0.432 -0.898 -1.536 -2.057 -2.136
0.00059013 -1.42000 10.17609 0.7606759667 2.4041502476    0.758  2.041  3.6898  1.988    3  0.000  0.531     0.00     0.00 -1 -2.69e-26      0.00 7.525e-01 2.469e-01 1.042e-04 2.944e-05 2.620e-04 -1.000 5.549e-04 -0.333 0.942 0.775 -0.029 -0.533 -1.002 -1.647 -2.175 -2.254
0.00059013 -1.42000 10.17609 0.7607132196 2.4041650295    0.758  2.081  3.6877  1.939    3  0.000  0.531     0.00     0.00 -1 -2.88e-26      0.00 7.525e-01 2.469e-01 1.042e-04 2.945e-05 2.620e-04 -1.000 5.550e-04 -0.433 0.882 0.695 -0.120 -0.629 -1.103 -1.755 -2.290 -2.370
0.00059013 -1.42000 10.17609 0.7607489228 2.4041788578    0.758  2.122  3.6856  1.890    3  0.000  0.531     0.00     0.00 -1 -3.08e-26      0.00 7.525e-01 2.469e-01 1.042e-04 2.945e-05 2.620e-04 -1.000 5.550e-04 -0.536 0.824 0.613 -0.215 -0.730 -1.207 -1.867 -2.408 -2.489
0.00059013 -1.42000 10.17609 0.7607817650 2.4041917324    0.758  2.163  3.6833  1.840    3  0.000  0.531     0.00     0.00 -1 -3.28e-26      0.00 7.525e-01 2.469e-01 1.042e-04 2.945e-05 2.620e-04 -1.000 5.550e-04 -0.638 0.789 0.541 -0.311 -0.832 -1.313 -1.980 -2.528 -2.607
0.00059013 -1.42000 10.17609 0.7608122230 2.4042038918    0.758  2.204  3.6811  1.790    3  0.000  0.531     0.00     0.00 -1  -3.5e-26      0.00 7.525e-01 2.469e-01 1.042e-04 2.945e-05 2.620e-04 -1.000 5.552e-04 -0.740 0.748 0.467 -0.406 -0.934 -1.419 -2.093 -2.647 -2.726
0.00059013 -1.42000 10.17609 0.7608390450 2.4042143822    0.758  2.243  3.6789  1.742    3  0.000  0.531     0.00     0.00 -1 -3.71e-26      0.00 7.525e-01 2.469e-01 1.042e-04 2.945e-05 2.620e-04 -1.000 5.551e-04 -0.837 0.715 0.399 -0.495 -1.030 -1.518 -2.200 -2.760 -2.838
0.00059013 -1.42000 10.17609 0.7608650327 2.4042246342    0.757  2.284  3.6766  1.692    3  0.000  0.531     0.00     0.00 -1 -3.93e-26      0.00 7.525e-01 2.469e-01 1.042e-04 2.945e-05 2.620e-04 -1.000 5.552e-04 -0.939 0.683 0.330 -0.587 -1.130 -1.622 -2.312 -2.878 -2.956
0.00059013 -1.42000 10.17609 0.7608932853 2.4042356014    0.757  2.331  3.6739  1.633    3  0.000  0.531     0.00     0.00 -1  -4.2e-26      0.00 7.525e-01 2.470e-01 1.042e-04 2.945e-05 2.621e-04 -1.000 5.551e-04 -1.058 0.651 0.251 -0.695 -1.247 -1.744 -2.443 -3.017 -3.094
0.00059013 -1.42000 10.17609 0.7609147429 2.4042439461    0.757  2.370  3.6716  1.585    3  0.000  0.531     0.00     0.00 -1 -4.43e-26      0.00 7.525e-01 2.470e-01 1.042e-04 2.945e-05 2.621e-04 -1.000 5.552e-04 -1.155 0.628 0.189 -0.782 -1.342 -1.844 -2.550 -3.131 -3.207
0.00059013 -1.42000 10.17609 0.7609381676 2.4042532444    0.757  2.416  3.6688  1.528    3  0.000  0.531     0.00     0.00 -1 -4.71e-26      0.00 7.525e-01 2.470e-01 1.042e-04 2.945e-05 2.621e-04 -1.000 5.551e-04 -1.271 0.609 0.119 -0.883 -1.454 -1.962 -2.678 -3.266 -3.342
0.00059013 -1.42000 10.17609 0.7609557509 2.4042601585    0.757  2.454  3.6665  1.481    3  0.000  0.531     0.00     0.00 -1 -4.95e-26      0.00 7.525e-01 2.470e-01 1.042e-04 2.946e-05 2.621e-04 -1.000 5.552e-04 -1.364 0.563 0.053 -0.961 -1.539 -2.052 -2.778 -3.374 -3.451
0.00059013 -1.42000 10.17609 0.7609756589 2.4042680264    0.757  2.499  3.6636  1.424    3  0.000  0.531     0.00     0.00 -1 -5.24e-26      0.00 7.525e-01 2.470e-01 1.042e-04 2.946e-05 2.621e-04 -1.000 5.553e-04 -1.477 0.560 -0.008 -1.058 -1.648 -2.168 -2.904 -3.507 -3.584
0.00059013 -1.42000 10.17609 0.7609935999 2.4042749405    0.756  2.543  3.6609  1.369    3  0.000  0.531     0.00     0.00 -1 -5.53e-26      0.00 7.525e-01 2.470e-01 1.042e-04 2.946e-05 2.621e-04 -1.000 5.552e-04 -1.588 0.560 -0.066 -1.152 -1.753 -2.280 -3.026 -3.636 -3.713
0.00059013 -1.42000 10.17609 0.7610102296 2.4042816162    0.756  2.587  3.6579  1.313    3  0.000  0.531     0.00     0.00 -1 -5.84e-26      0.00 7.525e-01 2.470e-01 1.042e-04 2.946e-05 2.621e-04 -1.000 5.553e-04 -1.698 0.577 -0.115 -1.241 -1.856 -2.390 -3.148 -3.766 -3.843
0.00059013 -1.42000 10.17609 0.7610249519 2.4042873383    0.756  2.629  3.6552  1.260    3  0.000  0.531     0.00     0.00 -1 -6.13e-26      0.00 7.525e-01 2.470e-01 1.042e-04 2.946e-05 2.621e-04 -1.000 5.553e-04 -1.803 0.567 -0.172 -1.325 -1.951 -2.493 -3.262 -3.889 -3.968
0.00059013 -1.42000 10.17609 0.7610389590 2.4042928219    0.756  2.672  3.6523  1.205    3  0.000  0.531     0.00     0.00 -1 -6.45e-26      0.00 7.525e-01 2.470e-01 1.042e-04 2.946e-05 2.621e-04 -1.000 5.553e-04 -1.910 0.558 -0.230 -1.410 -2.048 -2.598 -3.379 -4.015 -4.095
0.00059013 -1.42000 10.17609 0.7610517144 2.4042978287    0.755  2.714  3.6495  1.152    3  0.000  0.531     0.00     0.00 -1 -6.77e-26      0.00 7.525e-01 2.470e-01 1.042e-04 2.946e-05 2.621e-04 -1.000 5.553e-04 -2.015 0.553 -0.284 -1.493 -2.143 -2.700 -3.493 -4.139 -4.220
0.00059013 -1.42000 10.17609 0.7610631585 2.4043023586    0.755  2.755  3.6467  1.100    3  0.000  0.531     0.00     0.00 -1 -7.09e-26      0.00 7.525e-01 2.470e-01 1.042e-04 2.946e-05 2.621e-04 -1.000 5.553e-04 -2.116 0.549 -0.336 -1.571 -2.232 -2.798 -3.603 -4.258 -4.340
0.00059013 -1.42000 10.17609 0.7610738873 2.4043064117    0.754  2.795  3.6439  1.048    3  0.000  0.531     0.00     0.00 -1 -7.41e-26      0.00 7.525e-01 2.470e-01 1.042e-04 2.946e-05 2.621e-04 -1.000 5.554e-04 -2.217 0.549 -0.386 -1.648 -2.321 -2.895 -3.712 -4.376 -4.461
0.00059013 -1.42000 10.17609 0.7610841990 2.4043104649    0.754  2.837  3.6409  0.995    3  0.000  0.531     0.00     0.00 -1 -7.76e-26      0.00 7.525e-01 2.470e-01 1.042e-04 2.946e-05 2.621e-04 -1.000 5.554e-04 -2.321 0.554 -0.435 -1.726 -2.413 -2.995 -3.825 -4.499 -4.585
0.00059013 -1.42000 10.17609 0.7610929608 2.4043140411    0.754  2.874  3.6383  0.946    3  0.000  0.531     0.00     0.00 -1 -8.08e-26      0.00 7.525e-01 2.470e-01 1.042e-04 2.946e-05 2.621e-04 -1.000 5.554e-04 -2.415 0.572 -0.471 -1.793 -2.493 -3.084 -3.927 -4.610 -4.698
0.00059013 -1.42000 10.17609 0.7611015439 2.4043173790    0.753  2.913  3.6354  0.895    3  0.000  0.531     0.00     0.00 -1 -8.43e-26      0.00 7.525e-01 2.470e-01 1.042e-04 2.946e-05 2.621e-04 -1.000 5.554e-04 -2.514 0.595 -0.507 -1.861 -2.576 -3.177 -4.033 -4.726 -4.816
0.00059013 -1.42000 10.17609 0.7611095905 2.4043204784    0.753  2.953  3.6326  0.844    3  0.000  0.531     0.00     0.00 -1 -8.79e-26      0.00 7.525e-01 2.470e-01 1.042e-04 2.946e-05 2.621e-04 -1.000 5.553e-04 -2.612 0.620 -0.542 -1.928 -2.659 -3.269 -4.140 -4.842 -4.934
0.00059013 -1.42000 10.17609 0.7611166239 2.4043233395    0.752  2.989  3.6299  0.797    3  0.000  0.531     0.00     0.00 -1 -9.13e-26      0.00 7.525e-01 2.470e-01 1.042e-04 2.946e-05 2.621e-04 -1.000 5.554e-04 -2.703 0.643 -0.574 -1.991 -2.736 -3.356 -4.239 -4.950 -5.044
0.00059013 -1.42000 10.17609 0.7611234188 2.4043259621    0.751  3.026  3.6272  0.748    3  0.000  0.531     0.00     0.00 -1 -9.49e-26      0.00 7.525e-01 2.470e-01 1.042e-04 2.946e-05 2.621e-04 -1.000 5.554e-04 -2.796 0.669 -0.605 -2.052 -2.812 -3.442 -4.339 -5.059 -5.156
0.00059013 -1.42000 10.17609 0.7611299157 2.4043283463    0.751  3.064  3.6244  0.699    3  0.000  0.531     0.00     0.00 -1 -9.87e-26      0.00 7.525e-01 2.470e-01 1.042e-04 2.946e-05 2.621e-04 -1.000 5.554e-04 -2.891 0.696 -0.637 -2.115 -2.890 -3.530 -4.441 -5.171 -5.270
0.00059013 -1.42000 10.17609 0.7611356974 2.4043307304    0.750  3.100  3.6218  0.653    3  0.000  0.531     0.00     0.00 -1 -1.02e-25      0.00 7.525e-01 2.470e-01 1.042e-04 2.946e-05 2.621e-04 -1.000 5.554e-04 -2.979 0.722 -0.665 -2.173 -2.963 -3.612 -4.536 -5.275 -5.376
0.00059013 -1.42000 10.17609 0.7611414194 2.4043328762    0.749  3.136  3.6191  0.605    3  0.000  0.531     0.00     0.00 -1 -1.06e-25      0.00 7.525e-01 2.470e-01 1.042e-04 2.946e-05 2.621e-04 -1.000 5.554e-04 -3.071 0.753 -0.693 -2.232 -3.037 -3.697 -4.634 -5.384 -5.487
0.00059013 -1.42000 10.17609 0.7611467242 2.4043350220    0.748  3.173  3.6164  0.557    3  0.000  0.531     0.00     0.00 -1  -1.1e-25      0.00 7.525e-01 2.470e-01 1.042e-04 2.946e-05 2.621e-04 -1.000 5.554e-04 -3.162 0.787 -0.717 -2.287 -3.109 -3.779 -4.731 -5.490 -5.596
0.00059013 -1.42000 10.17609 0.7611516714 2.4043369293    0.748  3.208  3.6138  0.511    3  0.000  0.531     0.00     0.00 -1 -1.14e-25      0.00 7.525e-01 2.470e-01 1.042e-04 2.946e-05 2.621e-04 -1.000 5.554e-04 -3.251 0.820 -0.741 -2.342 -3.179 -3.860 -4.826 -5.594 -5.703
0.00059013 -1.42000 10.17609 0.7611563206 2.4043388367    0.747  3.243  3.6112  0.464    3  0.000  0.531     0.00     0.00 -1 -1.18e-25      0.00 7.525e-01 2.470e-01 1.042e-04 2.946e-05 2.621e-04 -1.000 5.555e-04 -3.338 0.859 -0.757 -2.391 -3.247 -3.940 -4.920 -5.698 -5.809
0.00059013 -1.42000 10.17609 0.7611606717 2.4043405056    0.746  3.277  3.6087  0.421    3  0.000  0.531     0.00     0.00 -1 -1.22e-25      0.00 7.525e-01 2.470e-01 1.042e-04 2.946e-05 2.621e-04 -1.000 5.554e-04 -3.422 0.899 -0.769 -2.436 -3.310 -4.015 -5.009 -5.795 -5.909
0.00059013 -1.42000 10.17609 0.7611655593 2.4043424129    0.744  3.313  3.6061  0.373    3  0.000  0.531     0.00     0.00 -1 -1.27e-25      0.00 7.525e-01 2.470e-01 1.042e-04 2.946e-05 2.621e-04 -1.000 5.554e-04 -3.513 0.941 -0.782 -2.484 -3.379 -4.097 -5.106 -5.902 -6.019
0.00059013 -1.42000 10.17609 0.7611655593 2.4043424129    0.686  1.677  3.8387  2.904    4  0.000  0.523     0.00     0.00 -1    -1e-30      0.00 7.416e-01 2.577e-01 1.058e-04 3.183e-05 2.702e-04 -1.000 6.195e-04 0.577 0.853 0.836 0.572 0.376 0.177 -0.073 -0.252 -0.272
0.00059013 -1.42000 10.17609 0.7612124085 2.4043607712    0.686  1.694  3.8320  2.861    4  0.000  0.523     0.00     0.00 -1    -1e-30      0.00 7.416e-01 2.577e-01 1.058e-04 3.183e-05 2.702e-04 -1.000 6.195e-04 0.535 0.826 0.818 0.537 0.327 0.116 -0.149 -0.342 -0.363
0.00059013 -1.42000 10.17609 0.7612590194 2.4043791294    0.686  1.695  3.8332  2.865    4  0.000  0.523     0.00     0.00 -1    -1e-30      0.00 7.416e-01 2.577e-01 1.058e-04 3.183e-05 2.702e-04 -1.000 6.195e-04 0.534 0.823 0.812 0.534 0.327 0.118 -0.145 -0.335 -0.356
0.00059013 -1.42000 10.17609 0.7613061666 2.4043974876    0.687  1.695  3.8348  2.871    4  0.000  0.523     0.00     0.00 -1    -1e-30      0.00 7.416e-01 2.577e-01 1.058e-04 3.183e-05 2.702e-04 -1.000 6.195e-04 0.534 0.819 0.806 0.533 0.329 0.123 -0.136 -0.322 -0.343
0.00059013 -1.42000 10.17609 0.7613540292 2.4044163227    0.687  1.694  3.8371  2.881    4  0.000  0.523     0.00     0.00 -1    -1e-30      0.00 7.416e-01 2.577e-01 1.058e-04 3.183e-05 2.702e-04 -1.000 6.195e-04 0.535 0.815 0.798 0.531 0.332 0.130 -0.124 -0.305 -0.325
0.00059013 -1.42000 10.17609 0.7614027262 2.4044353962    0.687  1.693  3.8397  2.892    4  0.000  0.523     0.00     0.00 -1    -1e-30      0.00 7.416e-01 2.577e-01 1.058e-04 3.183e-05 2.702e-04 -1.000 6.195e-04 0.537 0.811 0.791 0.530 0.336 0.139 -0.108 -0.284 -0.304
0.00059013 -1.42000 10.17609 0.7614519596 2.4044547081    0.687  1.692  3.8426  2.905    4  0.000  0.523     0.00     0.00 -1    -1e-30      0.00 7.416e-01 2.577e-01 1.058e-04 3.183e-05 2.702e-04 -1.000 6.195e-04 0.539 0.808 0.783 0.530 0.342 0.151 -0.090 -0.260 -0.280
0.00059013 -1.42000 10.17609 0.7615006566 2.4044737816    0.687  1.691  3.8455  2.918    4  0.000  0.523     0.00     0.00 -1    -1e-30      0.00 7.416e-01 2.577e-01 1.058e-04 3.183e-05 2.702e-04 -1.000 6.195e-04 0.542 0.805 0.775 0.530 0.348 0.162 -0.072 -0.236 -0.255
0.00059013 -1.42000 10.17609 0.7615495324 2.4044928551    0.687  1.690  3.8484  2.930    4  0.000  0.523     0.00     0.00 -1    -1e-30      0.00 7.416e-01 2.577e-01 1.058e-04 3.183e-05 2.702e-04 -1.000 6.195e-04 0.545 0.803 0.768 0.531 0.354 0.174 -0.054 -0.212 -0.231
0.00059013 -1.42000 10.17609 0.7615976930 2.4045116901    0.687  1.689  3.8509  2.942    4  0.000  0.523     0.00     0.00 -1    -1e-30      0.00 7.416e-01 2.577e-01 1.058e-04 3.183e-05 2.702e-04 -1.000 6.195e-04 0.548 0.801 0.762 0.531 0.360 0.184 -0.038 -0.190 -0.209
0.00059013 -1.42000 10.17609 0.7616464496 2.4045307636    0.687  1.688  3.8532  2.952    4  0.000  0.523     0.00     0.00 -1    -1e-30      0.00 7.416e-01 2.577e-01 1.058e-04 3.183e-05 2.702e-04 -1.000 6.195e-04 0.550 0.799 0.756 0.531 0.364 0.194 -0.024 -0.171 -0.190
0.00059013 -1.42000 10.17609 0.7616927028 2.4045488834    0.687  1.687  3.8549  2.959    4  0.000  0.523     0.00     0.00 -1    -1e-30      0.00 7.416e-01 2.577e-01 1.058e-04 3.183e-05 2.702e-04 -1.000 6.195e-04 0.552 0.798 0.752 0.531 0.368 0.201 -0.012 -0.157 -0.175
0.00059013 -1.42000 10.17609 0.7617425323 2.4045684338    0.687  1.687  3.8564  2.966    4  0.000  0.523     0.00     0.00 -1    -1e-30      0.00 7.416e-01 2.577e-01 1.058e-04 3.183e-05 2.702e-04 -1.000 6.195e-04 0.553 0.796 0.748 0.531 0.371 0.207 -0.003 -0.145 -0.163
0.00059013 -1.42000 10.17609 0.7617930770 2.4045882225    0.687  1.687  3.8571  2.969    4  0.000  0.523     0.00     0.00 -1    -1e-30      0.00 7.416e-01 2.577e-01 1.058e-04 3.183e-05 2.702e-04 -1.000 6.195e-04 0.554 0.795 0.746 0.531 0.373 0.209 0.001 -0.139 -0.157
0.00059013 -1.42000 10.17609 0.7618436813 2.4046080112    0.687  1.687  3.8571  2.969    4  0.000  0.523     0.00     0.00 -1    -1e-30      0.00 7.416e-01 2.577e-01 1.058e-04 3.183e-05 2.702e-04 -1.000 6.195e-04 0.553 0.795 0.745 0.531 0.372 0.209 0.000 -0.139 -0.157
0.00059013 -1.42000 10.17609 0.7618553042 2.4046125412    0.687  1.687  3.8570  2.968    4  0.000  0.523     0.00     0.00 -1    -1e-30      0.00 7.416e-01 2.577e-01 1.058e-04 3.183e-05 2.702e-04 -1.000 6.195e-04 0.553 0.795 0.745 0.530 0.371 0.208 -0.000 -0.141 -0.158
0.00059013 -1.42000 10.17609 0.7618938684 2.4046278000    0.687  1.687  3.8564  2.965    4  0.000  0.523     0.00     0.00 -1    -1e-30      0.00 7.416e-01 2.577e-01 1.058e-04 3.183e-05 2.702e-04 -1.000 6.195e-04 0.551 0.794 0.746 0.529 0.369 0.205 -0.005 -0.146 -0.164
0.00059013 -1.42000 10.17609 0.7619415522 2.4046463966    0.687  1.689  3.8551  2.959    4  0.000  0.523     0.00     0.00 -1    -1e-30      0.00 7.416e-01 2.577e-01 1.058e-04 3.183e-05 2.702e-04 -1.000 6.195e-04 0.549 0.794 0.748 0.528 0.365 0.198 -0.015 -0.159 -0.177
0.00059013 -1.42000 10.17609 0.7619901896 2.4046654701    0.687  1.690  3.8528  2.948    4  0.000  0.523     0.00     0.00 -1    -1e-30      0.00 7.416e-01 2.577e-01 1.058e-04 3.183e-05 2.702e-04 -1.000 6.195e-04 0.545 0.794 0.752 0.526 0.358 0.187 -0.031 -0.180 -0.198
0.00059013 -1.42000 10.17609 0.7620378733 2.4046840668    0.687  1.692  3.8500  2.935    4  0.000  0.523     0.00     0.00 -1    -1e-30      0.00 7.416e-01 2.577e-01 1.058e-04 3.183e-05 2.702e-04 -1.000 6.195e-04 0.540 0.794 0.756 0.523 0.350 0.173 -0.051 -0.205 -0.224
0.00059013 -1.42000 10.17609 0.7620848417 2.4047024250    0.687  1.694  3.8466  2.919    4  0.000  0.523     0.00     0.00 -1    -1e-30      0.00 7.416e-01 2.577e-01 1.058e-04 3.183e-05 2.702e-04 -1.000 6.195e-04 0.534 0.795 0.763 0.521 0.341 0.157 -0.075 -0.236 -0.255
0.00059013 -1.42000 10.17609 0.7621347904 2.4047219753    0.687  1.697  3.8421  2.898    4  0.000  0.523     0.00     0.00 -1    -1e-30      0.00 7.416e-01 2.577e-01 1.058e-04 3.183e-05 2.702e-04 -1.000 6.195e-04 0.526 0.796 0.771 0.517 0.328 0.136 -0.106 -0.276 -0.296
0.00059013 -1.42000 10.17609 0.7621812224 2.4047400951    0.688  1.701  3.8372  2.875    4  0.000  0.523     0.00     0.00 -1    -1e-30      0.00 7.416e-01 2.577e-01 1.058e-04 3.183e-05 2.702e-04 -1.000 6.195e-04 0.518 0.798 0.781 0.514 0.315 0.114 -0.139 -0.320 -0.341
0.00059013 -1.42000 10.17609 0.7622200251 2.4047553539    0.688  1.704  3.8328  2.855    4  0.000  0.523     0.00     0.00 -1    -1e-30      0.00 7.416e-01 2.577e-01 1.058e-04 3.183e-05 2.702e-04 -1.000 6.195e-04 0.511 0.800 0.790 0.511 0.303 0.094 -0.170 -0.360 -0.382
0.00059013 -1.42000 10.17609 0.7622386813 2.4047625065    0.688  1.705  3.8305  2.844    4  0.000  0.523     0.00     0.00 -1    -1e-30      0.00 7.416e-01 2.577e-01 1.058e-04 3.183e-05 2.702e-04 -1.000 6.195e-04 0.507 0.802 0.794 0.510 0.297 0.083 -0.186 -0.381 -0.403
0.00059013 -1.42000 10.17609 0.7622895241 2.4047822952    0.688  1.710  3.8240  2.813    4  0.000  0.523     0.00     0.00 -1    -1e-30      0.00 7.416e-01 2.577e-01 1.058e-04 3.183e-05 2.702e-04 -1.000 6.195e-04 0.495 0.807 0.809 0.506 0.281 0.054 -0.230 -0.440 -0.462
0.00059013 -1.42000 10.17609 0.7623417974 2.4048027992    0.688  1.715  3.8169  2.780    4  0.000  0.523     0.00     0.00 -1    -1e-30      0.00 7.416e-01 2.577e-01 1.058e-04 3.183e-05 2.702e-04 -1.000 6.195e-04 0.483 0.813 0.825 0.503 0.263 0.023 -0.278 -0.503 -0.527
0.00059013 -1.42000 10.17609 0.7623925209 2.4048225880    0.688  1.720  3.8096  2.745    4  0.000  0.523     0.00     0.00 -1    -1e-30      0.00 7.416e-01 2.577e-01 1.058e-04 3.183e-05 2.702e-04 -1.000 6.195e-04 0.469 0.821 0.843 0.499 0.244 -0.009 -0.328 -0.569 -0.595
0.00059013 -1.42000 10.17609 0.7624425292 2.4048421383    0.688  1.726  3.8020  2.709    4  0.000  0.523     0.00     0.00 -1    -1e-30      0.00 7.416e-01 2.577e-01 1.058e-04 3.183e-05 2.702e-04 -1.000 6.195e-04 0.455 0.830 0.863 0.496 0.226 -0.041 -0.379 -0.638 -0.665
0.00059013 -1.42000 10.17609 0.7624928951 2.4048619270    0.688  1.733  3.7948  2.674    4  0.000  0.523     0.00     0.00 -1    -1e-30      0.00 7.416e-01 2.577e-01 1.058e-04 3.183e-05 2.702e-04 -1.000 6.195e-04 0.438 0.839 0.881 0.492 0.206 -0.074 -0.429 -0.704 -0.734
0.00059013 -1.42000 10.17609 0.7625430822 2.4048814774    0.688  1.739  3.7889  2.644    4  0.000  0.523     0.00     0.00 -1    -1e-30      0.00 7.416e-01 2.577e-01 1.058e-04 3.183e-05 2.702e-04 -1.000 6.196e-04 0.423 0.845 0.895 0.486 0.188 -0.102 -0.473 -0.761 -0.794
0.00059013 -1.42000 10.17609 0.7625936866 2.4049012661    0.688  1.746  3.7832  2.615    4  0.000  0.523     0.00     0.00 -1    -1e-30      0.00 7.416e-01 2.577e-01 1.058e-04 3.183e-05 2.702e-04 -1.000 6.195e-04 0.405 0.850 0.905 0.479 0.169 -0.132 -0.516 -0.817 -0.852
0.00059013 -1.42000 10.17609 0.7626451254 2.4049212933    0.688  1.754  3.7779  2.586    4  0.000  0.523     0.00     0.00 -1    -1e-30      0.00 7.416e-01 2.577e-01 1.058e-04 3.183e-05 2.702e-04 -1.000 6.195e-04 0.386 0.854 0.913 0.469 0.148 -0.162 -0.560 -0.875 -0.911
0.00059013 -1.42000 10.17609 0.7626954913 2.4049410820    0.688  1.764  3.7726  2.554    4  0.000  0.523     0.00     0.00 -1    -1e-30      0.00 7.416e-01 2.577e-01 1.058e-04 3.183e-05 2.702e-04 -1.000 6.195e-04 0.361 0.857 0.916 0.454 0.123 -0.198 -0.610 -0.938 -0.976
0.00059013 -1.42000 10.17609 0.7627485394 2.4049615860    0.688  1.769  3.7704  2.541    4  0.000  0.523     0.00     0.00 -1    -1e-30      0.00 7.416e-01 2.577e-01 1.058e-04 3.183e-05 2.702e-04 -1.000 6.196e-04 0.348 0.856 0.915 0.445 0.110 -0.215 -0.634 -0.967 -1.006
0.00059013 -1.42000 10.17609 0.7627885342 2.4049773216    0.688  1.771  3.7682  2.530    4  0.000  0.523     0.00     0.00 -1    -1e-30      0.00 7.416e-01 2.577e-01 1.058e-04 3.183e-05 2.702e-04 -1.000 6.195e-04 0.342 0.863 0.922 0.444 0.104 -0.225 -0.649 -0.988 -1.028
0.00059013 -1.42000 10.17609 0.7628289461 2.4049930573    0.688  1.787  3.7624  2.491    4  0.000  0.523     0.00     0.00 -1    -1e-30      0.00 7.416e-01 2.577e-01 1.058e-04 3.183e-05 2.702e-04 -1.000 6.195e-04 0.303 0.854 0.914 0.416 0.065 -0.275 -0.714 -1.066 -1.109
0.00059013 -1.42000 10.17609 0.7628529668 2.4050023556    0.688  1.798  3.7587  2.464    4  0.000  0.523     0.00     0.00 -1    -1e-30      0.00 7.416e-01 2.577e-01 1.058e-04 3.183e-05 2.702e-04 -1.000 6.195e-04 0.274 0.847 0.905 0.394 0.035 -0.311 -0.759 -1.120 -1.165
0.00059013 -1.42000 10.17609 0.7628720403 2.4050097466    0.688  1.813  3.7549  2.435    4  0.000  0.523     0.00     0.00 -1    -1e-30      0.00 7.416e-01 2.577e-01 1.058e-04 3.183e-05 2.702e-04 -1.000 6.196e-04 0.239 0.836 0.892 0.366 -0.001 -0.353 -0.812 -1.181 -1.228
0.00059013 -1.42000 10.17609 0.7628880739 2.4050161839    0.688  1.827  3.7513  2.406    4  0.000  0.523     0.00     0.00 -1    -1e-30      0.00 7.416e-01 2.577e-01 1.058e-04 3.183e-05 2.702e-04 -1.000 6.195e-04 0.203 0.824 0.877 0.338 -0.036 -0.395 -0.863 -1.240 -1.289
0.00059013 -1.42000 10.17609 0.7629019618 2.4050214291    0.688  1.847  3.7468  2.368    4  0.000  0.523     0.00     0.00 -1    -1e-30      0.00 7.416e-01 2.577e-01 1.058e-04 3.183e-05 2.702e-04 -1.000 6.195e-04 0.153 0.805 0.853 0.297 -0.086 -0.453 -0.932 -1.320 -1.371
0.00059013 -1.42000 10.17609 0.7629131675 2.4050259590    0.688  1.870  3.7420  2.326    4  0.000  0.523     0.00     0.00 -1    -1e-30      0.00 7.416e-01 2.577e-01 1.058e-04 3.183e-05 2.702e-04 -1.000 6.195e-04 0.095 0.782 0.823 0.250 -0.143 -0.518 -1.010 -1.408 -1.463
0.00059013 -1.42000 10.17609 0.7629205585 2.4050288200    0.688  1.895  3.7371  2.281    4  0.000  0.523     0.00     0.00 -1    -1e-30      0.00 7.416e-01 2.577e-01 1.058e-04 3.183e-05 2.702e-04 -1.000 6.195e-04 0.032 0.760 0.789 0.196 -0.206 -0.590 -1.095 -1.504 -1.561
0.00059013 -1.42000 10.17609 0.7629252076 2.4050304890    0.688  1.927  3.7317  2.227    4  0.000  0.523     0.00     0.00 -1    -1e-30      0.00 7.416e-01 2.577e-01 1.058e-04 3.183e-05 2.702e-04 -1.000 6.195e-04 -0.048 0.730 0.743 0.128 -0.285 -0.678 -1.198 -1.619 -1.679
0.00059013 -1.42000 10.17609 0.7629277706 2.4050316811    0.688  1.959  3.7269  2.177    4  0.000  0.523     0.00     0.00 -1    -1e-30      0.00 7.416e-01 2.577e-01 1.058e-04 3.183e-05 2.702e-04 -1.000 6.195e-04 -0.127 0.699 0.694 0.060 -0.363 -0.764 -1.297 -1.729 -1.791
0.00059013 -1.42000 10.17609 0.7629293799 2.4050321579    0.688  1.993  3.7224  2.124    4  0.000  0.523     0.00     0.00 -1    -1e-30      0.00 7.416e-01 2.577e-01 1.058e-04 3.183e-05 2.702e-04 -1.000 6.195e-04 -0.213 0.662 0.640 -0.014 -0.446 -0.856 -1.401 -1.844 -1.908
0.00059013 -1.42000 10.17609 0.7629304528 2.4050326347    0.688  2.026  3.7185  2.075    7  0.000  0.523     0.00     0.00 -1 -2.48e-10      0.00 7.416e-01 2.562e-01 1.058e-04 3.183e-05 2.702e-04 -1.000 2.172e-03 -0.296 0.622 0.584 -0.087 -0.527 -0.944 -1.500 -1.953 -2.019
0.00059013 -1.42000 10.17609 0.7629313469 2.4050331116    0.688  2.063  3.7146  2.023    7  0.000  0.523     0.00     0.00 -1  -9.3e-10      0.00 7.416e-01 2.562e-01 1.058e-04 3.183e-05 2.702e-04 -1.000 2.208e-03 -0.389 0.575 0.519 -0.170 -0.618 -1.041 -1.609 -2.071 -2.138
0.00059013 -1.42000 10.17609 0.7629321218 2.4050333500    0.688  2.099  3.7113  1.974    7  0.000  0.523     0.00     0.00 -1 -1.65e-09      0.00 7.416e-01 2.561e-01 1.058e-04 3.183e-05 2.702e-04 -1.000 2.220e-03 -0.476 0.530 0.457 -0.248 -0.704 -1.133 -1.711 -2.181 -2.250
0.00059013 -1.42000 10.17609 0.7629329562 2.4050335884    0.688  2.130  3.7083  1.931    7  0.000  0.523     0.00     0.00 -1 -1.98e-09      0.00 7.416e-01 2.561e-01 1.058e-04 3.183e-05 2.702e-04 -1.000 2.220e-03 -0.554 0.494 0.403 -0.317 -0.780 -1.214 -1.801 -2.279 -2.349
0.00059013 -1.42000 10.17609 0.7629337311 2.4050338268    0.688  2.150  3.7065  1.904    7  0.000  0.523     0.00     0.00 -1 -2.24e-09      0.00 7.416e-01 2.561e-01 1.058e-04 3.183e-05 2.702e-04 -1.000 2.220e-03 -0.604 0.471 0.368 -0.361 -0.828 -1.266 -1.859 -2.341 -2.412
0.00059013 -1.42000 10.17609 0.7629351020 2.4050345421    0.688  2.161  3.7055  1.889    7  0.000  0.523     0.00     0.00 -1  -2.4e-09      0.00 7.416e-01 2.561e-01 1.058e-04 3.183e-05 2.702e-04 -1.000 2.220e-03 -0.632 0.457 0.348 -0.386 -0.855 -1.295 -1.891 -2.376 -2.448
0.00059013 -1.42000 10.17609 0.7629368901 2.4050352573    0.688  2.152  3.7064  1.901    7  0.000  0.523     0.00     0.00 -1 -2.27e-09      0.00 7.416e-01 2.561e-01 1.058e-04 3.183e-05 2.702e-04 -1.000 2.220e-03 -0.609 0.467 0.364 -0.366 -0.833 -1.272 -1.864 -2.347 -2.418
0.00059013 -1.42000 10.17609 0.7629390955 2.4050359726    0.687  2.138  3.7076  1.920    7  0.000  0.523     0.00     0.00 -1  -2.1e-09      0.00 7.416e-01 2.561e-01 1.058e-04 3.183e-05 2.702e-04 -1.000 2.220e-03 -0.575 0.483 0.387 -0.336 -0.800 -1.236 -1.825 -2.305 -2.375
0.00059013 -1.42000 10.17609 0.7629547119 2.4050421715    0.686  2.134  3.7079  1.924    7  0.000  0.523     0.00     0.00 -1 -2.07e-09      0.00 7.416e-01 2.561e-01 1.058e-04 3.183e-05 2.702e-04 -1.000 2.219e-03 -0.566 0.488 0.394 -0.327 -0.791 -1.226 -1.814 -2.293 -2.364
0.00059013 -1.42000 10.17609 0.7629751563 2.4050500393    0.684  2.159  3.7056  1.889    7  0.000  0.523     0.00     0.00 -1 -2.42e-09      0.00 7.416e-01 2.561e-01 1.058e-04 3.183e-05 2.702e-04 -1.000 2.220e-03 -0.626 0.461 0.353 -0.381 -0.850 -1.290 -1.885 -2.370 -2.441
0.00059013 -1.42000 10.17609 0.7629905939 2.4050559998    0.682  2.194  3.7024  1.839    7  0.000  0.523     0.00     0.00 -1 -3.04e-09      0.00 7.416e-01 2.561e-01 1.058e-04 3.183e-05 2.702e-04 -1.000 2.220e-03 -0.716 0.420 0.290 -0.460 -0.937 -1.382 -1.988 -2.481 -2.554
0.00059013 -1.42000 10.17609 0.7630083561 2.4050629139    0.678  2.243  3.6982  1.772    7  0.000  0.523     0.00     0.00 -1 -4.11e-09      0.00 7.416e-01 2.561e-01 1.058e-04 3.183e-05 2.702e-04 -1.000 2.219e-03 -0.837 0.364 0.206 -0.566 -1.053 -1.507 -2.125 -2.630 -2.705
0.00059013 -1.42000 10.17609 0.7630249262 2.4050695896    0.674  2.295  3.6938  1.699    7  0.000  0.523     0.00     0.00 -1 -5.68e-09      0.00 7.416e-01 2.561e-01 1.058e-04 3.183e-05 2.702e-04 -1.000 2.216e-03 -0.968 0.306 0.115 -0.681 -1.178 -1.641 -2.274 -2.791 -2.867
0.00059013 -1.42000 10.17609 0.7630394101 2.4050750732    0.670  2.343  3.6900  1.633    7  0.000  0.523     0.00     0.00 -1 -7.67e-09      0.00 7.416e-01 2.562e-01 1.058e-04 3.183e-05 2.702e-04 -1.000 2.191e-03 -1.087 0.252 0.032 -0.786 -1.293 -1.763 -2.409 -2.937 -3.014
0.00059013 -1.42000 10.17609 0.7630521655 2.4050800800    0.664  2.386  3.6865  1.573    7  0.000  0.523     0.00     0.00 -1 -1.01e-08      0.00 7.416e-01 2.562e-01 1.058e-04 3.183e-05 2.702e-04 -1.000 2.141e-03 -1.195 0.209 -0.041 -0.878 -1.394 -1.871 -2.529 -3.069 -3.147
0.00059013 -1.42000 10.17609 0.7630635500 2.4050846100    0.658  2.428  3.6831  1.512    7  0.000  0.522     0.00     0.00 -1 -1.33e-08      0.00 7.416e-01 2.563e-01 1.057e-04 3.186e-05 2.702e-04 -1.000 2.078e-03 -1.300 0.231 -0.093 -0.977 -1.505 -1.986 -2.654 -3.202 -3.277
0.00059013 -1.42000 10.17609 0.7630735636 2.4050884247    0.650  2.470  3.6799  1.453    7  0.000  0.521     0.00     0.00 -1 -1.74e-08      0.00 7.416e-01 2.563e-01 1.054e-04 3.202e-05 2.702e-04 -1.000 2.028e-03 -1.404 0.175 -0.166 -1.063 -1.599 -2.088 -2.768 -3.326 -3.404
0.00059013 -1.42000 10.17609 0.7630826235 2.4050920010    0.641  2.510  3.6766  1.393    7  0.000  0.516     0.00     0.00 -1 -2.28e-08      0.00 7.416e-01 2.564e-01 1.046e-04 3.264e-05 2.702e-04 -1.000 1.977e-03 -1.506 0.176 -0.219 -1.150 -1.698 -2.194 -2.885 -3.451 -3.528
0.00059013 -1.42000 10.17609 0.7630908489 2.4050951004    0.630  2.551  3.6720  1.327    7  0.000  0.508     0.00     0.00 -1 -3.03e-08      0.00 7.416e-01 2.564e-01 1.030e-04 3.414e-05 2.702e-04 -1.000 1.922e-03 -1.608 0.225 -0.248 -1.230 -1.794 -2.300 -3.006 -3.584 -3.661
0.00059013 -1.42000 10.17609 0.7630984783 2.4050981998    0.617  2.592  3.6672  1.258    7  0.000  0.496     0.00     0.00 -1 -4.09e-08      0.00 7.416e-01 2.565e-01 1.008e-04 3.664e-05 2.702e-04 -1.000 1.894e-03 -1.709 0.298 -0.267 -1.305 -1.889 -2.405 -3.128 -3.719 -3.795
0.00059013 -1.42000 10.17609 0.7631055713 2.4051008224    0.601  2.632  3.6627  1.187    7  0.000  0.483     0.00     0.00 -1 -5.59e-08      0.00 7.416e-01 2.566e-01 9.820e-05 3.969e-05 2.702e-04 -1.000 1.866e-03 -1.811 0.377 -0.282 -1.378 -1.983 -2.510 -3.249 -3.851 -3.927
0.00059013 -1.42000 10.17609 0.7631121874 2.4051034451    0.579  2.672  3.6603  1.122    7  0.000  0.472     0.00     0.00 -1 -7.73e-08      0.00 7.415e-01 2.566e-01 9.584e-05 4.256e-05 2.701e-04 -1.000 1.830e-03 -1.910 0.396 -0.327 -1.461 -2.077 -2.611 -3.359 -3.967 -4.043
0.00059013 -1.42000 10.17609 0.7631186247 2.4051060677    0.550  2.711  3.6624  1.068    7  0.000  0.462     0.00     0.00 -1 -1.09e-07      0.00 7.415e-01 2.567e-01 9.380e-05 4.508e-05 2.701e-04 -1.000 1.822e-03 -2.008 0.255 -0.450 -1.570 -2.181 -2.711 -3.452 -4.053 -4.129
0.00059013 -1.42000 10.17609 0.7631232142 2.4051077366    0.518  2.740  3.6721  1.052    7  0.000  0.454     0.00     0.00 -1 -1.41e-07      0.00 7.414e-01 2.568e-01 9.229e-05 4.691e-05 2.701e-04 -1.000 1.778e-03 -2.081 -0.147 -0.688 -1.698 -2.272 -2.782 -3.488 -4.063 -4.138
0.00059013 -1.42000 10.17609 0.7631247640 2.4051084518    0.501  2.750  3.6809  1.063    7  0.000  0.451     0.00     0.00 -1 -1.51e-07      0.00 7.414e-01 2.569e-01 9.159e-05 4.779e-05 2.701e-04 -1.000 1.737e-03 -2.106 -0.456 -0.854 -1.767 -2.307 -2.798 -3.476 -4.028 -4.104
0.00059013 -1.42000 10.17609 1.1244581938 2.4956896305    0.552 -4.888  3.4872  7.969    9  0.552  0.000     0.00     0.00 -1    -1e-30      0.00 7.287e-01 2.708e-01 8.073e-05 7.055e-05 2.706e-04 -1.000 5.070e-04 16.991 24.205 21.522 19.558 17.884 16.293 15.020 14.690 14.609
#isochrone terminated
