# File generated by CMD 3.3 (http://stev.oapd.inaf.it/cmd) on Sun Jun  7 12:23:53 CEST 2020
# isochrones based on PARSEC release v1.2S +  COLIBRI S_35
# Basic references: Bressan et al. (2012), MNRAS, 427, 127 + Chen et al. (2014, 2015), MNRAS, 444, 2525 + MNRAS, 452, 1068 + Tang et al. (2014), MNRAS, 445, 4287 + Marigo et al. (2017), ApJ, 835, 77 + Pastorelli al. (2019), MNRAS in press
# Thermal pulse cycles included 
# On RGB, assumed Reimers mass loss with efficiency eta=0.2
# Photometric system: <i>UBVRIJHK</i> (cf. Maiz-Apellaniz 2006 + Bessell 1990)
# Using YBC version of bolometric corrections as in Chen et al. (2019)
# O-rich circumstellar dpmod60alox40 dust from Groenewegen (2006)
# C-rich circumstellar AMCSIC15 dust from Groenewegen (2006)
# IMF: Kroupa (2001, 2002) + Kroupa et al. (2013) canonical two-part-power law IMF corrected for unresolved binaries 
# Kind of output: isochrone tables
# Zini     MH   logAge Mini        int_IMF         Mass   logL    logTe  logg  label   McoreTP C_O  period0 period1 pmode  Mloss  tau1m   X   Y   Xc  Xn  Xo  Cexcess  Z 	 mbolmag  Umag    Bmag    Vmag    Rmag    Imag    Jmag    Hmag    Kmag
0.00059013 -1.42000 10.20412 0.0900000036 1.0816895962    0.090 -3.186  3.4711  5.415    1  0.000  0.545     0.00     0.00 -1 -1.13e-28      0.00 7.468e-01 2.525e-01 1.114e-04 3.006e-05 2.726e-04 -1.000 6.196e-04 12.736 20.277 17.525 15.524 13.779 12.093 10.740 10.413 10.304
0.00059013 -1.42000 10.20412 0.0966214538 1.1422480345    0.097 -2.998  3.4978  5.365    1  0.000  0.545     0.00     0.00 -1 -6.39e-28      0.00 7.453e-01 2.541e-01 1.114e-04 3.006e-05 2.726e-04 -1.000 6.195e-04 12.266 18.580 16.350 14.421 12.992 11.597 10.361 9.932 9.797
0.00059013 -1.42000 10.20412 0.1000000089 1.1711064577    0.100 -2.907  3.5108  5.340    1  0.000  0.545     0.00     0.00 -1 -1.12e-28      0.00 7.445e-01 2.548e-01 1.114e-04 3.006e-05 2.726e-04 -1.000 6.195e-04 12.038 17.819 15.814 13.946 12.628 11.361 10.177 9.711 9.564
0.00059013 -1.42000 10.20412 0.1189210564 1.3121627569    0.119 -2.636  3.5407  5.264    1  0.000  0.545     0.00     0.00 -1    -1e-30      0.00 7.414e-01 2.580e-01 1.114e-04 3.006e-05 2.726e-04 -1.000 6.196e-04 11.360 16.061 14.493 12.820 11.683 10.669 9.596 9.071 8.901
0.00059013 -1.42000 10.20412 0.1199999973 1.3193154335    0.120 -2.622  3.5423  5.260    1  0.000  0.545     0.00     0.00 -1    -1e-30      0.00 7.412e-01 2.582e-01 1.114e-04 3.006e-05 2.726e-04 -1.000 6.196e-04 11.325 15.977 14.428 12.766 11.637 10.633 9.566 9.038 8.868
0.00059013 -1.42000 10.20412 0.1400000006 1.4384527206    0.140 -2.438  3.5579  5.206    1  0.000  0.545     0.00     0.00 -1 -2.34e-28      0.00 7.388e-01 2.606e-01 1.114e-04 3.006e-05 2.726e-04 -1.000 6.196e-04 10.866 15.042 13.676 12.127 11.067 10.168 9.156 8.610 8.430
0.00059013 -1.42000 10.20412 0.1599999964 1.5372931957    0.160 -2.294  3.5681  5.160    1  0.000  0.545     0.00     0.00 -1    -1e-30      0.00 7.372e-01 2.622e-01 1.114e-04 3.006e-05 2.726e-04 -1.000 6.195e-04 10.505 14.390 13.136 11.660 10.644 9.806 8.828 8.272 8.085
0.00059013 -1.42000 10.20412 0.2000000179 1.6938792467    0.200 -2.071  3.5814  5.088    1  0.000  0.545     0.00     0.00 -1 -5.35e-27      0.00 7.361e-01 2.633e-01 1.114e-04 3.006e-05 2.726e-04 -1.000 6.195e-04 9.948 13.486 12.362 10.979 10.019 9.245 8.311 7.745 7.552
0.00059013 -1.42000 10.20412 0.2500000298 1.8403259516    0.250 -1.869  3.5925  5.027    1  0.000  0.545     0.00     0.00 -1 -2.41e-28      0.00 7.362e-01 2.631e-01 1.114e-04 3.006e-05 2.726e-04 -1.000 6.195e-04 9.443 12.711 11.691 10.380 9.469 8.738 7.838 7.268 7.073
0.00059013 -1.42000 10.20412 0.3000000417 1.9529141188    0.300 -1.716  3.6011  4.987    1  0.000  0.545     0.00     0.00 -1 -2.98e-27      0.00 7.364e-01 2.629e-01 1.114e-04 3.006e-05 2.726e-04 -1.000 6.196e-04 9.060 12.140 11.188 9.930 9.055 8.353 7.479 6.907 6.715
0.00059013 -1.42000 10.20412 0.3500000238 2.0434176922    0.350 -1.591  3.6084  4.959    1  0.000  0.545     0.00     0.00 -1 -2.49e-28      0.00 7.390e-01 2.603e-01 1.113e-04 3.006e-05 2.726e-04 -1.000 6.799e-04 8.747 11.674 10.776 9.561 8.716 8.037 7.185 6.611 6.426
0.00059013 -1.42000 10.20412 0.3670800328 2.0705552101    0.367 -1.537  3.6126  4.942    1  0.000  0.545     0.00     0.00 -1 -1.25e-28      0.00 7.429e-01 2.565e-01 1.114e-04 3.006e-05 2.726e-04 -1.000 6.585e-04 8.613 11.456 10.588 9.397 8.569 7.901 7.062 6.487 6.306
0.00059013 -1.42000 10.20412 0.4000000358 2.1185026169    0.400 -1.440  3.6202  4.913    1  0.000  0.545     0.00     0.00 -1  -4.6e-29      0.00 7.499e-01 2.494e-01 1.114e-04 3.006e-05 2.726e-04 -1.000 6.196e-04 8.370 11.067 10.249 9.101 8.303 7.658 6.839 6.263 6.091
0.00059013 -1.42000 10.20412 0.4500000179 2.1822810173    0.450 -1.258  3.6398  4.861    1  0.000  0.545     0.00     0.00 -1 -2.78e-30      0.00 7.500e-01 2.493e-01 1.114e-04 3.006e-05 2.726e-04 -1.000 6.195e-04 7.916 10.249 9.560 8.515 7.795 7.204 6.437 5.865 5.719
0.00059013 -1.42000 10.20412 0.5000000000 2.2374541759    0.500 -1.051  3.6683  4.813    1  0.000  0.545     0.00     0.00 -1  -6.3e-30      0.00 7.500e-01 2.493e-01 1.114e-04 3.006e-05 2.726e-04 -1.000 6.195e-04 7.396 9.207 8.730 7.823 7.207 6.688 6.001 5.465 5.350
0.00059013 -1.42000 10.20412 0.5500000715 2.2836585045    0.550 -0.815  3.6958  4.728    1  0.000  0.544     0.00     0.00 -1 -1.16e-30      0.00 7.955e-01 2.039e-01 9.251e-05 2.498e-05 2.267e-04 -1.000 5.192e-04 6.807 8.127 7.892 7.097 6.572 6.110 5.507 5.034 4.938
0.00059013 -1.42000 10.20412 0.5850515366 2.3106913567    0.585 -0.649  3.7184  4.679    1  0.000  0.543     0.00     0.00 -1 -1.01e-30      0.00 8.051e-01 1.944e-01 8.884e-05 2.401e-05 2.180e-04 -1.000 5.009e-04 6.391 7.379 7.318 6.605 6.138 5.715 5.179 4.757 4.675
0.00059013 -1.42000 10.20412 0.6000000238 2.3211214542    0.600 -0.581  3.7276  4.659    1  0.000  0.543     0.00     0.00 -1    -1e-30      0.00 8.090e-01 1.905e-01 8.735e-05 2.361e-05 2.144e-04 -1.000 4.931e-04 6.222 7.091 7.090 6.411 5.965 5.558 5.047 4.644 4.568
0.00059013 -1.42000 10.20412 0.6085831523 2.3268446922    0.608 -0.538  3.7333  4.645    1  0.000  0.543     0.00     0.00 -1 -8.38e-28      0.00 8.116e-01 1.879e-01 8.631e-05 2.333e-05 2.119e-04 -1.000 4.773e-04 6.115 6.917 6.951 6.292 5.858 5.460 4.965 4.573 4.500
0.00059013 -1.42000 10.20412 0.6184521317 2.3331999779    0.618 -0.488  3.7398  4.629    1  0.000  0.543     0.00     0.00 -1 -1.75e-24      0.00 8.148e-01 1.847e-01 8.508e-05 2.300e-05 2.090e-04 -1.000 4.952e-04 5.991 6.722 6.791 6.156 5.735 5.346 4.867 4.487 4.418
0.00059013 -1.42000 10.20412 0.6279831529 2.3391199112    0.628 -0.439  3.7459  4.611    1  0.000  0.543     0.00     0.00 -1 -2.38e-21      0.00 8.180e-01 1.815e-01 8.384e-05 2.268e-05 2.060e-04 -1.000 4.724e-04 5.869 6.539 6.637 6.023 5.615 5.236 4.772 4.402 4.338
0.00059013 -1.42000 10.20412 0.6370903254 2.3445868492    0.637 -0.392  3.7516  4.592    1  0.000  0.542     0.00     0.00 -1 -7.82e-23      0.00 8.212e-01 1.784e-01 8.261e-05 2.235e-05 2.031e-04 -1.000 4.376e-04 5.750 6.364 6.489 5.896 5.500 5.130 4.679 4.318 4.258
0.00059013 -1.42000 10.20412 0.6454319358 2.3494389057    0.645 -0.347  3.7567  4.574    1  0.000  0.542     0.00     0.00 -1    -1e-30      0.00 8.241e-01 1.754e-01 8.146e-05 2.204e-05 2.003e-04 -1.000 4.160e-04 5.638 6.204 6.351 5.777 5.392 5.032 4.593 4.239 4.183
0.00059013 -1.42000 10.20412 0.6499999762 2.3520355225    0.650 -0.322  3.7595  4.563    1  0.000  0.542     0.00     0.00 -1    -1e-30      0.00 8.257e-01 1.738e-01 8.081e-05 2.187e-05 1.988e-04 -1.000 4.937e-04 5.575 6.115 6.274 5.712 5.332 4.976 4.544 4.194 4.140
0.00059013 -1.42000 10.20412 0.6577289701 2.3563342094    0.657 -0.278  3.7639  4.542    1  0.000  0.541     0.00     0.00 -1 -4.71e-28      0.00 8.293e-01 1.702e-01 7.946e-05 2.151e-05 1.956e-04 -1.000 4.606e-04 5.465 5.970 6.144 5.598 5.227 4.878 4.455 4.111 4.061
0.00059013 -1.42000 10.20412 0.6659513116 2.3607816696    0.666 -0.229  3.7685  4.516    1  0.000  0.541     0.00     0.00 -1 -3.12e-25      0.00 8.333e-01 1.663e-01 7.797e-05 2.111e-05 1.920e-04 -1.000 3.957e-04 5.343 5.812 6.001 5.471 5.110 4.768 4.355 4.017 3.971
0.00059013 -1.42000 10.20412 0.6730177402 2.3645043373    0.673 -0.185  3.7724  4.492    1  0.000  0.541     0.00     0.00 -1 -7.98e-23      0.00 8.368e-01 1.627e-01 7.664e-05 2.076e-05 1.889e-04 -1.000 4.579e-04 5.232 5.673 5.873 5.358 5.004 4.669 4.263 3.932 3.889
0.00059013 -1.42000 10.20412 0.6799029112 2.3680458069    0.680 -0.139  3.7761  4.466    1  0.000  0.541     0.00     0.00 -1  -3.5e-21      0.00 8.404e-01 1.592e-01 7.528e-05 2.040e-05 1.856e-04 -1.000 4.718e-04 5.118 5.534 5.742 5.241 4.895 4.566 4.168 3.842 3.802
0.00059013 -1.42000 10.20412 0.6883997917 2.3723044395    0.688 -0.079  3.7805  4.429    1  0.000  0.540     0.00     0.00 -1 -1.04e-25      0.00 8.450e-01 1.545e-01 7.353e-05 1.993e-05 1.815e-04 -1.000 4.222e-04 4.968 5.355 5.572 5.087 4.750 4.428 4.040 3.721 3.684
0.00059013 -1.42000 10.20412 0.6963868141 2.3761987686    0.696 -0.018  3.7844  4.388    1  0.000  0.540     0.00     0.00 -1    -1e-30      0.00 8.496e-01 1.500e-01 7.180e-05 1.947e-05 1.773e-04 -1.000 4.353e-04 4.815 5.183 5.403 4.932 4.602 4.287 3.907 3.593 3.560
0.00059013 -1.42000 10.20412 0.6999999881 2.3779268265    0.700  0.011  3.7861  4.368    1  0.000  0.540     0.00     0.00 -1    -1e-30      0.00 8.516e-01 1.479e-01 7.103e-05 1.927e-05 1.755e-04 -1.000 4.461e-04 4.742 5.102 5.322 4.858 4.532 4.219 3.842 3.531 3.499
0.00059013 -1.42000 10.20412 0.7051915526 2.3803741932    0.705  0.056  3.7883  4.335    1  0.000  0.538     0.00     0.00 -1 -6.89e-29      0.00 8.545e-01 1.451e-01 6.991e-05 1.900e-05 1.731e-04 -1.000 3.811e-04 4.631 4.981 5.202 4.745 4.424 4.115 3.743 3.435 3.404
0.00059013 -1.42000 10.20412 0.7110948563 2.3831074238    0.711  0.109  3.7905  4.295    1  0.000  0.537     0.00     0.00 -1 -8.41e-27      0.00 8.557e-01 1.439e-01 6.935e-05 1.888e-05 1.720e-04 -1.000 3.910e-04 4.498 4.838 5.058 4.610 4.293 3.988 3.621 3.318 3.288
0.00059013 -1.42000 10.20412 0.7166093588 2.3856136799    0.716  0.162  3.7922  4.251    1  0.000  0.536     0.00     0.00 -1 -7.47e-25      0.00 8.567e-01 1.429e-01 6.893e-05 1.879e-05 1.713e-04 -1.000 3.875e-04 4.364 4.699 4.916 4.474 4.161 3.859 3.495 3.195 3.166
0.00059013 -1.42000 10.20412 0.7198407650 2.3870618343    0.719  0.197  3.7927  4.221    1  0.000  0.536     0.00     0.00 -1 -1.04e-23      0.00 8.572e-01 1.424e-01 6.872e-05 1.875e-05 1.710e-04 -1.000 3.859e-04 4.278 4.611 4.826 4.387 4.075 3.775 3.412 3.112 3.084
0.00059013 -1.42000 10.20412 0.7213739753 2.3877437115    0.721  0.215  3.7927  4.204    1  0.000  0.535     0.00     0.00 -1 -3.47e-23      0.00 8.575e-01 1.421e-01 6.862e-05 1.873e-05 1.708e-04 -1.000 3.853e-04 4.233 4.567 4.781 4.342 4.031 3.730 3.367 3.068 3.040
0.00059013 -1.42000 10.20412 0.7262637615 2.3898963928    0.726  0.277  3.7915  4.140    1  0.000  0.534     0.00     0.00 -1 -5.58e-22      0.00 8.582e-01 1.414e-01 6.832e-05 1.868e-05 1.704e-04 -1.000 3.861e-04 4.078 4.418 4.627 4.187 3.874 3.572 3.206 2.905 2.876
0.00059013 -1.42000 10.20412 0.7296325564 2.3913602829    0.729  0.325  3.7893  4.084    1  0.000  0.534     0.00     0.00 -1 -2.75e-22      0.00 8.585e-01 1.411e-01 6.824e-05 1.867e-05 1.704e-04 -1.000 3.993e-04 3.957 4.309 4.513 4.067 3.751 3.445 3.074 2.769 2.739
0.00059013 -1.42000 10.20412 0.7302581072 2.3916304111    0.729  0.335  3.7887  4.073    1  0.000  0.534     0.00     0.00 -1  -1.5e-22      0.00 8.585e-01 1.411e-01 6.824e-05 1.867e-05 1.704e-04 -1.000 4.250e-04 3.934 4.288 4.492 4.044 3.727 3.421 3.048 2.742 2.712
0.00059013 -1.42000 10.20412 0.7314612269 2.3921482563    0.731  0.355  3.7869  4.047    2  0.000  0.533     0.00     0.00 -1 -3.23e-22      0.00 8.580e-01 1.416e-01 6.863e-05 1.879e-05 1.715e-04 -1.000 3.975e-04 3.883 4.246 4.447 3.995 3.674 3.365 2.989 2.680 2.649
0.00059013 -1.42000 10.20412 0.7338423729 2.3931677341    0.733  0.399  3.7817  3.983    2  0.000  0.533     0.00     0.00 -1 -1.49e-21      0.00 8.555e-01 1.441e-01 7.018e-05 1.922e-05 1.754e-04 -1.000 3.869e-04 3.771 4.160 4.354 3.887 3.557 3.240 2.852 2.533 2.499
0.00059013 -1.42000 10.20412 0.7355863452 2.3939096928    0.735  0.438  3.7754  3.919    2  0.000  0.533     0.00     0.00 -1 -4.71e-21      0.00 8.471e-01 1.525e-01 7.430e-05 2.035e-05 1.857e-04 -1.000 3.954e-04 3.674 4.099 4.282 3.795 3.453 3.126 2.724 2.394 2.356
0.00059013 -1.42000 10.20412 0.7369200587 2.3944742680    0.736  0.474  3.7686  3.857    2  0.000  0.534     0.00     0.00 -1 -1.16e-20      0.00 8.264e-01 1.732e-01 8.271e-05 2.264e-05 2.064e-04 -1.000 4.210e-04 3.585 4.052 4.223 3.713 3.359 3.021 2.602 2.261 2.218
0.00059013 -1.42000 10.20412 0.7380028963 2.3949308395    0.737  0.508  3.7610  3.794    2  0.000  0.535     0.00     0.00 -1 -2.44e-20      0.00 8.048e-01 1.947e-01 9.042e-05 2.472e-05 2.251e-04 -1.000 5.039e-04 3.501 4.018 4.172 3.637 3.269 2.919 2.482 2.127 2.080
0.00059013 -1.42000 10.20412 0.7389513254 2.3953294754    0.738  0.545  3.7530  3.725    2  0.000  0.537     0.00     0.00 -1    -1e-30      0.00 7.903e-01 2.091e-01 9.543e-05 2.606e-05 2.371e-04 -1.000 5.776e-04 3.407 3.983 4.117 3.554 3.171 2.808 2.353 1.985 1.931
0.00059013 -1.42000 10.20412 0.7396938801 2.3956408501    0.739  0.585  3.7470  3.661    2  0.000  0.537     0.00     0.00 -1    -1e-30      0.00 7.821e-01 2.174e-01 9.830e-05 2.683e-05 2.440e-04 -1.000 5.196e-04 3.307 3.929 4.046 3.464 3.069 2.697 2.227 1.847 1.790
0.00059013 -1.42000 10.20412 0.7402725816 2.3958830833    0.739  0.625  3.7429  3.606    2  0.000  0.537     0.00     0.00 -1    -1e-30      0.00 7.774e-01 2.221e-01 9.995e-05 2.728e-05 2.480e-04 -1.000 5.195e-04 3.208 3.861 3.968 3.371 2.969 2.590 2.110 1.723 1.662
0.00059013 -1.42000 10.20412 0.7407582402 2.3960859776    0.740  0.664  3.7401  3.555    2  0.000  0.538     0.00     0.00 -1    -1e-30      0.00 7.741e-01 2.253e-01 1.010e-04 2.757e-05 2.506e-04 -1.000 5.820e-04 3.110 3.785 3.884 3.279 2.872 2.488 2.001 1.608 1.546
0.00059013 -1.42000 10.20412 0.7408430576 2.3961212635    0.740  0.671  3.7396  3.546    2  0.000  0.538     0.00     0.00 -1    -1e-30      0.00 7.736e-01 2.259e-01 1.012e-04 2.762e-05 2.511e-04 -1.000 5.196e-04 3.092 3.771 3.869 3.262 2.854 2.469 1.981 1.587 1.524
0.00059013 -1.42000 10.20412 0.7410554290 2.3962099552    0.740  0.691  3.7385  3.523    2  0.000  0.538     0.00     0.00 -1    -1e-30      0.00 7.724e-01 2.270e-01 1.016e-04 2.772e-05 2.520e-04 -1.000 5.634e-04 3.043 3.731 3.825 3.215 2.805 2.419 1.927 1.531 1.468
0.00059013 -1.42000 10.20412 0.7415216565 2.3964042664    0.740  0.735  3.7364  3.470    3  0.000  0.538     0.00     0.00 -1    -1e-30      0.00 7.699e-01 2.295e-01 1.023e-04 2.792e-05 2.538e-04 -1.000 5.876e-04 2.932 3.640 3.726 3.108 2.695 2.305 1.808 1.406 1.342
0.00059013 -1.42000 10.20412 0.7420549989 2.3966262341    0.741  0.790  3.7343  3.406    3  0.000  0.538     0.00     0.00 -1    -1e-30      0.00 7.673e-01 2.322e-01 1.030e-04 2.811e-05 2.555e-04 -1.000 5.683e-04 2.794 3.521 3.598 2.974 2.557 2.164 1.660 1.253 1.188
0.00059013 -1.42000 10.20412 0.7425300479 2.3968234062    0.741  0.844  3.7325  3.346    3  0.000  0.538     0.00     0.00 -1    -1e-30      0.00 7.651e-01 2.343e-01 1.036e-04 2.826e-05 2.568e-04 -1.000 5.732e-04 2.660 3.404 3.474 2.844 2.424 2.029 1.519 1.107 1.042
0.00059013 -1.42000 10.20412 0.7430009842 2.3970189095    0.742  0.902  3.7308  3.282    3  0.000  0.538     0.00     0.00 -1    -1e-30      0.00 7.630e-01 2.364e-01 1.040e-04 2.838e-05 2.578e-04 -1.000 5.818e-04 2.515 3.274 3.338 2.703 2.280 1.882 1.367 0.951 0.885
0.00059013 -1.42000 10.20412 0.7433167696 2.3971495628    0.742  0.944  3.7296  3.235    3  0.000  0.538     0.00     0.00 -1    -1e-30      0.00 7.617e-01 2.377e-01 1.042e-04 2.845e-05 2.585e-04 -1.000 5.540e-04 2.410 3.179 3.238 2.600 2.175 1.775 1.256 0.836 0.770
0.00059013 -1.42000 10.20412 0.7436222434 2.3972761631    0.742  0.988  3.7284  3.186    3  0.000  0.538     0.00     0.00 -1    -1e-30      0.00 7.604e-01 2.391e-01 1.044e-04 2.852e-05 2.591e-04 -1.000 5.417e-04 2.300 3.082 3.136 2.493 2.067 1.664 1.141 0.718 0.651
0.00059013 -1.42000 10.20412 0.7438994050 2.3973908424    0.743  1.031  3.7272  3.139    3  0.000  0.537     0.00     0.00 -1    -1e-30      0.00 7.592e-01 2.402e-01 1.046e-04 2.858e-05 2.595e-04 -1.000 5.758e-04 2.192 2.986 3.034 2.388 1.960 1.556 1.029 0.602 0.535
0.00059013 -1.42000 10.20412 0.7441433072 2.3974914551    0.743  1.072  3.7261  3.093    3  0.000  0.537     0.00     0.00 -1    -1e-30      0.00 7.582e-01 2.412e-01 1.047e-04 2.863e-05 2.599e-04 -1.000 6.020e-04 2.090 2.894 2.938 2.288 1.858 1.452 0.921 0.491 0.424
0.00059013 -1.42000 10.20412 0.7443876863 2.3975925446    0.743  1.116  3.7248  3.044    3  0.000  0.537     0.00     0.00 -1    -1e-30      0.00 7.573e-01 2.421e-01 1.047e-04 2.869e-05 2.603e-04 -1.000 6.058e-04 1.979 2.795 2.834 2.181 1.748 1.340 0.805 0.372 0.304
0.00059013 -1.42000 10.20412 0.7446647882 2.3977067471    0.743  1.172  3.7232  2.982    3  0.000  0.536     0.00     0.00 -1    -1e-30      0.00 7.563e-01 2.431e-01 1.047e-04 2.875e-05 2.606e-04 -1.000 5.824e-04 1.840 2.672 2.705 2.046 1.611 1.200 0.660 0.222 0.154
0.00059013 -1.42000 10.20412 0.7449228764 2.3978130817    0.744  1.229  3.7215  2.918    3  0.000  0.535     0.00     0.00 -1    -1e-30      0.00 7.554e-01 2.440e-01 1.047e-04 2.882e-05 2.608e-04 -1.000 5.623e-04 1.696 2.547 2.571 1.906 1.468 1.054 0.509 0.066 -0.003
0.00059013 -1.42000 10.20412 0.7451432347 2.3979039192    0.744  1.284  3.7197  2.856    3  0.000  0.535     0.00     0.00 -1    -1e-30      0.00 7.548e-01 2.446e-01 1.047e-04 2.888e-05 2.610e-04 -1.000 5.888e-04 1.559 2.428 2.444 1.773 1.332 0.916 0.365 -0.083 -0.152
0.00059013 -1.42000 10.20412 0.7453352809 2.3979830742    0.744  1.337  3.7180  2.796    3  0.000  0.534     0.00     0.00 -1    -1e-30      0.00 7.544e-01 2.450e-01 1.046e-04 2.893e-05 2.611e-04 -1.000 6.023e-04 1.427 2.315 2.323 1.645 1.201 0.782 0.225 -0.227 -0.297
0.00059013 -1.42000 10.20412 0.7455049157 2.3980526924    0.744  1.389  3.7162  2.737    3  0.000  0.534     0.00     0.00 -1    -1e-30      0.00 7.541e-01 2.453e-01 1.046e-04 2.897e-05 2.612e-04 -1.000 6.051e-04 1.297 2.205 2.204 1.520 1.073 0.650 0.088 -0.369 -0.440
0.00059013 -1.42000 10.20412 0.7456266880 2.3981027603    0.744  1.430  3.7147  2.691    3  0.000  0.534     0.00     0.00 -1    -1e-30      0.00 7.540e-01 2.454e-01 1.046e-04 2.899e-05 2.612e-04 -1.000 6.123e-04 1.196 2.120 2.112 1.423 0.972 0.548 -0.019 -0.480 -0.551
0.00059013 -1.42000 10.20412 0.7457638979 2.3981592655    0.745  1.480  3.7129  2.633    3  0.000  0.534     0.00     0.00 -1    -1e-30      0.00 7.539e-01 2.455e-01 1.045e-04 2.900e-05 2.613e-04 -1.000 5.840e-04 1.070 2.014 1.998 1.302 0.848 0.420 -0.153 -0.619 -0.690
0.00059013 -1.42000 10.20412 0.7458910942 2.3982114792    0.745  1.531  3.7110  2.575    3  0.000  0.534     0.00     0.00 -1    -1e-30      0.00 7.539e-01 2.456e-01 1.045e-04 2.901e-05 2.613e-04 -1.000 5.521e-04 0.941 1.907 1.882 1.179 0.722 0.290 -0.289 -0.760 -0.833
0.00059013 -1.42000 10.20412 0.7460021973 2.3982572556    0.745  1.581  3.7091  2.518    3  0.000  0.534     0.00     0.00 -1    -1e-30      0.00 7.539e-01 2.456e-01 1.045e-04 2.901e-05 2.613e-04 -1.000 5.494e-04 0.818 1.805 1.772 1.061 0.600 0.166 -0.420 -0.897 -0.970
0.00059013 -1.42000 10.20412 0.7461005449 2.3982975483    0.745  1.629  3.7071  2.462    3  0.000  0.534     0.00     0.00 -1    -1e-30      0.00 7.539e-01 2.456e-01 1.045e-04 2.901e-05 2.613e-04 -1.000 5.493e-04 0.698 1.711 1.666 0.947 0.482 0.044 -0.547 -1.029 -1.103
0.00059013 -1.42000 10.20412 0.7461932302 2.3983356953    0.745  1.678  3.7051  2.404    3  0.000  0.534     0.00     0.00 -1    -1e-30      0.00 7.538e-01 2.456e-01 1.045e-04 2.901e-05 2.613e-04 -1.000 5.491e-04 0.574 1.617 1.557 0.829 0.359 -0.082 -0.679 -1.166 -1.241
0.00059013 -1.42000 10.20412 0.7462708950 2.3983674049    0.745  1.724  3.7032  2.351    3  0.000  0.534     0.00     0.00 -1    -1e-30      0.00 7.538e-01 2.456e-01 1.045e-04 2.901e-05 2.613e-04 -1.000 5.491e-04 0.461 1.531 1.458 0.721 0.247 -0.198 -0.801 -1.293 -1.368
0.00059013 -1.42000 10.20412 0.7463429570 2.3983969688    0.745  1.769  3.7012  2.298    3  0.000  0.534     0.00     0.00 -1    -1e-30      0.00 7.538e-01 2.456e-01 1.045e-04 2.901e-05 2.613e-04 -1.000 5.489e-04 0.346 1.444 1.359 0.612 0.134 -0.315 -0.923 -1.420 -1.496
0.00059013 -1.42000 10.20412 0.7464071512 2.3984234333    0.745  1.813  3.6992  2.246    3  0.000  0.534     0.00     0.00 -1    -1e-30      0.00 7.538e-01 2.456e-01 1.045e-04 2.901e-05 2.613e-04 -1.000 5.488e-04 0.236 1.363 1.264 0.508 0.026 -0.426 -1.041 -1.543 -1.619
0.00059013 -1.42000 10.20412 0.7464652061 2.3984472752    0.745  1.856  3.6973  2.195    3  0.000  0.534     0.00     0.00 -1    -1e-30      0.00 7.538e-01 2.456e-01 1.045e-04 2.901e-05 2.613e-04 -1.000 5.487e-04 0.130 1.287 1.174 0.408 -0.079 -0.534 -1.155 -1.662 -1.740
0.00059013 -1.42000 10.20412 0.7465178967 2.3984687328    0.745  1.897  3.6954  2.147    3  0.000  0.534     0.00     0.00 -1    -1e-30      0.00 7.538e-01 2.456e-01 1.045e-04 2.901e-05 2.613e-04 -1.000 5.486e-04 0.028 1.214 1.088 0.313 -0.178 -0.638 -1.264 -1.776 -1.854
0.00059013 -1.42000 10.20412 0.7465623617 2.3984870911    0.745  1.929  3.6939  2.109    3  0.000  0.534     0.00     0.00 -1    -1e-30      0.00 7.538e-01 2.456e-01 1.045e-04 2.901e-05 2.613e-04 -1.000 5.486e-04 -0.052 1.157 1.020 0.238 -0.257 -0.719 -1.350 -1.866 -1.945
0.00059013 -1.42000 10.20412 0.7466091514 2.3985061646    0.745  1.959  3.6925  2.073    3  0.000  0.534     0.00     0.00 -1    -1e-30      0.00 7.538e-01 2.456e-01 1.045e-04 2.901e-05 2.613e-04 -1.000 5.485e-04 -0.127 1.103 0.956 0.167 -0.331 -0.795 -1.431 -1.951 -2.030
0.00059013 -1.42000 10.20412 0.7466487288 2.3985223770    0.745  1.981  3.6916  2.048    3  0.000  0.534     0.00     0.00 -1    -1e-30      0.00 7.538e-01 2.456e-01 1.045e-04 2.901e-05 2.613e-04 -1.000 5.485e-04 -0.182 1.063 0.909 0.116 -0.384 -0.851 -1.489 -2.012 -2.091
0.00059013 -1.42000 10.20412 0.7466597557 2.3985269070    0.745  1.978  3.6918  2.051    3  0.000  0.534     0.00     0.00 -1    -1e-30      0.00 7.538e-01 2.456e-01 1.045e-04 2.901e-05 2.613e-04 -1.000 5.483e-04 -0.176 1.066 0.914 0.121 -0.378 -0.844 -1.482 -2.004 -2.083
0.00059013 -1.42000 10.20412 0.7466838360 2.3985369205    0.745  1.972  3.6923  2.059    3  0.000  0.534     0.00     0.00 -1    -1e-30      0.00 7.538e-01 2.457e-01 1.045e-04 2.901e-05 2.613e-04 -1.000 5.484e-04 -0.160 1.074 0.925 0.135 -0.363 -0.828 -1.465 -1.985 -2.064
0.00059013 -1.42000 10.20412 0.7467219830 2.3985524178    0.746  2.012  3.6904  2.012    3  0.000  0.534     0.00     0.00 -1    -1e-30      0.00 7.538e-01 2.457e-01 1.045e-04 2.901e-05 2.613e-04 -1.000 5.483e-04 -0.259 1.005 0.843 0.043 -0.460 -0.928 -1.571 -2.096 -2.176
0.00059013 -1.42000 10.20412 0.7467574477 2.3985669613    0.746  2.050  3.6884  1.966    3  0.000  0.534     0.00     0.00 -1    -1e-30      0.00 7.538e-01 2.457e-01 1.045e-04 2.901e-05 2.613e-04 -1.000 5.483e-04 -0.356 0.944 0.764 -0.046 -0.554 -1.026 -1.676 -2.208 -2.288
0.00059013 -1.42000 10.20412 0.7467917204 2.3985810280    0.746  2.092  3.6863  1.916    3  0.000  0.534     0.00     0.00 -1    -1e-30      0.00 7.538e-01 2.457e-01 1.045e-04 2.901e-05 2.613e-04 -1.000 5.483e-04 -0.459 0.881 0.682 -0.140 -0.653 -1.129 -1.787 -2.325 -2.406
0.00059013 -1.42000 10.20412 0.7468238473 2.3985941410    0.746  2.133  3.6841  1.865    3  0.000  0.533     0.00     0.00 -1    -1e-30      0.00 7.538e-01 2.457e-01 1.045e-04 2.902e-05 2.613e-04 -1.000 5.481e-04 -0.563 0.841 0.606 -0.239 -0.758 -1.237 -1.902 -2.447 -2.527
0.00059013 -1.42000 10.20412 0.7468534708 2.3986063004    0.746  2.175  3.6818  1.815    3  0.000  0.533     0.00     0.00 -1    -1e-30      0.00 7.538e-01 2.457e-01 1.045e-04 2.902e-05 2.613e-04 -1.000 5.482e-04 -0.667 0.799 0.530 -0.335 -0.861 -1.344 -2.017 -2.569 -2.648
0.00059013 -1.42000 10.20412 0.7468803525 2.3986172676    0.746  2.216  3.6795  1.765    3  0.000  0.533     0.00     0.00 -1    -1e-30      0.00 7.538e-01 2.457e-01 1.045e-04 2.902e-05 2.613e-04 -1.000 5.481e-04 -0.770 0.761 0.457 -0.430 -0.963 -1.450 -2.129 -2.688 -2.766
0.00059013 -1.42000 10.20412 0.7469054461 2.3986275196    0.746  2.257  3.6772  1.714    3  0.000  0.533     0.00     0.00 -1    -1e-30      0.00 7.538e-01 2.457e-01 1.045e-04 2.902e-05 2.613e-04 -1.000 5.481e-04 -0.873 0.727 0.386 -0.524 -1.064 -1.555 -2.243 -2.808 -2.886
0.00059013 -1.42000 10.20412 0.7469322681 2.3986387253    0.746  2.305  3.6745  1.655    3  0.000  0.533     0.00     0.00 -1    -1e-30      0.00 7.538e-01 2.457e-01 1.045e-04 2.902e-05 2.613e-04 -1.000 5.480e-04 -0.993 0.693 0.306 -0.632 -1.182 -1.678 -2.375 -2.948 -3.025
0.00059013 -1.42000 10.20412 0.7469549775 2.3986480236    0.746  2.349  3.6719  1.601    3  0.000  0.533     0.00     0.00 -1    -1e-30      0.00 7.538e-01 2.457e-01 1.045e-04 2.902e-05 2.613e-04 -1.000 5.480e-04 -1.102 0.666 0.236 -0.730 -1.289 -1.790 -2.496 -3.075 -3.151
0.00059013 -1.42000 10.20412 0.7469763160 2.3986566067    0.746  2.394  3.6692  1.545    3  0.000  0.533     0.00     0.00 -1    -1e-30      0.00 7.538e-01 2.457e-01 1.045e-04 2.902e-05 2.613e-04 -1.000 5.479e-04 -1.215 0.645 0.166 -0.830 -1.398 -1.905 -2.620 -3.207 -3.283
0.00059013 -1.42000 10.20412 0.7469931245 2.3986635208    0.746  2.432  3.6669  1.498    3  0.000  0.533     0.00     0.00 -1    -1e-30      0.00 7.538e-01 2.457e-01 1.045e-04 2.902e-05 2.613e-04 -1.000 5.479e-04 -1.310 0.598 0.099 -0.910 -1.485 -1.998 -2.722 -3.317 -3.394
0.00059013 -1.42000 10.20412 0.7470105886 2.3986706734    0.746  2.474  3.6642  1.445    3  0.000  0.533     0.00     0.00 -1    -1e-30      0.00 7.538e-01 2.457e-01 1.045e-04 2.902e-05 2.613e-04 -1.000 5.479e-04 -1.416 0.593 0.041 -1.000 -1.587 -2.106 -2.839 -3.441 -3.518
0.00059013 -1.42000 10.20412 0.7470249534 2.3986766338    0.746  2.512  3.6619  1.398    3  0.000  0.533     0.00     0.00 -1    -1e-30      0.00 7.538e-01 2.457e-01 1.045e-04 2.902e-05 2.613e-04 -1.000 5.478e-04 -1.510 0.592 -0.009 -1.080 -1.677 -2.201 -2.943 -3.552 -3.629
0.00059013 -1.42000 10.20412 0.7470388412 2.3986823559    0.746  2.551  3.6594  1.349    3  0.000  0.533     0.00     0.00 -1    -1e-30      0.00 7.538e-01 2.457e-01 1.045e-04 2.902e-05 2.613e-04 -1.000 5.478e-04 -1.607 0.599 -0.057 -1.161 -1.769 -2.299 -3.050 -3.665 -3.742
0.00059013 -1.42000 10.20412 0.7470532656 2.3986880779    0.746  2.594  3.6565  1.295    3  0.000  0.533     0.00     0.00 -1    -1e-30      0.00 7.538e-01 2.457e-01 1.045e-04 2.902e-05 2.613e-04 -1.000 5.478e-04 -1.714 0.603 -0.110 -1.247 -1.867 -2.405 -3.168 -3.791 -3.869
0.00059013 -1.42000 10.20412 0.7470652461 2.3986930847    0.746  2.632  3.6540  1.247    3  0.000  0.533     0.00     0.00 -1    -1e-30      0.00 7.538e-01 2.457e-01 1.045e-04 2.902e-05 2.613e-04 -1.000 5.479e-04 -1.809 0.594 -0.161 -1.323 -1.954 -2.498 -3.272 -3.903 -3.982
0.00059013 -1.42000 10.20412 0.7470764518 2.3986976147    0.746  2.670  3.6515  1.199    3  0.000  0.533     0.00     0.00 -1    -1e-30      0.00 7.538e-01 2.457e-01 1.045e-04 2.902e-05 2.613e-04 -1.000 5.478e-04 -1.905 0.587 -0.212 -1.399 -2.040 -2.591 -3.376 -4.015 -4.095
0.00059013 -1.42000 10.20412 0.7470861673 2.3987016678    0.746  2.705  3.6491  1.154    3  0.000  0.533     0.00     0.00 -1    -1e-30      0.00 7.538e-01 2.457e-01 1.045e-04 2.902e-05 2.613e-04 -1.000 5.478e-04 -1.992 0.582 -0.258 -1.468 -2.118 -2.676 -3.471 -4.118 -4.200
0.00059013 -1.42000 10.20412 0.7470958233 2.3987054825    0.746  2.742  3.6465  1.107    3  0.000  0.533     0.00     0.00 -1    -1e-30      0.00 7.538e-01 2.457e-01 1.045e-04 2.902e-05 2.613e-04 -1.000 5.477e-04 -2.086 0.579 -0.306 -1.539 -2.201 -2.766 -3.572 -4.227 -4.310
0.00059013 -1.42000 10.20412 0.7471048236 2.3987092972    0.746  2.779  3.6440  1.059    3  0.000  0.533     0.00     0.00 -1    -1e-30      0.00 7.538e-01 2.457e-01 1.045e-04 2.902e-05 2.613e-04 -1.000 5.478e-04 -2.178 0.578 -0.352 -1.610 -2.282 -2.855 -3.672 -4.336 -4.421
0.00059013 -1.42000 10.20412 0.7471137643 2.3987128735    0.746  2.818  3.6412  1.009    3  0.000  0.533     0.00     0.00 -1    -1e-30      0.00 7.538e-01 2.457e-01 1.045e-04 2.902e-05 2.613e-04 -1.000 5.477e-04 -2.276 0.581 -0.399 -1.684 -2.368 -2.949 -3.778 -4.452 -4.538
0.00059013 -1.42000 10.20412 0.7471218109 2.3987162113    0.746  2.856  3.6386  0.961    3  0.000  0.533     0.00     0.00 -1    -1e-30      0.00 7.538e-01 2.457e-01 1.045e-04 2.902e-05 2.613e-04 -1.000 5.477e-04 -2.369 0.596 -0.436 -1.751 -2.449 -3.038 -3.879 -4.562 -4.649
0.00059013 -1.42000 10.20412 0.7471290231 2.3987190723    0.746  2.891  3.6360  0.916    3  0.000  0.533     0.00     0.00 -1    -1e-30      0.00 7.538e-01 2.457e-01 1.045e-04 2.902e-05 2.613e-04 -1.000 5.477e-04 -2.458 0.616 -0.469 -1.813 -2.524 -3.122 -3.976 -4.666 -4.756
0.00059013 -1.42000 10.20412 0.7471359968 2.3987219334    0.746  2.928  3.6334  0.868    3  0.000  0.533     0.00     0.00 -1    -1e-30      0.00 7.538e-01 2.457e-01 1.045e-04 2.902e-05 2.613e-04 -1.000 5.477e-04 -2.549 0.638 -0.502 -1.876 -2.601 -3.208 -4.075 -4.774 -4.866
0.00059013 -1.42000 10.20412 0.7471430302 2.3987247944    0.746  2.967  3.6306  0.818    3  0.000  0.533     0.00     0.00 -1    -1e-30      0.00 7.538e-01 2.457e-01 1.045e-04 2.902e-05 2.613e-04 -1.000 5.478e-04 -2.647 0.663 -0.536 -1.943 -2.683 -3.300 -4.180 -4.889 -4.983
0.00059013 -1.42000 10.20412 0.7471488118 2.3987271786    0.746  3.001  3.6281  0.774    3  0.000  0.533     0.00     0.00 -1    -1e-30      0.00 7.538e-01 2.457e-01 1.045e-04 2.902e-05 2.613e-04 -1.000 5.477e-04 -2.732 0.685 -0.566 -2.000 -2.753 -3.380 -4.272 -4.990 -5.086
0.00059013 -1.42000 10.20412 0.7471541166 2.3987293243    0.746  3.034  3.6256  0.731    3  0.000  0.533     0.00     0.00 -1    -1e-30      0.00 7.538e-01 2.457e-01 1.045e-04 2.902e-05 2.613e-04 -1.000 5.476e-04 -2.815 0.708 -0.593 -2.054 -2.821 -3.457 -4.361 -5.087 -5.185
0.00059013 -1.42000 10.20412 0.7471591830 2.3987314701    0.746  3.066  3.6232  0.689    3  0.000  0.533     0.00     0.00 -1    -1e-30      0.00 7.538e-01 2.457e-01 1.045e-04 2.902e-05 2.613e-04 -1.000 5.476e-04 -2.896 0.732 -0.620 -2.108 -2.888 -3.532 -4.448 -5.183 -5.283
0.00059013 -1.42000 10.20412 0.7471638918 2.3987333775    0.746  3.098  3.6209  0.648    3  0.000  0.533     0.00     0.00 -1    -1e-30      0.00 7.538e-01 2.457e-01 1.045e-04 2.902e-05 2.613e-04 -1.000 5.477e-04 -2.976 0.755 -0.646 -2.161 -2.954 -3.607 -4.535 -5.278 -5.379
0.00059013 -1.42000 10.20412 0.7471682429 2.3987352848    0.746  3.129  3.6186  0.608    3  0.000  0.533     0.00     0.00 -1    -1e-30      0.00 7.538e-01 2.457e-01 1.045e-04 2.902e-05 2.613e-04 -1.000 5.477e-04 -3.054 0.782 -0.668 -2.209 -3.016 -3.677 -4.617 -5.369 -5.473
0.00059013 -1.42000 10.20412 0.7471723557 2.3987369537    0.746  3.160  3.6163  0.568    3  0.000  0.533     0.00     0.00 -1    -1e-30      0.00 7.538e-01 2.457e-01 1.045e-04 2.902e-05 2.613e-04 -1.000 5.476e-04 -3.131 0.811 -0.689 -2.256 -3.077 -3.747 -4.699 -5.459 -5.565
0.00059013 -1.42000 10.20412 0.7471761107 2.3987383842    0.746  3.190  3.6141  0.529    3  0.000  0.533     0.00     0.00 -1    -1e-30      0.00 7.538e-01 2.457e-01 1.045e-04 2.902e-05 2.613e-04 -1.000 5.476e-04 -3.205 0.838 -0.709 -2.302 -3.136 -3.815 -4.779 -5.547 -5.655
0.00059013 -1.42000 10.20412 0.7471797466 2.3987398148    0.746  3.220  3.6119  0.491    3  0.000  0.533     0.00     0.00 -1    -1e-30      0.00 7.538e-01 2.457e-01 1.045e-04 2.902e-05 2.613e-04 -1.000 5.476e-04 -3.279 0.866 -0.727 -2.347 -3.194 -3.883 -4.858 -5.634 -5.744
0.00059013 -1.42000 10.20412 0.7471834421 2.3987414837    0.746  3.250  3.6096  0.451    3  0.000  0.533     0.00     0.00 -1    -1e-30      0.00 7.538e-01 2.457e-01 1.045e-04 2.902e-05 2.613e-04 -1.000 5.477e-04 -3.356 0.902 -0.739 -2.388 -3.253 -3.952 -4.940 -5.724 -5.837
0.00059013 -1.42000 10.20412 0.7471868992 2.3987429142    0.746  3.280  3.6074  0.412    3  0.000  0.533     0.00     0.00 -1    -1e-30      0.00 7.538e-01 2.457e-01 1.045e-04 2.902e-05 2.613e-04 -1.000 5.476e-04 -3.430 0.938 -0.749 -2.427 -3.308 -4.018 -5.019 -5.811 -5.926
0.00059013 -1.42000 10.20412 0.7471899986 2.3987441063    0.746  3.306  3.6055  0.378    3  0.000  0.533     0.00     0.00 -1    -1e-30      0.00 7.538e-01 2.457e-01 1.045e-04 2.902e-05 2.613e-04 -1.000 5.477e-04 -3.496 0.967 -0.760 -2.463 -3.358 -4.078 -5.090 -5.888 -6.005
0.00059013 -1.42000 10.20412 0.7471910715 2.3987445831    0.746  3.315  3.6049  0.367    3  0.000  0.533     0.00     0.00 -1    -1e-30      0.00 7.538e-01 2.457e-01 1.045e-04 2.902e-05 2.613e-04 -1.000 5.476e-04 -3.518 0.977 -0.763 -2.474 -3.375 -4.097 -5.113 -5.913 -6.031
0.00059013 -1.42000 10.20412 0.7471910715 2.3987445831    0.671  1.659  3.8816  3.084    4  0.000  0.523     0.00     0.00 -1    -1e-30      0.00 7.416e-01 2.577e-01 1.058e-04 3.183e-05 2.702e-04 -1.000 6.195e-04 0.624 0.825 0.740 0.593 0.483 0.365 0.208 0.113 0.098
0.00059013 -1.42000 10.20412 0.7471917272 2.3987448215    0.671  1.661  3.8803  3.077    4  0.000  0.523     0.00     0.00 -1    -1e-30      0.00 7.416e-01 2.577e-01 1.058e-04 3.183e-05 2.702e-04 -1.000 6.195e-04 0.618 0.821 0.738 0.587 0.475 0.354 0.195 0.098 0.083
0.00059013 -1.42000 10.20412 0.7472403646 2.3987646103    0.671  1.675  3.8747  3.041    4  0.000  0.523     0.00     0.00 -1    -1e-30      0.00 7.416e-01 2.577e-01 1.058e-04 3.183e-05 2.702e-04 -1.000 6.195e-04 0.582 0.795 0.718 0.552 0.429 0.298 0.128 0.021 0.005
0.00059013 -1.42000 10.20412 0.7472916842 2.3987858295    0.671  1.675  3.8763  3.047    4  0.000  0.523     0.00     0.00 -1    -1e-30      0.00 7.416e-01 2.577e-01 1.058e-04 3.183e-05 2.702e-04 -1.000 6.196e-04 0.582 0.792 0.713 0.551 0.431 0.304 0.137 0.033 0.017
0.00059013 -1.42000 10.20412 0.7473436594 2.3988070488    0.671  1.675  3.8784  3.056    4  0.000  0.523     0.00     0.00 -1    -1e-30      0.00 7.416e-01 2.577e-01 1.058e-04 3.183e-05 2.702e-04 -1.000 6.196e-04 0.583 0.790 0.707 0.552 0.436 0.313 0.150 0.049 0.034
0.00059013 -1.42000 10.20412 0.7473964095 2.3988285065    0.671  1.674  3.8810  3.067    4  0.000  0.523     0.00     0.00 -1    -1e-30      0.00 7.416e-01 2.577e-01 1.058e-04 3.183e-05 2.702e-04 -1.000 6.195e-04 0.585 0.788 0.702 0.554 0.443 0.325 0.167 0.071 0.055
0.00059013 -1.42000 10.20412 0.7474483848 2.3988497257    0.671  1.673  3.8837  3.079    4  0.000  0.523     0.00     0.00 -1    -1e-30      0.00 7.416e-01 2.577e-01 1.058e-04 3.183e-05 2.702e-04 -1.000 6.196e-04 0.588 0.786 0.697 0.557 0.452 0.338 0.185 0.094 0.079
0.00059013 -1.42000 10.20412 0.7474972010 2.3988697529    0.671  1.672  3.8863  3.090    4  0.000  0.523     0.00     0.00 -1    -1e-30      0.00 7.416e-01 2.577e-01 1.058e-04 3.183e-05 2.702e-04 -1.000 6.195e-04 0.591 0.785 0.693 0.560 0.460 0.350 0.203 0.116 0.101
0.00059013 -1.42000 10.20412 0.7475453615 2.3988895416    0.671  1.671  3.8887  3.101    4  0.000  0.523     0.00     0.00 -1    -1e-30      0.00 7.416e-01 2.577e-01 1.058e-04 3.183e-05 2.702e-04 -1.000 6.195e-04 0.594 0.784 0.689 0.564 0.468 0.362 0.220 0.137 0.122
0.00059013 -1.42000 10.20412 0.7475944161 2.3989095688    0.671  1.669  3.8908  3.111    4  0.000  0.523     0.00     0.00 -1    -1e-30      0.00 7.416e-01 2.577e-01 1.058e-04 3.183e-05 2.702e-04 -1.000 6.195e-04 0.596 0.783 0.686 0.567 0.475 0.373 0.235 0.155 0.141
0.00059013 -1.42000 10.20412 0.7476447821 2.3989300728    0.671  1.669  3.8926  3.119    4  0.000  0.523     0.00     0.00 -1    -1e-30      0.00 7.416e-01 2.577e-01 1.058e-04 3.183e-05 2.702e-04 -1.000 6.195e-04 0.598 0.783 0.685 0.570 0.481 0.383 0.248 0.170 0.156
0.00059013 -1.42000 10.20412 0.7476968765 2.3989512920    0.672  1.668  3.8939  3.124    4  0.000  0.523     0.00     0.00 -1    -1e-30      0.00 7.416e-01 2.577e-01 1.058e-04 3.183e-05 2.702e-04 -1.000 6.195e-04 0.600 0.782 0.684 0.573 0.486 0.389 0.257 0.181 0.167
0.00059013 -1.42000 10.20412 0.7477476597 2.3989720345    0.672  1.668  3.8945  3.127    4  0.000  0.523     0.00     0.00 -1    -1e-30      0.00 7.416e-01 2.577e-01 1.058e-04 3.183e-05 2.702e-04 -1.000 6.196e-04 0.600 0.782 0.684 0.574 0.488 0.393 0.262 0.187 0.173
0.00059013 -1.42000 10.20412 0.7477977872 2.3989925385    0.672  1.668  3.8945  3.127    4  0.000  0.523     0.00     0.00 -1    -1e-30      0.00 7.416e-01 2.577e-01 1.058e-04 3.183e-05 2.702e-04 -1.000 6.195e-04 0.600 0.782 0.683 0.573 0.488 0.392 0.261 0.186 0.172
0.00059013 -1.42000 10.20412 0.7478476763 2.3990130424    0.672  1.669  3.8938  3.124    4  0.000  0.523     0.00     0.00 -1    -1e-30      0.00 7.416e-01 2.577e-01 1.058e-04 3.183e-05 2.702e-04 -1.000 6.195e-04 0.599 0.781 0.683 0.571 0.485 0.388 0.255 0.179 0.165
0.00059013 -1.42000 10.20412 0.7478709221 2.3990225792    0.672  1.669  3.8934  3.122    4  0.000  0.523     0.00     0.00 -1    -1e-30      0.00 7.416e-01 2.577e-01 1.058e-04 3.183e-05 2.702e-04 -1.000 6.195e-04 0.598 0.781 0.683 0.570 0.483 0.385 0.252 0.175 0.161
0.00059013 -1.42000 10.20412 0.7478989363 2.3990337849    0.672  1.670  3.8923  3.117    4  0.000  0.523     0.00     0.00 -1    -1e-30      0.00 7.416e-01 2.577e-01 1.058e-04 3.183e-05 2.702e-04 -1.000 6.195e-04 0.596 0.781 0.683 0.568 0.478 0.379 0.244 0.166 0.152
0.00059013 -1.42000 10.20412 0.7479491234 2.3990542889    0.672  1.671  3.8901  3.106    4  0.000  0.523     0.00     0.00 -1    -1e-30      0.00 7.416e-01 2.577e-01 1.058e-04 3.183e-05 2.702e-04 -1.000 6.195e-04 0.592 0.780 0.683 0.562 0.469 0.366 0.226 0.145 0.131
0.00059013 -1.42000 10.20412 0.7479986548 2.3990745544    0.672  1.673  3.8872  3.093    4  0.000  0.523     0.00     0.00 -1    -1e-30      0.00 7.416e-01 2.577e-01 1.058e-04 3.183e-05 2.702e-04 -1.000 6.195e-04 0.587 0.779 0.686 0.556 0.458 0.350 0.204 0.118 0.104
0.00059013 -1.42000 10.20412 0.7480523586 2.3990964890    0.672  1.676  3.8832  3.074    4  0.000  0.523     0.00     0.00 -1    -1e-30      0.00 7.416e-01 2.577e-01 1.058e-04 3.183e-05 2.702e-04 -1.000 6.195e-04 0.580 0.779 0.690 0.549 0.443 0.328 0.175 0.082 0.067
0.00059013 -1.42000 10.20412 0.7481055260 2.3991181850    0.672  1.679  3.8784  3.052    4  0.000  0.523     0.00     0.00 -1    -1e-30      0.00 7.416e-01 2.577e-01 1.058e-04 3.183e-05 2.702e-04 -1.000 6.195e-04 0.572 0.778 0.696 0.540 0.425 0.302 0.139 0.038 0.023
0.00059013 -1.42000 10.20412 0.7481557131 2.3991386890    0.672  1.683  3.8730  3.027    4  0.000  0.523     0.00     0.00 -1    -1e-30      0.00 7.416e-01 2.577e-01 1.058e-04 3.183e-05 2.702e-04 -1.000 6.196e-04 0.563 0.778 0.703 0.532 0.406 0.273 0.098 -0.011 -0.028
0.00059013 -1.42000 10.20412 0.7482055426 2.3991589546    0.672  1.687  3.8669  2.998    4  0.000  0.523     0.00     0.00 -1    -1e-30      0.00 7.416e-01 2.577e-01 1.058e-04 3.183e-05 2.702e-04 -1.000 6.195e-04 0.553 0.778 0.711 0.523 0.385 0.241 0.054 -0.067 -0.084
0.00059013 -1.42000 10.20412 0.7482336760 2.3991703987    0.672  1.689  3.8634  2.982    4  0.000  0.523     0.00     0.00 -1    -1e-30      0.00 7.416e-01 2.577e-01 1.058e-04 3.183e-05 2.702e-04 -1.000 6.195e-04 0.546 0.778 0.716 0.519 0.373 0.223 0.028 -0.099 -0.117
0.00059013 -1.42000 10.20412 0.7482514381 2.3991777897    0.672  1.691  3.8609  2.970    4  0.000  0.523     0.00     0.00 -1    -1e-30      0.00 7.416e-01 2.577e-01 1.058e-04 3.183e-05 2.702e-04 -1.000 6.195e-04 0.542 0.777 0.720 0.516 0.366 0.210 0.010 -0.122 -0.139
0.00059013 -1.42000 10.20412 0.7482998967 2.3991975784    0.672  1.696  3.8538  2.937    4  0.000  0.523     0.00     0.00 -1    -1e-30      0.00 7.416e-01 2.577e-01 1.058e-04 3.183e-05 2.702e-04 -1.000 6.195e-04 0.530 0.778 0.732 0.509 0.345 0.175 -0.040 -0.186 -0.205
0.00059013 -1.42000 10.20412 0.7483497858 2.3992178440    0.672  1.701  3.8461  2.901    4  0.000  0.523     0.00     0.00 -1    -1e-30      0.00 7.416e-01 2.577e-01 1.058e-04 3.183e-05 2.702e-04 -1.000 6.195e-04 0.517 0.779 0.745 0.503 0.323 0.139 -0.094 -0.256 -0.276
0.00059013 -1.42000 10.20412 0.7483981848 2.3992376328    0.672  1.707  3.8386  2.865    4  0.000  0.523     0.00     0.00 -1    -1e-30      0.00 7.416e-01 2.577e-01 1.058e-04 3.183e-05 2.702e-04 -1.000 6.195e-04 0.503 0.781 0.759 0.497 0.301 0.103 -0.147 -0.325 -0.345
0.00059013 -1.42000 10.20412 0.7484458685 2.3992569447    0.672  1.713  3.8304  2.827    4  0.000  0.523     0.00     0.00 -1    -1e-30      0.00 7.416e-01 2.577e-01 1.058e-04 3.183e-05 2.702e-04 -1.000 6.195e-04 0.489 0.784 0.775 0.491 0.278 0.065 -0.204 -0.399 -0.421
0.00059013 -1.42000 10.20412 0.7484939098 2.3992764950    0.672  1.719  3.8222  2.788    4  0.000  0.523     0.00     0.00 -1    -1e-30      0.00 7.416e-01 2.577e-01 1.058e-04 3.183e-05 2.702e-04 -1.000 6.195e-04 0.473 0.790 0.792 0.485 0.256 0.027 -0.261 -0.474 -0.497
0.00059013 -1.42000 10.20412 0.7485416532 2.3992960453    0.672  1.725  3.8146  2.751    4  0.000  0.523     0.00     0.00 -1    -1e-30      0.00 7.416e-01 2.577e-01 1.058e-04 3.183e-05 2.702e-04 -1.000 6.195e-04 0.457 0.795 0.807 0.479 0.235 -0.008 -0.315 -0.545 -0.569
0.00059013 -1.42000 10.20412 0.7485899329 2.3993158340    0.673  1.732  3.8070  2.714    4  0.000  0.523     0.00     0.00 -1    -1e-30      0.00 7.416e-01 2.577e-01 1.058e-04 3.183e-05 2.702e-04 -1.000 6.195e-04 0.441 0.801 0.825 0.474 0.214 -0.044 -0.369 -0.616 -0.642
0.00059013 -1.42000 10.20412 0.7486388683 2.3993356228    0.673  1.739  3.7994  2.677    4  0.000  0.523     0.00     0.00 -1    -1e-30      0.00 7.416e-01 2.577e-01 1.058e-04 3.183e-05 2.702e-04 -1.000 6.195e-04 0.423 0.808 0.843 0.468 0.192 -0.079 -0.423 -0.687 -0.716
0.00059013 -1.42000 10.20412 0.7486867905 2.3993551731    0.673  1.746  3.7925  2.642    4  0.000  0.523     0.00     0.00 -1    -1e-30      0.00 7.416e-01 2.577e-01 1.058e-04 3.183e-05 2.702e-04 -1.000 6.195e-04 0.405 0.815 0.858 0.461 0.171 -0.113 -0.474 -0.754 -0.785
0.00059013 -1.42000 10.20412 0.7487373352 2.3993756771    0.673  1.753  3.7856  2.607    4  0.000  0.523     0.00     0.00 -1    -1e-30      0.00 7.416e-01 2.577e-01 1.058e-04 3.183e-05 2.702e-04 -1.000 6.195e-04 0.386 0.823 0.874 0.455 0.151 -0.146 -0.524 -0.820 -0.854
0.00059013 -1.42000 10.20412 0.7487754226 2.3993914127    0.673  1.764  3.7790  2.570    4  0.000  0.523     0.00     0.00 -1    -1e-30      0.00 7.416e-01 2.577e-01 1.058e-04 3.183e-05 2.702e-04 -1.000 6.195e-04 0.361 0.824 0.881 0.441 0.123 -0.185 -0.580 -0.891 -0.927
0.00059013 -1.42000 10.20412 0.7488138080 2.3994069099    0.673  1.777  3.7725  2.531    4  0.000  0.523     0.00     0.00 -1    -1e-30      0.00 7.416e-01 2.577e-01 1.058e-04 3.183e-05 2.702e-04 -1.000 6.195e-04 0.328 0.827 0.884 0.421 0.090 -0.231 -0.644 -0.972 -1.010
0.00059013 -1.42000 10.20412 0.7488366365 2.3994162083    0.673  1.788  3.7676  2.501    4  0.000  0.523     0.00     0.00 -1    -1e-30      0.00 7.416e-01 2.577e-01 1.058e-04 3.183e-05 2.702e-04 -1.000 6.195e-04 0.301 0.826 0.883 0.403 0.062 -0.268 -0.694 -1.034 -1.074
0.00059013 -1.42000 10.20412 0.7488547564 2.3994235992    0.673  1.800  3.7628  2.469    4  0.000  0.523     0.00     0.00 -1    -1e-30      0.00 7.416e-01 2.577e-01 1.058e-04 3.183e-05 2.702e-04 -1.000 6.195e-04 0.269 0.820 0.876 0.380 0.030 -0.309 -0.747 -1.098 -1.141
0.00059013 -1.42000 10.20412 0.7488700151 2.3994297981    0.673  1.815  3.7582  2.436    4  0.000  0.523     0.00     0.00 -1    -1e-30      0.00 7.416e-01 2.577e-01 1.058e-04 3.183e-05 2.702e-04 -1.000 6.195e-04 0.233 0.811 0.867 0.354 -0.006 -0.353 -0.803 -1.165 -1.210
0.00059013 -1.42000 10.20412 0.7488832474 2.3994352818    0.673  1.834  3.7527  2.395    4  0.000  0.523     0.00     0.00 -1    -1e-30      0.00 7.416e-01 2.577e-01 1.058e-04 3.183e-05 2.702e-04 -1.000 6.195e-04 0.186 0.799 0.850 0.317 -0.054 -0.410 -0.875 -1.248 -1.297
0.00059013 -1.42000 10.20412 0.7488938570 2.3994395733    0.673  1.858  3.7468  2.347    4  0.000  0.523     0.00     0.00 -1    -1e-30      0.00 7.416e-01 2.577e-01 1.058e-04 3.183e-05 2.702e-04 -1.000 6.195e-04 0.126 0.780 0.825 0.269 -0.113 -0.480 -0.960 -1.347 -1.398
0.00059013 -1.42000 10.20412 0.7489008904 2.3994424343    0.673  1.883  3.7412  2.300    4  0.000  0.523     0.00     0.00 -1    -1e-30      0.00 7.416e-01 2.577e-01 1.058e-04 3.183e-05 2.702e-04 -1.000 6.195e-04 0.063 0.757 0.795 0.218 -0.176 -0.552 -1.046 -1.446 -1.501
0.00059013 -1.42000 10.20412 0.7489053011 2.3994441032    0.673  1.914  3.7351  2.244    4  0.000  0.523     0.00     0.00 -1    -1e-30      0.00 7.416e-01 2.577e-01 1.058e-04 3.183e-05 2.702e-04 -1.000 6.195e-04 -0.016 0.732 0.753 0.153 -0.254 -0.641 -1.151 -1.564 -1.623
0.00059013 -1.42000 10.20412 0.7489076853 2.3994450569    0.673  1.946  3.7299  2.192    4  0.000  0.523     0.00     0.00 -1    -1e-30      0.00 7.416e-01 2.577e-01 1.058e-04 3.183e-05 2.702e-04 -1.000 6.195e-04 -0.094 0.702 0.707 0.086 -0.331 -0.727 -1.252 -1.677 -1.737
0.00059013 -1.42000 10.20412 0.7489092946 2.3994457722    0.673  1.981  3.7248  2.137    4  0.000  0.523     0.00     0.00 -1    -1e-30      0.00 7.416e-01 2.577e-01 1.058e-04 3.183e-05 2.702e-04 -1.000 6.195e-04 -0.181 0.668 0.654 0.011 -0.416 -0.821 -1.360 -1.797 -1.860
0.00059013 -1.42000 10.20412 0.7489102483 2.3994462490    0.673  2.012  3.7208  2.089    7  0.000  0.523     0.00     0.00 -1 -3.76e-12      0.00 7.416e-01 2.563e-01 1.058e-04 3.183e-05 2.702e-04 -1.000 2.034e-03 -0.261 0.632 0.602 -0.059 -0.494 -0.906 -1.457 -1.903 -1.968
0.00059013 -1.42000 10.20412 0.7489105463 2.3994462490    0.673  2.024  3.7195  2.072    7  0.000  0.523     0.00     0.00 -1 -1.45e-11      0.00 7.416e-01 2.563e-01 1.058e-04 3.183e-05 2.702e-04 -1.000 2.076e-03 -0.291 0.616 0.581 -0.085 -0.523 -0.938 -1.492 -1.941 -2.007
0.00059013 -1.42000 10.20412 0.7489114404 2.3994467258    0.673  2.065  3.7151  2.013    7  0.000  0.523     0.00     0.00 -1 -6.15e-10      0.00 7.416e-01 2.562e-01 1.058e-04 3.183e-05 2.702e-04 -1.000 2.191e-03 -0.394 0.566 0.510 -0.176 -0.624 -1.046 -1.612 -2.073 -2.140
0.00059013 -1.42000 10.20412 0.7489122748 2.3994469643    0.673  2.104  3.7113  1.959    7  0.000  0.523     0.00     0.00 -1 -1.83e-09      0.00 7.416e-01 2.561e-01 1.058e-04 3.183e-05 2.702e-04 -1.000 2.220e-03 -0.490 0.519 0.443 -0.262 -0.718 -1.147 -1.725 -2.195 -2.264
0.00059013 -1.42000 10.20412 0.7489131093 2.3994474411    0.673  2.142  3.7077  1.907    7  0.000  0.523     0.00     0.00 -1  -2.3e-09      0.00 7.416e-01 2.561e-01 1.058e-04 3.183e-05 2.702e-04 -1.000 2.219e-03 -0.584 0.475 0.378 -0.345 -0.810 -1.246 -1.835 -2.314 -2.385
0.00059013 -1.42000 10.20412 0.7489140034 2.3994476795    0.673  2.172  3.7050  1.866    7  0.000  0.523     0.00     0.00 -1 -2.76e-09      0.00 7.416e-01 2.561e-01 1.058e-04 3.183e-05 2.702e-04 -1.000 2.220e-03 -0.659 0.441 0.326 -0.411 -0.882 -1.323 -1.921 -2.407 -2.479
0.00059013 -1.42000 10.20412 0.7489154339 2.3994483948    0.672  2.190  3.7035  1.841    7  0.000  0.523     0.00     0.00 -1 -3.09e-09      0.00 7.416e-01 2.561e-01 1.058e-04 3.183e-05 2.702e-04 -1.000 2.220e-03 -0.706 0.417 0.292 -0.453 -0.927 -1.371 -1.973 -2.464 -2.536
0.00059013 -1.42000 10.20412 0.7489173412 2.3994491100    0.672  2.170  3.7053  1.869    7  0.000  0.523     0.00     0.00 -1 -2.72e-09      0.00 7.416e-01 2.561e-01 1.058e-04 3.183e-05 2.702e-04 -1.000 2.220e-03 -0.654 0.440 0.327 -0.408 -0.878 -1.318 -1.914 -2.400 -2.471
0.00059013 -1.42000 10.20412 0.7489209175 2.3994505405    0.672  2.146  3.7075  1.901    7  0.000  0.523     0.00     0.00 -1 -2.36e-09      0.00 7.416e-01 2.561e-01 1.058e-04 3.183e-05 2.702e-04 -1.000 2.220e-03 -0.595 0.468 0.369 -0.355 -0.820 -1.256 -1.846 -2.326 -2.396
0.00059013 -1.42000 10.20412 0.7489436865 2.3994598389    0.669  2.146  3.7072  1.898    7  0.000  0.523     0.00     0.00 -1  -2.4e-09      0.00 7.416e-01 2.561e-01 1.058e-04 3.183e-05 2.702e-04 -1.000 2.219e-03 -0.596 0.471 0.370 -0.355 -0.821 -1.258 -1.848 -2.329 -2.399
0.00059013 -1.42000 10.20412 0.7489598989 2.3994665146    0.667  2.173  3.7047  1.860    7  0.000  0.523     0.00     0.00 -1 -2.85e-09      0.00 7.416e-01 2.561e-01 1.058e-04 3.183e-05 2.702e-04 -1.000 2.220e-03 -0.662 0.442 0.325 -0.413 -0.885 -1.326 -1.924 -2.412 -2.484
0.00059013 -1.42000 10.20412 0.7489664555 2.3994691372    0.666  2.187  3.7034  1.840    7  0.000  0.523     0.00     0.00 -1 -3.13e-09      0.00 7.416e-01 2.561e-01 1.058e-04 3.183e-05 2.702e-04 -1.000 2.220e-03 -0.698 0.425 0.300 -0.446 -0.920 -1.364 -1.966 -2.457 -2.530
0.00059013 -1.42000 10.20412 0.7489709258 2.3994708061    0.665  2.198  3.7024  1.825    7  0.000  0.523     0.00     0.00 -1 -3.34e-09      0.00 7.416e-01 2.561e-01 1.058e-04 3.183e-05 2.702e-04 -1.000 2.220e-03 -0.725 0.413 0.281 -0.469 -0.945 -1.391 -1.997 -2.490 -2.563
0.00059013 -1.42000 10.20412 0.7489880323 2.3994779587    0.662  2.240  3.6986  1.765    7  0.000  0.523     0.00     0.00 -1  -4.4e-09      0.00 7.416e-01 2.561e-01 1.058e-04 3.183e-05 2.702e-04 -1.000 2.220e-03 -0.831 0.366 0.208 -0.562 -1.048 -1.501 -2.118 -2.622 -2.696
0.00059013 -1.42000 10.20412 0.7490040064 2.3994843960    0.658  2.283  3.6950  1.705    7  0.000  0.523     0.00     0.00 -1 -5.78e-09      0.00 7.416e-01 2.561e-01 1.058e-04 3.183e-05 2.702e-04 -1.000 2.220e-03 -0.938 0.319 0.135 -0.655 -1.150 -1.610 -2.239 -2.754 -2.829
0.00059013 -1.42000 10.20412 0.7490180135 2.3994901180    0.653  2.323  3.6917  1.649    7  0.000  0.523     0.00     0.00 -1 -7.46e-09      0.00 7.416e-01 2.561e-01 1.058e-04 3.183e-05 2.702e-04 -1.000 2.219e-03 -1.038 0.274 0.065 -0.743 -1.246 -1.713 -2.353 -2.876 -2.953
0.00059013 -1.42000 10.20412 0.7490302920 2.3994951248    0.647  2.363  3.6885  1.592    7  0.000  0.523     0.00     0.00 -1 -9.59e-09      0.00 7.416e-01 2.562e-01 1.058e-04 3.183e-05 2.702e-04 -1.000 2.182e-03 -1.137 0.233 -0.003 -0.829 -1.340 -1.813 -2.464 -2.998 -3.075
0.00059013 -1.42000 10.20412 0.7490412593 2.3994994164    0.641  2.402  3.6853  1.536    7  0.000  0.523     0.00     0.00 -1 -1.24e-08      0.00 7.416e-01 2.563e-01 1.057e-04 3.184e-05 2.702e-04 -1.000 2.092e-03 -1.236 0.218 -0.062 -0.918 -1.438 -1.916 -2.578 -3.121 -3.198
0.00059013 -1.42000 10.20412 0.7490509748 2.3995034695    0.634  2.442  3.6821  1.478    7  0.000  0.522     0.00     0.00 -1 -1.62e-08      0.00 7.416e-01 2.563e-01 1.056e-04 3.188e-05 2.702e-04 -1.000 2.046e-03 -1.334 0.183 -0.126 -1.002 -1.531 -2.016 -2.689 -3.241 -3.319
0.00059013 -1.42000 10.20412 0.7490596771 2.3995070457    0.625  2.481  3.6790  1.421    7  0.000  0.520     0.00     0.00 -1 -2.11e-08      0.00 7.416e-01 2.564e-01 1.052e-04 3.209e-05 2.702e-04 -1.000 1.997e-03 -1.432 0.178 -0.180 -1.087 -1.627 -2.118 -2.801 -3.361 -3.438
0.00059013 -1.42000 10.20412 0.7490676045 2.3995101452    0.615  2.520  3.6759  1.362    7  0.000  0.514     0.00     0.00 -1 -2.76e-08      0.00 7.416e-01 2.564e-01 1.041e-04 3.294e-05 2.702e-04 -1.000 1.946e-03 -1.530 0.182 -0.230 -1.170 -1.721 -2.219 -2.912 -3.480 -3.557
0.00059013 -1.42000 10.20412 0.7490749359 2.3995132446    0.603  2.559  3.6727  1.302    7  0.000  0.503     0.00     0.00 -1 -3.66e-08      0.00 7.416e-01 2.565e-01 1.021e-04 3.497e-05 2.702e-04 -1.000 1.900e-03 -1.626 0.195 -0.275 -1.251 -1.815 -2.319 -3.023 -3.599 -3.675
0.00059013 -1.42000 10.20412 0.7490818501 2.3995161057    0.587  2.597  3.6682  1.234    7  0.000  0.490     0.00     0.00 -1 -4.92e-08      0.00 7.416e-01 2.566e-01 9.953e-05 3.799e-05 2.702e-04 -1.000 1.833e-03 -1.723 0.265 -0.292 -1.323 -1.905 -2.420 -3.140 -3.727 -3.803
0.00059013 -1.42000 10.20412 0.7490881681 2.3995184898    0.568  2.636  3.6642  1.165    7  0.000  0.477     0.00     0.00 -1 -6.76e-08      0.00 7.416e-01 2.566e-01 9.692e-05 4.115e-05 2.701e-04 -1.000 1.829e-03 -1.819 0.329 -0.312 -1.395 -1.994 -2.519 -3.253 -3.850 -3.926
0.00059013 -1.42000 10.20412 0.7490943670 2.3995211124    0.542  2.674  3.6659  1.113    7  0.000  0.465     0.00     0.00 -1  -9.4e-08      0.00 7.415e-01 2.567e-01 9.454e-05 4.408e-05 2.701e-04 -1.000 1.829e-03 -1.916 0.203 -0.427 -1.499 -2.095 -2.617 -3.345 -3.937 -4.013
0.00059013 -1.42000 10.20412 0.7490988374 2.3995230198    0.514  2.703  3.6775  1.108    7  0.000  0.457     0.00     0.00 -1 -1.17e-07      0.00 7.415e-01 2.568e-01 9.283e-05 4.619e-05 2.701e-04 -1.000 1.776e-03 -1.987 -0.246 -0.687 -1.633 -2.184 -2.682 -3.370 -3.931 -4.007
0.00059013 -1.42000 10.20412 0.7491003275 2.3995234966    0.499  2.713  3.6860  1.119    7  0.000  0.453     0.00     0.00 -1 -1.24e-07      0.00 7.415e-01 2.568e-01 9.200e-05 4.719e-05 2.701e-04 -1.000 1.720e-03 -2.012 -0.515 -0.834 -1.694 -2.216 -2.697 -3.358 -3.898 -3.974
0.00059013 -1.42000 10.20412 1.1244581938 2.4956896305    0.552 -4.995  3.4607  7.969    9  0.552  0.000     0.00     0.00 -1    -1e-30      0.00 7.287e-01 2.708e-01 8.073e-05 7.055e-05 2.706e-04 -1.000 5.071e-04 17.256 25.711 22.460 20.468 18.440 16.584 15.202 14.985 14.932
#isochrone terminated
