Zini     MH   logAge Mini        int_IMF         Mass   logL    logTe  logg  label   McoreTP C_O  period0 period1 pmode  Mloss  tau1m   X   Y   Xc  Xn  Xo  Cexcess  Z 	 mbolmag  Umag    Bmag    Vmag    Rmag    Imag    Jmag    Hmag    Kmag
0.00049103 -1.50000 10.00000 0.0900000036 1.0816895962    0.090 -3.185  3.4747  5.428    1  0.000  0.545     0.00     0.00 -1  -5.3e-17      0.00 7.485e-01 2.510e-01 8.884e-05 2.397e-05 2.174e-04 -1.000 4.940e-04 12.732 20.166 17.412 15.410 13.699 12.061 10.743 10.433 10.332
0.00049103 -1.50000 10.00000 0.0962925777 1.1393688917    0.096 -2.999  3.5012  5.377    1  0.000  0.545     0.00     0.00 -1 -8.33e-17      0.00 7.475e-01 2.520e-01 8.884e-05 2.397e-05 2.174e-04 -1.000 4.941e-04 12.267 18.475 16.266 14.340 12.936 11.583 10.370 9.953 9.825
0.00049103 -1.50000 10.00000 0.1000000015 1.1711064577    0.100 -2.895  3.5160  5.349    1  0.000  0.545     0.00     0.00 -1 -1.07e-16      0.00 7.469e-01 2.526e-01 8.884e-05 2.397e-05 2.174e-04 -1.000 4.941e-04 12.007 17.609 15.663 13.815 12.530 11.318 10.160 9.699 9.558
0.00049103 -1.50000 10.00000 0.1199999973 1.3193154335    0.120 -2.609  3.5472  5.267    1  0.000  0.545     0.00     0.00 -1 -2.08e-16      0.00 7.447e-01 2.548e-01 8.884e-05 2.397e-05 2.174e-04 -1.000 4.942e-04 11.293 15.804 14.301 12.669 11.559 10.594 9.547 9.024 8.859
0.00049103 -1.50000 10.00000 0.1400000006 1.4384527206    0.140 -2.428  3.5625  5.214    1  0.000  0.545     0.00     0.00 -1  -3.1e-16      0.00 7.431e-01 2.564e-01 8.884e-05 2.397e-05 2.174e-04 -1.000 4.941e-04 10.841 14.890 13.567 12.048 11.006 10.139 9.144 8.601 8.426
0.00049103 -1.50000 10.00000 0.1599999964 1.5372931957    0.160 -2.288  3.5727  5.173    1  0.000  0.545     0.00     0.00 -1  -4.2e-16      0.00 7.418e-01 2.577e-01 8.884e-05 2.397e-05 2.174e-04 -1.000 4.941e-04 10.489 14.253 13.041 11.596 10.598 9.786 8.825 8.272 8.089
0.00049103 -1.50000 10.00000 0.2000000179 1.6938792467    0.200 -2.068  3.5860  5.103    1  0.000  0.545     0.00     0.00 -1 -6.75e-16      0.00 7.406e-01 2.589e-01 8.884e-05 2.397e-05 2.174e-04 -1.000 4.940e-04 9.940 13.359 12.279 10.927 9.987 9.234 8.315 7.753 7.564
0.00049103 -1.50000 10.00000 0.2500000298 1.8403259516    0.250 -1.863  3.5971  5.039    1  0.000  0.545     0.00     0.00 -1 -1.04e-15      0.00 7.405e-01 2.590e-01 8.883e-05 2.397e-05 2.174e-04 -1.000 4.942e-04 9.427 12.580 11.602 10.322 9.432 8.719 7.835 7.268 7.077
0.00049103 -1.50000 10.00000 0.3000000417 1.9529141188    0.300 -1.706  3.6057  4.996    1  0.000  0.545     0.00     0.00 -1 -1.43e-15      0.00 7.406e-01 2.589e-01 8.882e-05 2.397e-05 2.174e-04 -1.000 4.941e-04 9.035 12.001 11.092 9.865 9.012 8.325 7.467 6.899 6.712
0.00049103 -1.50000 10.00000 0.3168833554 1.9855394363    0.317 -1.661  3.6083  4.985    1  0.000  0.545     0.00     0.00 -1 -1.57e-15      0.00 7.406e-01 2.589e-01 8.881e-05 2.397e-05 2.174e-04 -1.000 4.941e-04 8.924 11.835 10.946 9.734 8.891 8.212 7.362 6.793 6.608
0.00049103 -1.50000 10.00000 0.3500000238 2.0434176922    0.350 -1.580  3.6130  4.966    1  0.000  0.545     0.00     0.00 -1 -1.84e-15      0.00 7.407e-01 2.588e-01 8.879e-05 2.397e-05 2.174e-04 -1.000 4.940e-04 8.719 11.536 10.681 9.496 8.672 8.007 7.170 6.601 6.420
0.00049103 -1.50000 10.00000 0.4000000358 2.1185026169    0.400 -1.439  3.6240  4.927    1  0.000  0.545     0.00     0.00 -1 -2.49e-15      0.00 7.503e-01 2.492e-01 8.884e-05 2.397e-05 2.174e-04 -1.000 4.941e-04 8.368 10.969 10.191 9.067 8.288 7.654 6.848 6.279 6.110
0.00049103 -1.50000 10.00000 0.4500000179 2.1822810173    0.450 -1.268  3.6423  4.880    1  0.000  0.545     0.00     0.00 -1 -3.67e-15      0.00 7.504e-01 2.491e-01 8.884e-05 2.397e-05 2.174e-04 -1.000 4.941e-04 7.939 10.200 9.547 8.517 7.810 7.225 6.469 5.906 5.761
0.00049103 -1.50000 10.00000 0.5000000000 2.2374541759    0.500 -1.076  3.6676  4.835    1  0.000  0.545     0.00     0.00 -1  -5.7e-15      0.00 7.504e-01 2.491e-01 8.884e-05 2.397e-05 2.174e-04 -1.000 4.941e-04 7.460 9.259 8.797 7.887 7.271 6.750 6.064 5.534 5.415
0.00049103 -1.50000 10.00000 0.5500000715 2.2836585045    0.550 -0.870  3.6921  4.769    1  0.000  0.544     0.00     0.00 -1 -9.43e-15      0.00 7.792e-01 2.203e-01 7.924e-05 2.139e-05 1.940e-04 -1.000 4.904e-04 6.945 8.308 8.059 7.250 6.715 6.245 5.633 5.156 5.056
0.00049103 -1.50000 10.00000 0.6000000238 2.3211214542    0.600 -0.670  3.7185  4.712    1  0.000  0.544     0.00     0.00 -1 -1.53e-14      0.00 7.883e-01 2.112e-01 7.634e-05 2.061e-05 1.871e-04 -1.000 4.705e-04 6.446 7.419 7.372 6.660 6.194 5.769 5.235 4.816 4.732
0.00049103 -1.50000 10.00000 0.6032770872 2.3233287334    0.603 -0.657  3.7204  4.709    1  0.000  0.544     0.00     0.00 -1 -1.57e-14      0.00 7.890e-01 2.105e-01 7.612e-05 2.056e-05 1.866e-04 -1.000 4.874e-04 6.412 7.359 7.325 6.621 6.159 5.738 5.209 4.794 4.712
0.00049103 -1.50000 10.00000 0.6160757542 2.3316910267    0.616 -0.604  3.7280  4.695    1  0.000  0.544     0.00     0.00 -1 -1.79e-14      0.00 7.918e-01 2.078e-01 7.525e-05 2.033e-05 1.845e-04 -1.000 3.997e-04 6.280 7.133 7.147 6.471 6.026 5.617 5.109 4.709 4.631
0.00049103 -1.50000 10.00000 0.6309819818 2.3409402370    0.631 -0.543  3.7367  4.679    1  0.000  0.544     0.00     0.00 -1 -2.07e-14      0.00 7.952e-01 2.044e-01 7.419e-05 2.004e-05 1.820e-04 -1.000 4.430e-04 6.126 6.880 6.943 6.299 5.872 5.477 4.992 4.608 4.536
0.00049103 -1.50000 10.00000 0.6447324157 2.3490376472    0.645 -0.486  3.7447  4.664    1  0.000  0.543     0.00     0.00 -1 -2.38e-14      0.00 7.985e-01 2.011e-01 7.315e-05 1.977e-05 1.795e-04 -1.000 3.952e-04 5.984 6.656 6.759 6.143 5.732 5.350 4.884 4.514 4.447
0.00049103 -1.50000 10.00000 0.6499999762 2.3520355225    0.650 -0.464  3.7477  4.658    1  0.000  0.543     0.00     0.00 -1 -2.51e-14      0.00 7.998e-01 1.998e-01 7.274e-05 1.966e-05 1.785e-04 -1.000 3.974e-04 5.930 6.572 6.690 6.084 5.680 5.302 4.843 4.477 4.413
0.00049103 -1.50000 10.00000 0.6502491832 2.3521759510    0.650 -0.463  3.7478  4.657    1  0.000  0.543     0.00     0.00 -1 -2.51e-14      0.00 7.999e-01 1.997e-01 7.272e-05 1.965e-05 1.784e-04 -1.000 3.959e-04 5.927 6.569 6.686 6.081 5.677 5.300 4.841 4.475 4.411
0.00049103 -1.50000 10.00000 0.6658071280 2.3607048988    0.666 -0.398  3.7560  4.635    1  0.000  0.543     0.00     0.00 -1 -2.96e-14      0.00 8.046e-01 1.950e-01 7.121e-05 1.925e-05 1.749e-04 -1.000 3.949e-04 5.765 6.329 6.483 5.908 5.521 5.158 4.717 4.364 4.307
0.00049103 -1.50000 10.00000 0.6802874207 2.3682413101    0.680 -0.337  3.7634  4.613    1  0.000  0.543     0.00     0.00 -1 -3.46e-14      0.00 8.095e-01 1.901e-01 6.969e-05 1.884e-05 1.712e-04 -1.000 3.949e-04 5.612 6.113 6.295 5.747 5.376 5.025 4.601 4.257 4.206
0.00049103 -1.50000 10.00000 0.6940334439 2.3750619888    0.694 -0.278  3.7702  4.590    1  0.000  0.542     0.00     0.00 -1 -4.02e-14      0.00 8.145e-01 1.852e-01 6.813e-05 1.843e-05 1.675e-04 -1.000 3.961e-04 5.465 5.914 6.118 5.595 5.237 4.897 4.487 4.153 4.107
0.00049103 -1.50000 10.00000 0.6999999881 2.3779268265    0.700 -0.252  3.7731  4.580    1  0.000  0.542     0.00     0.00 -1  -4.3e-14      0.00 8.167e-01 1.829e-01 6.741e-05 1.824e-05 1.658e-04 -1.000 3.961e-04 5.401 5.830 6.041 5.529 5.176 4.841 4.437 4.107 4.064
0.00049103 -1.50000 10.00000 0.7042089701 2.3799142838    0.704 -0.234  3.7751  4.572    1  0.000  0.541     0.00     0.00 -1 -4.52e-14      0.00 8.188e-01 1.808e-01 6.669e-05 1.807e-05 1.643e-04 -1.000 3.936e-04 5.355 5.771 5.987 5.482 5.133 4.800 4.401 4.074 4.032
0.00049103 -1.50000 10.00000 0.7167675495 2.3856849670    0.717 -0.178  3.7808  4.546    1  0.000  0.539     0.00     0.00 -1 -5.24e-14      0.00 8.253e-01 1.744e-01 6.444e-05 1.751e-05 1.594e-04 -1.000 3.571e-04 5.214 5.593 5.823 5.338 5.000 4.677 4.290 3.971 3.933
0.00049103 -1.50000 10.00000 0.7288631797 2.3910274506    0.729 -0.122  3.7861  4.519    1  0.000  0.537     0.00     0.00 -1  -6.1e-14      0.00 8.319e-01 1.678e-01 6.217e-05 1.696e-05 1.545e-04 -1.000 2.960e-04 5.075 5.426 5.663 5.196 4.869 4.554 4.177 3.866 3.833
0.00049103 -1.50000 10.00000 0.7396256328 2.3956122398    0.739 -0.071  3.7906  4.492    1  0.000  0.534     0.00     0.00 -1 -7.02e-14      0.00 8.379e-01 1.618e-01 6.019e-05 1.647e-05 1.501e-04 -1.000 2.964e-04 4.948 5.276 5.517 5.066 4.747 4.440 4.073 3.768 3.738
0.00049103 -1.50000 10.00000 0.7497707009 2.3997960091    0.749 -0.021  3.7948  4.465    1  0.000  0.532     0.00     0.00 -1 -8.08e-14      0.00 8.433e-01 1.564e-01 5.841e-05 1.603e-05 1.463e-04 -1.000 2.960e-04 4.822 5.134 5.376 4.938 4.628 4.327 3.969 3.671 3.644
0.00049103 -1.50000 10.00000 0.7500000000 2.3998889923    0.750 -0.020  3.7949  4.464    1  0.000  0.532     0.00     0.00 -1  -8.1e-14      0.00 8.435e-01 1.562e-01 5.837e-05 1.602e-05 1.462e-04 -1.000 2.960e-04 4.819 5.131 5.373 4.935 4.625 4.325 3.967 3.669 3.642
0.00049103 -1.50000 10.00000 0.7509133816 2.4002590179    0.750 -0.015  3.7952  4.461    1  0.000  0.532     0.00     0.00 -1 -8.21e-14      0.00 8.438e-01 1.560e-01 5.831e-05 1.601e-05 1.460e-04 -1.000 2.977e-04 4.808 5.118 5.360 4.924 4.614 4.315 3.957 3.660 3.633
0.00049103 -1.50000 10.00000 0.7613236904 2.4044044018    0.761  0.039  3.7993  4.430    1  0.000  0.532     0.00     0.00 -1 -9.56e-14      0.00 8.468e-01 1.529e-01 5.777e-05 1.587e-05 1.449e-04 -1.000 2.991e-04 4.673 4.967 5.208 4.786 4.484 4.192 3.843 3.553 3.529
0.00049103 -1.50000 10.00000 0.7709969282 2.4081411362    0.770  0.092  3.8031  4.398    1  0.000  0.531     0.00     0.00 -1 -1.11e-13      0.00 8.492e-01 1.505e-01 5.736e-05 1.577e-05 1.440e-04 -1.000 2.961e-04 4.541 4.824 5.062 4.651 4.357 4.071 3.730 3.447 3.425
0.00049103 -1.50000 10.00000 0.7795653939 2.4113621712    0.779  0.141  3.8064  4.366    1  0.000  0.530     0.00     0.00 -1 -1.29e-13      0.00 8.512e-01 1.485e-01 5.706e-05 1.570e-05 1.434e-04 -1.000 2.972e-04 4.417 4.691 4.924 4.524 4.236 3.956 3.623 3.346 3.325
0.00049103 -1.50000 10.00000 0.7877417207 2.4143607616    0.787  0.192  3.8094  4.332    1  0.000  0.530     0.00     0.00 -1 -1.49e-13      0.00 8.530e-01 1.467e-01 5.683e-05 1.564e-05 1.430e-04 -1.000 2.967e-04 4.291 4.557 4.786 4.396 4.114 3.838 3.512 3.241 3.222
0.00049103 -1.50000 10.00000 0.7952778339 2.4170618057    0.794  0.241  3.8120  4.297    1  0.000  0.530     0.00     0.00 -1 -1.73e-13      0.00 8.544e-01 1.453e-01 5.665e-05 1.560e-05 1.426e-04 -1.000 2.962e-04 4.169 4.430 4.652 4.270 3.993 3.723 3.402 3.137 3.119
0.00049103 -1.50000 10.00000 0.8000000119 2.4187245369    0.799  0.273  3.8135  4.273    1  0.000  0.529     0.00     0.00 -1 -1.91e-13      0.00 8.552e-01 1.445e-01 5.655e-05 1.557e-05 1.425e-04 -1.000 2.961e-04 4.087 4.347 4.564 4.187 3.913 3.645 3.328 3.066 3.048
0.00049103 -1.50000 10.00000 0.8032053113 2.4198403358    0.802  0.295  3.8145  4.257    1  0.000  0.529     0.00     0.00 -1 -2.04e-13      0.00 8.551e-01 1.446e-01 5.665e-05 1.560e-05 1.428e-04 -1.000 3.012e-04 4.031 4.289 4.504 4.130 3.858 3.592 3.278 3.018 3.000
0.00049103 -1.50000 10.00000 0.8098247051 2.4221127033    0.809  0.344  3.8164  4.219    1  0.000  0.529     0.00     0.00 -1 -2.38e-13      0.00 8.543e-01 1.454e-01 5.705e-05 1.571e-05 1.438e-04 -1.000 3.686e-04 3.910 4.165 4.373 4.005 3.737 3.475 3.165 2.909 2.892
0.00049103 -1.50000 10.00000 0.8171582222 2.4245805740    0.816  0.402  3.8177  4.170    1  0.000  0.529     0.00     0.00 -1 -2.87e-13      0.00 8.523e-01 1.473e-01 5.779e-05 1.592e-05 1.456e-04 -1.000 3.948e-04 3.764 4.020 4.220 3.856 3.592 3.332 3.025 2.773 2.756
0.00049103 -1.50000 10.00000 0.8182356358 2.4249389172    0.817  0.411  3.8179  4.163    1  0.000  0.529     0.00     0.00 -1 -2.95e-13      0.00 8.520e-01 1.476e-01 5.791e-05 1.595e-05 1.459e-04 -1.000 3.948e-04 3.742 3.998 4.197 3.834 3.570 3.310 3.004 2.752 2.736
0.00049103 -1.50000 10.00000 0.8202961087 2.4256210327    0.819  0.430  3.8178  4.145    1  0.000  0.529     0.00     0.00 -1 -3.15e-13      0.00 8.513e-01 1.483e-01 5.815e-05 1.602e-05 1.465e-04 -1.000 3.949e-04 3.696 3.953 4.150 3.787 3.523 3.264 2.957 2.706 2.689
0.00049103 -1.50000 10.00000 0.8261502385 2.4275379181    0.825  0.485  3.8165  4.087    1  0.000  0.529     0.00     0.00 -1 -3.79e-13      0.00 8.495e-01 1.502e-01 5.883e-05 1.621e-05 1.482e-04 -1.000 3.951e-04 3.556 3.819 4.011 3.646 3.381 3.120 2.811 2.557 2.540
0.00049103 -1.50000 10.00000 0.8310296535 2.4291121960    0.829  0.540  3.8130  4.021    1  0.000  0.529     0.00     0.00 -1 -4.62e-13      0.00 8.479e-01 1.517e-01 5.940e-05 1.636e-05 1.496e-04 -1.000 3.953e-04 3.421 3.695 3.883 3.512 3.241 2.975 2.657 2.397 2.379
0.00049103 -1.50000 10.00000 0.8318548203 2.4293761253    0.830  0.550  3.8121  4.008    1  0.000  0.529     0.00     0.00 -1 -4.84e-13      0.00 8.476e-01 1.520e-01 5.949e-05 1.639e-05 1.499e-04 -1.000 3.953e-04 3.395 3.672 3.861 3.487 3.214 2.947 2.627 2.365 2.347
0.00049103 -1.50000 10.00000 0.8326126933 2.4296181202    0.831  0.560  3.8108  3.992    1  0.000  0.529     0.00     0.00 -1 -5.03e-13      0.00 8.474e-01 1.522e-01 5.958e-05 1.641e-05 1.501e-04 -1.000 3.953e-04 3.370 3.650 3.839 3.462 3.187 2.918 2.595 2.331 2.311
0.00049103 -1.50000 10.00000 0.8351595402 2.4304277897    0.833  0.597  3.8053  3.936    2  0.000  0.529     0.00     0.00 -1 -5.81e-13      0.00 8.466e-01 1.530e-01 5.987e-05 1.649e-05 1.508e-04 -1.000 3.954e-04 3.279 3.577 3.765 3.374 3.090 2.812 2.477 2.202 2.181
0.00049103 -1.50000 10.00000 0.8371006250 2.4310410023    0.835  0.628  3.7991  3.881    2  0.000  0.529     0.00     0.00 -1 -6.63e-13      0.00 8.460e-01 1.536e-01 6.010e-05 1.655e-05 1.514e-04 -1.000 3.955e-04 3.201 3.520 3.708 3.301 3.005 2.718 2.368 2.082 2.058
0.00049103 -1.50000 10.00000 0.8386152983 2.4315173626    0.837  0.655  3.7919  3.826    2  0.000  0.529     0.00     0.00 -1 -7.51e-13      0.00 8.455e-01 1.541e-01 6.027e-05 1.660e-05 1.518e-04 -1.000 3.957e-04 3.134 3.481 3.667 3.239 2.931 2.632 2.266 1.966 1.938
0.00049103 -1.50000 10.00000 0.8398337364 2.4318990707    0.838  0.678  3.7841  3.772    2  0.000  0.530     0.00     0.00 -1 -8.43e-13      0.00 8.397e-01 1.599e-01 6.204e-05 1.708e-05 1.562e-04 -1.000 3.813e-04 3.076 3.456 3.640 3.189 2.866 2.554 2.170 1.856 1.823
0.00049103 -1.50000 10.00000 0.8408484459 2.4322159290    0.839  0.698  3.7761  3.721    2  0.000  0.531     0.00     0.00 -1 -9.36e-13      0.00 8.269e-01 1.728e-01 6.576e-05 1.808e-05 1.651e-04 -1.000 3.506e-04 3.026 3.446 3.624 3.147 2.809 2.484 2.081 1.752 1.715
0.00049103 -1.50000 10.00000 0.8417323828 2.4324913025    0.840  0.716  3.7683  3.672    2  0.000  0.533     0.00     0.00 -1 -1.03e-12      0.00 8.066e-01 1.930e-01 7.151e-05 1.962e-05 1.788e-04 -1.000 4.026e-04 2.981 3.445 3.613 3.110 2.758 2.420 1.999 1.656 1.614
0.00049103 -1.50000 10.00000 0.8425478935 2.4327447414    0.841  0.736  3.7607  3.622    2  0.000  0.535     0.00     0.00 -1 -1.14e-12      0.00 7.886e-01 2.109e-01 7.659e-05 2.097e-05 1.909e-04 -1.000 4.335e-04 2.931 3.441 3.598 3.069 2.703 2.353 1.914 1.557 1.509
0.00049103 -1.50000 10.00000 0.8433664441 2.4329986572    0.841  0.764  3.7533  3.565    2  0.000  0.536     0.00     0.00 -1  -1.3e-12      0.00 7.772e-01 2.224e-01 7.981e-05 2.183e-05 1.986e-04 -1.000 4.474e-04 2.861 3.423 3.564 3.010 2.630 2.267 1.811 1.441 1.388
0.00049103 -1.50000 10.00000 0.8440065384 2.4331965446    0.842  0.795  3.7484  3.514    2  0.000  0.536     0.00     0.00 -1 -1.48e-12      0.00 7.716e-01 2.280e-01 8.138e-05 2.225e-05 2.023e-04 -1.000 4.441e-04 2.783 3.381 3.511 2.941 2.551 2.180 1.712 1.333 1.277
0.00049103 -1.50000 10.00000 0.8446400762 2.4333922863    0.843  0.831  3.7440  3.461    2  0.000  0.537     0.00     0.00 -1 -1.71e-12      0.00 7.675e-01 2.321e-01 8.252e-05 2.256e-05 2.051e-04 -1.000 3.961e-04 2.693 3.325 3.443 2.857 2.460 2.082 1.603 1.216 1.157
0.00049103 -1.50000 10.00000 0.8448379636 2.4334533215    0.843  0.845  3.7430  3.442    3  0.000  0.537     0.00     0.00 -1  -1.8e-12      0.00 7.666e-01 2.330e-01 8.273e-05 2.262e-05 2.056e-04 -1.000 4.290e-04 2.657 3.296 3.411 2.823 2.423 2.044 1.562 1.173 1.113
0.00049103 -1.50000 10.00000 0.8453689814 2.4336171150    0.843  0.886  3.7405  3.392    3  0.000  0.537     0.00     0.00 -1  -2.1e-12      0.00 7.643e-01 2.352e-01 8.326e-05 2.276e-05 2.068e-04 -1.000 4.807e-04 2.554 3.213 3.321 2.725 2.320 1.937 1.449 1.054 0.993
0.00049103 -1.50000 10.00000 0.8459497690 2.4337959290    0.844  0.935  3.7380  3.333    3  0.000  0.537     0.00     0.00 -1 -2.51e-12      0.00 7.620e-01 2.375e-01 8.373e-05 2.289e-05 2.079e-04 -1.000 4.901e-04 2.433 3.114 3.213 2.608 2.200 1.812 1.317 0.917 0.854
0.00049103 -1.50000 10.00000 0.8464428782 2.4339475632    0.844  0.980  3.7362  3.281    3  0.000  0.537     0.00     0.00 -1 -2.96e-12      0.00 7.601e-01 2.394e-01 8.406e-05 2.297e-05 2.087e-04 -1.000 4.905e-04 2.320 3.019 3.110 2.500 2.088 1.697 1.196 0.792 0.728
0.00049103 -1.50000 10.00000 0.8469140530 2.4340920448    0.845  1.026  3.7344  3.228    3  0.000  0.537     0.00     0.00 -1 -3.49e-12      0.00 7.583e-01 2.412e-01 8.431e-05 2.305e-05 2.094e-04 -1.000 4.940e-04 2.205 2.919 3.004 2.388 1.973 1.580 1.073 0.664 0.600
0.00049103 -1.50000 10.00000 0.8473926187 2.4342389107    0.845  1.076  3.7327  3.171    3  0.000  0.536     0.00     0.00 -1 -4.19e-12      0.00 7.565e-01 2.431e-01 8.446e-05 2.313e-05 2.100e-04 -1.000 4.614e-04 2.079 2.808 2.887 2.265 1.848 1.452 0.940 0.526 0.462
0.00049103 -1.50000 10.00000 0.8478324413 2.4343733788    0.845  1.126  3.7311  3.115    3  0.000  0.535     0.00     0.00 -1 -5.01e-12      0.00 7.547e-01 2.449e-01 8.446e-05 2.323e-05 2.104e-04 -1.000 4.529e-04 1.954 2.698 2.771 2.144 1.723 1.325 0.808 0.390 0.325
0.00049103 -1.50000 10.00000 0.8482272625 2.4344942570    0.846  1.175  3.7296  3.060    3  0.000  0.533     0.00     0.00 -1 -5.97e-12      0.00 7.530e-01 2.465e-01 8.428e-05 2.339e-05 2.108e-04 -1.000 4.788e-04 1.832 2.590 2.658 2.026 1.603 1.202 0.680 0.258 0.192
0.00049103 -1.50000 10.00000 0.8485724330 2.4345996380    0.846  1.221  3.7281  3.009    3  0.000  0.530     0.00     0.00 -1 -7.03e-12      0.00 7.516e-01 2.479e-01 8.395e-05 2.367e-05 2.111e-04 -1.000 4.923e-04 1.718 2.490 2.551 1.914 1.489 1.086 0.559 0.133 0.066
0.00049103 -1.50000 10.00000 0.8489086628 2.4347023964    0.846  1.270  3.7266  2.954    3  0.000  0.527     0.00     0.00 -1 -8.38e-12      0.00 7.503e-01 2.492e-01 8.343e-05 2.413e-05 2.113e-04 -1.000 4.940e-04 1.596 2.384 2.438 1.796 1.368 0.962 0.431 0.000 -0.066
0.00049103 -1.50000 10.00000 0.8492313027 2.4348006248    0.846  1.321  3.7249  2.896    3  0.000  0.522     0.00     0.00 -1 -1.01e-11      0.00 7.491e-01 2.504e-01 8.276e-05 2.479e-05 2.115e-04 -1.000 4.935e-04 1.468 2.274 2.320 1.672 1.241 0.833 0.296 -0.138 -0.206
0.00049103 -1.50000 10.00000 0.8495016694 2.4348831177    0.846  1.367  3.7233  2.844    3  0.000  0.518     0.00     0.00 -1 -1.19e-11      0.00 7.481e-01 2.514e-01 8.212e-05 2.548e-05 2.116e-04 -1.000 4.935e-04 1.352 2.173 2.212 1.560 1.126 0.715 0.174 -0.265 -0.333
0.00049103 -1.50000 10.00000 0.8497484326 2.4349582195    0.847  1.413  3.7218  2.792    3  0.000  0.514     0.00     0.00 -1  -1.4e-11      0.00 7.474e-01 2.521e-01 8.153e-05 2.617e-05 2.117e-04 -1.000 4.880e-04 1.238 2.074 2.107 1.448 1.012 0.598 0.053 -0.390 -0.458
0.00049103 -1.50000 10.00000 0.8499803543 2.4350287914    0.847  1.460  3.7201  2.738    3  0.000  0.510     0.00     0.00 -1 -1.66e-11      0.00 7.468e-01 2.528e-01 8.103e-05 2.677e-05 2.118e-04 -1.000 4.659e-04 1.120 1.973 1.999 1.335 0.895 0.479 -0.072 -0.519 -0.588
0.00049103 -1.50000 10.00000 0.8500000238 2.4350347519    0.847  1.464  3.7200  2.734    3  0.000  0.510     0.00     0.00 -1 -1.69e-11      0.00 7.467e-01 2.528e-01 8.099e-05 2.681e-05 2.118e-04 -1.000 4.632e-04 1.110 1.965 1.990 1.325 0.885 0.469 -0.083 -0.530 -0.599
0.00049103 -1.50000 10.00000 0.8500950933 2.4350636005    0.847  1.484  3.7192  2.711    3  0.000  0.509     0.00     0.00 -1 -1.82e-11      0.00 7.465e-01 2.530e-01 8.081e-05 2.703e-05 2.118e-04 -1.000 4.501e-04 1.060 1.923 1.944 1.277 0.836 0.418 -0.136 -0.585 -0.655
0.00049103 -1.50000 10.00000 0.8502922058 2.4351236820    0.847  1.529  3.7176  2.659    3  0.000  0.507     0.00     0.00 -1 -2.14e-11      0.00 7.462e-01 2.533e-01 8.053e-05 2.738e-05 2.119e-04 -1.000 4.541e-04 0.947 1.828 1.841 1.168 0.724 0.303 -0.255 -0.709 -0.779
0.00049103 -1.50000 10.00000 0.8504767418 2.4351797104    0.847  1.575  3.7159  2.606    3  0.000  0.505     0.00     0.00 -1 -2.53e-11      0.00 7.459e-01 2.536e-01 8.030e-05 2.767e-05 2.119e-04 -1.000 4.941e-04 0.832 1.731 1.737 1.057 0.610 0.187 -0.377 -0.836 -0.906
0.00049103 -1.50000 10.00000 0.8506460190 2.4352312088    0.847  1.621  3.7141  2.553    3  0.000  0.504     0.00     0.00 -1 -2.99e-11      0.00 7.458e-01 2.537e-01 8.017e-05 2.784e-05 2.120e-04 -1.000 4.941e-04 0.717 1.636 1.634 0.948 0.497 0.071 -0.499 -0.962 -1.034
0.00049103 -1.50000 10.00000 0.8507986665 2.4352774620    0.847  1.666  3.7124  2.501    3  0.000  0.504     0.00     0.00 -1 -3.52e-11      0.00 7.457e-01 2.538e-01 8.013e-05 2.789e-05 2.120e-04 -1.000 4.941e-04 0.605 1.542 1.533 0.840 0.387 -0.043 -0.618 -1.086 -1.158
0.00049103 -1.50000 10.00000 0.8509389162 2.4353201389    0.847  1.711  3.7106  2.449    3  0.000  0.504     0.00     0.00 -1 -4.15e-11      0.00 7.457e-01 2.538e-01 8.012e-05 2.790e-05 2.120e-04 -1.000 4.941e-04 0.493 1.453 1.433 0.732 0.275 -0.158 -0.738 -1.211 -1.283
0.00049103 -1.50000 10.00000 0.8510676622 2.4353590012    0.847  1.756  3.7086  2.396    3  0.000  0.504     0.00     0.00 -1 -4.88e-11      0.00 7.457e-01 2.538e-01 8.011e-05 2.791e-05 2.120e-04 -1.000 4.940e-04 0.380 1.367 1.334 0.625 0.163 -0.273 -0.859 -1.335 -1.409
0.00049103 -1.50000 10.00000 0.8511869311 2.4353952408    0.846  1.801  3.7067  2.343    3  0.000  0.504     0.00     0.00 -1 -5.76e-11      0.00 7.457e-01 2.538e-01 8.011e-05 2.792e-05 2.120e-04 -1.000 4.942e-04 0.267 1.281 1.236 0.517 0.052 -0.388 -0.979 -1.460 -1.535
0.00049103 -1.50000 10.00000 0.8512979746 2.4354288578    0.846  1.847  3.7048  2.290    3  0.000  0.504     0.00     0.00 -1  -6.8e-11      0.00 7.457e-01 2.538e-01 8.010e-05 2.793e-05 2.120e-04 -1.000 4.941e-04 0.154 1.195 1.136 0.409 -0.061 -0.504 -1.101 -1.587 -1.662
0.00049103 -1.50000 10.00000 0.8513988853 2.4354596138    0.846  1.891  3.7028  2.238    3  0.000  0.504     0.00     0.00 -1 -8.01e-11      0.00 7.457e-01 2.538e-01 8.009e-05 2.794e-05 2.120e-04 -1.000 4.941e-04 0.042 1.111 1.040 0.303 -0.171 -0.617 -1.220 -1.711 -1.787
0.00049103 -1.50000 10.00000 0.8514943719 2.4354884624    0.846  1.937  3.7008  2.184    3  0.000  0.504     0.00     0.00 -1 -9.46e-11      0.00 7.457e-01 2.538e-01 8.009e-05 2.795e-05 2.120e-04 -1.000 4.941e-04 -0.071 1.026 0.942 0.196 -0.283 -0.733 -1.342 -1.838 -1.915
0.00049103 -1.50000 10.00000 0.8515785336 2.4355139732    0.846  1.980  3.6987  2.133    3  0.000  0.504     0.00     0.00 -1 -1.11e-10      0.00 7.457e-01 2.538e-01 8.008e-05 2.796e-05 2.120e-04 -1.000 4.940e-04 -0.179 0.949 0.851 0.095 -0.388 -0.842 -1.458 -1.959 -2.037
0.00049103 -1.50000 10.00000 0.8516573310 2.4355378151    0.845  2.022  3.6967  2.082    3  0.000  0.504     0.00     0.00 -1 -1.29e-10      0.00 7.457e-01 2.538e-01 8.008e-05 2.796e-05 2.120e-04 -1.000 4.941e-04 -0.284 0.873 0.762 -0.004 -0.492 -0.949 -1.571 -2.078 -2.156
0.00049103 -1.50000 10.00000 0.8517361879 2.4355616570    0.845  2.064  3.6947  2.032    3  0.000  0.504     0.00     0.00 -1 -1.51e-10      0.00 7.457e-01 2.539e-01 8.007e-05 2.797e-05 2.120e-04 -1.000 4.941e-04 -0.389 0.800 0.674 -0.101 -0.594 -1.055 -1.683 -2.196 -2.275
0.00049103 -1.50000 10.00000 0.8518394828 2.4355928898    0.844  2.101  3.6930  1.987    3  0.000  0.504     0.00     0.00 -1 -1.75e-10      0.00 7.456e-01 2.539e-01 8.007e-05 2.798e-05 2.120e-04 -1.000 4.941e-04 -0.483 0.732 0.595 -0.190 -0.686 -1.151 -1.785 -2.302 -2.381
0.00049103 -1.50000 10.00000 0.8518710732 2.4356026649    0.844  2.090  3.6937  2.001    3  0.000  0.504     0.00     0.00 -1 -1.69e-10      0.00 7.456e-01 2.539e-01 8.007e-05 2.798e-05 2.120e-04 -1.000 4.941e-04 -0.456 0.748 0.615 -0.165 -0.660 -1.123 -1.754 -2.269 -2.349
0.00049103 -1.50000 10.00000 0.8519049883 2.4356129169    0.844  2.078  3.6945  2.016    3  0.000  0.504     0.00     0.00 -1 -1.61e-10      0.00 7.456e-01 2.539e-01 8.006e-05 2.798e-05 2.120e-04 -1.000 4.941e-04 -0.425 0.767 0.639 -0.137 -0.630 -1.092 -1.721 -2.234 -2.312
0.00049103 -1.50000 10.00000 0.8519589901 2.4356291294    0.844  2.117  3.6926  1.969    3  0.000  0.504     0.00     0.00 -1 -1.84e-10      0.00 7.456e-01 2.539e-01 8.006e-05 2.799e-05 2.120e-04 -1.000 4.941e-04 -0.524 0.700 0.558 -0.229 -0.726 -1.192 -1.827 -2.345 -2.424
0.00049103 -1.50000 10.00000 0.8520124555 2.4356453419    0.843  2.159  3.6904  1.919    3  0.000  0.504     0.00     0.00 -1 -2.15e-10      0.00 7.456e-01 2.539e-01 8.006e-05 2.799e-05 2.120e-04 -1.000 4.941e-04 -0.627 0.634 0.474 -0.325 -0.828 -1.297 -1.939 -2.463 -2.544
0.00049103 -1.50000 10.00000 0.8520630002 2.4356606007    0.843  2.201  3.6883  1.868    3  0.000  0.504     0.00     0.00 -1  -2.5e-10      0.00 7.456e-01 2.539e-01 8.005e-05 2.800e-05 2.120e-04 -1.000 4.942e-04 -0.732 0.571 0.391 -0.421 -0.929 -1.403 -2.053 -2.584 -2.665
0.00049103 -1.50000 10.00000 0.8521093726 2.4356746674    0.842  2.242  3.6861  1.818    3  0.000  0.504     0.00     0.00 -1 -2.92e-10      0.00 7.456e-01 2.539e-01 8.005e-05 2.800e-05 2.120e-04 -1.000 4.942e-04 -0.835 0.509 0.309 -0.515 -1.028 -1.506 -2.164 -2.702 -2.784
0.00049103 -1.50000 10.00000 0.8521518111 2.4356875420    0.842  2.282  3.6838  1.768    3  0.000  0.504     0.00     0.00 -1 -3.39e-10      0.00 7.456e-01 2.539e-01 8.005e-05 2.800e-05 2.120e-04 -1.000 4.941e-04 -0.936 0.484 0.239 -0.610 -1.131 -1.612 -2.277 -2.821 -2.901
0.00049103 -1.50000 10.00000 0.8521921635 2.4356997013    0.841  2.323  3.6817  1.718    3  0.000  0.504     0.00     0.00 -1 -3.95e-10      0.00 7.456e-01 2.539e-01 8.005e-05 2.801e-05 2.120e-04 -1.000 4.941e-04 -1.038 0.446 0.166 -0.706 -1.234 -1.718 -2.390 -2.941 -3.020
0.00049103 -1.50000 10.00000 0.8522285819 2.4357106686    0.841  2.363  3.6793  1.669    3  0.000  0.504     0.00     0.00 -1 -4.58e-10      0.00 7.456e-01 2.539e-01 8.004e-05 2.801e-05 2.120e-04 -1.000 4.941e-04 -1.137 0.418 0.100 -0.797 -1.332 -1.820 -2.500 -3.057 -3.135
0.00049103 -1.50000 10.00000 0.8522636890 2.4357213974    0.840  2.404  3.6771  1.619    3  0.000  0.504     0.00     0.00 -1 -5.33e-10      0.00 7.456e-01 2.539e-01 8.004e-05 2.801e-05 2.120e-04 -1.000 4.941e-04 -1.239 0.387 0.030 -0.890 -1.433 -1.925 -2.612 -3.176 -3.253
0.00049103 -1.50000 10.00000 0.8523012996 2.4357326031    0.839  2.451  3.6741  1.559    3  0.000  0.503     0.00     0.00 -1 -6.37e-10      0.00 7.456e-01 2.539e-01 8.004e-05 2.802e-05 2.120e-04 -1.000 4.940e-04 -1.358 0.365 -0.043 -0.995 -1.548 -2.047 -2.744 -3.315 -3.392
0.00049103 -1.50000 10.00000 0.8523310423 2.4357416630    0.838  2.491  3.6719  1.510    3  0.000  0.503     0.00     0.00 -1 -7.42e-10      0.00 7.456e-01 2.539e-01 8.004e-05 2.802e-05 2.120e-04 -1.000 4.941e-04 -1.459 0.343 -0.108 -1.086 -1.648 -2.151 -2.855 -3.433 -3.508
0.00049103 -1.50000 10.00000 0.8523631692 2.4357514381    0.837  2.538  3.6689  1.450    3  0.000  0.503     0.00     0.00 -1 -8.84e-10      0.00 7.456e-01 2.539e-01 8.004e-05 2.802e-05 2.120e-04 -1.000 4.941e-04 -1.576 0.283 -0.191 -1.184 -1.755 -2.266 -2.982 -3.569 -3.647
0.00049103 -1.50000 10.00000 0.8523883224 2.4357590675    0.836  2.578  3.6666  1.401    3  0.000  0.503     0.00     0.00 -1 -1.03e-09      0.00 7.456e-01 2.539e-01 8.004e-05 2.802e-05 2.120e-04 -1.000 4.941e-04 -1.675 0.275 -0.247 -1.269 -1.850 -2.366 -3.091 -3.684 -3.762
0.00049103 -1.50000 10.00000 0.8524160981 2.4357674122    0.835  2.625  3.6635  1.341    3  0.000  0.503     0.00     0.00 -1 -1.22e-09      0.00 7.456e-01 2.539e-01 8.003e-05 2.803e-05 2.120e-04 -1.000 4.940e-04 -1.792 0.280 -0.306 -1.368 -1.962 -2.486 -3.221 -3.823 -3.900
0.00049103 -1.50000 10.00000 0.8524417281 2.4357750416    0.834  2.672  3.6606  1.282    3  0.000  0.503     0.00     0.00 -1 -1.46e-09      0.00 7.456e-01 2.539e-01 8.003e-05 2.803e-05 2.120e-04 -1.000 4.941e-04 -1.909 0.290 -0.363 -1.466 -2.074 -2.605 -3.351 -3.961 -4.038
0.00049103 -1.50000 10.00000 0.8524655104 2.4357824326    0.832  2.719  3.6575  1.222    3  0.000  0.503     0.00     0.00 -1 -1.75e-09      0.00 7.456e-01 2.539e-01 8.003e-05 2.803e-05 2.120e-04 -1.000 4.942e-04 -2.027 0.309 -0.416 -1.561 -2.184 -2.723 -3.482 -4.100 -4.177
0.00049103 -1.50000 10.00000 0.8524862528 2.4357886314    0.831  2.763  3.6544  1.164    3  0.000  0.503     0.00     0.00 -1 -2.07e-09      0.00 7.456e-01 2.539e-01 8.003e-05 2.803e-05 2.120e-04 -1.000 4.941e-04 -2.138 0.307 -0.471 -1.647 -2.283 -2.831 -3.603 -4.231 -4.310
0.00049103 -1.50000 10.00000 0.8525063992 2.4357945919    0.829  2.810  3.6514  1.104    3  0.000  0.503     0.00     0.00 -1 -2.47e-09      0.00 7.456e-01 2.539e-01 8.003e-05 2.803e-05 2.120e-04 -1.000 4.941e-04 -2.254 0.299 -0.532 -1.739 -2.388 -2.945 -3.729 -4.367 -4.447
0.00049103 -1.50000 10.00000 0.8525244594 2.4358000755    0.827  2.854  3.6483  1.046    3  0.000  0.503     0.00     0.00 -1 -2.93e-09      0.00 7.456e-01 2.539e-01 8.003e-05 2.804e-05 2.120e-04 -1.000 4.941e-04 -2.366 0.299 -0.587 -1.826 -2.488 -3.054 -3.851 -4.499 -4.581
0.00049103 -1.50000 10.00000 0.8525410295 2.4358050823    0.825  2.898  3.6452  0.989    3  0.000  0.503     0.00     0.00 -1 -3.47e-09      0.00 7.456e-01 2.539e-01 8.003e-05 2.804e-05 2.120e-04 -1.000 4.942e-04 -2.476 0.305 -0.638 -1.909 -2.585 -3.160 -3.971 -4.630 -4.713
0.00049103 -1.50000 10.00000 0.8525569439 2.4358098507    0.822  2.944  3.6421  0.929    3  0.000  0.503     0.00     0.00 -1 -4.13e-09      0.00 7.456e-01 2.539e-01 8.003e-05 2.804e-05 2.120e-04 -1.000 4.941e-04 -2.590 0.322 -0.685 -1.992 -2.685 -3.270 -4.096 -4.764 -4.849
0.00049103 -1.50000 10.00000 0.8525707126 2.4358141422    0.820  2.987  3.6389  0.873    3  0.000  0.503     0.00     0.00 -1 -4.88e-09      0.00 7.456e-01 2.539e-01 8.002e-05 2.804e-05 2.120e-04 -1.000 4.941e-04 -2.696 0.351 -0.720 -2.065 -2.775 -3.371 -4.212 -4.890 -4.977
0.00049103 -1.50000 10.00000 0.8525838852 2.4358181953    0.817  3.030  3.6357  0.815    3  0.000  0.503     0.00     0.00 -1 -5.76e-09      0.00 7.456e-01 2.539e-01 8.002e-05 2.804e-05 2.120e-04 -1.000 4.940e-04 -2.804 0.380 -0.758 -2.139 -2.866 -3.473 -4.329 -5.018 -5.107
0.00049103 -1.50000 10.00000 0.8525965810 2.4358220100    0.814  3.074  3.6326  0.757    3  0.000  0.503     0.00     0.00 -1 -6.84e-09      0.00 7.456e-01 2.539e-01 8.002e-05 2.804e-05 2.120e-04 -1.000 4.941e-04 -2.916 0.406 -0.797 -2.216 -2.960 -3.579 -4.450 -5.149 -5.240
0.00049103 -1.50000 10.00000 0.8526076078 2.4358253479    0.811  3.115  3.6294  0.701    3  0.000  0.503     0.00     0.00 -1 -8.04e-09      0.00 7.456e-01 2.539e-01 8.002e-05 2.804e-05 2.120e-04 -1.000 4.941e-04 -3.019 0.442 -0.827 -2.283 -3.045 -3.675 -4.562 -5.272 -5.366
0.00049103 -1.50000 10.00000 0.8526185751 2.4358284473    0.807  3.159  3.6263  0.643    3  0.000  0.503     0.00     0.00 -1 -9.53e-09      0.00 7.456e-01 2.539e-01 8.002e-05 2.804e-05 2.120e-04 -1.000 4.941e-04 -3.128 0.474 -0.862 -2.355 -3.135 -3.777 -4.679 -5.401 -5.497
0.00049103 -1.50000 10.00000 0.8526287675 2.4358315468    0.802  3.202  3.6231  0.584    3  0.000  0.503     0.00     0.00 -1 -1.13e-08      0.00 7.456e-01 2.539e-01 8.002e-05 2.804e-05 2.120e-04 -1.000 4.941e-04 -3.236 0.511 -0.894 -2.424 -3.223 -3.877 -4.795 -5.528 -5.627
0.00049103 -1.50000 10.00000 0.8526383042 2.4358344078    0.798  3.245  3.6199  0.527    3  0.000  0.503     0.00     0.00 -1 -1.33e-08      0.00 7.456e-01 2.539e-01 8.002e-05 2.804e-05 2.120e-04 -1.000 4.941e-04 -3.341 0.553 -0.921 -2.491 -3.308 -3.975 -4.909 -5.654 -5.755
0.00049103 -1.50000 10.00000 0.8526474833 2.4358372688    0.792  3.287  3.6168  0.469    3  0.000  0.503     0.00     0.00 -1 -1.57e-08      0.00 7.456e-01 2.539e-01 8.002e-05 2.805e-05 2.120e-04 -1.000 4.941e-04 -3.447 0.600 -0.941 -2.551 -3.390 -4.070 -5.022 -5.777 -5.882
0.00049103 -1.50000 10.00000 0.8526508212 2.4358382225    0.790  3.300  3.6158  0.451    3  0.000  0.503     0.00     0.00 -1 -1.67e-08      0.00 7.456e-01 2.539e-01 8.002e-05 2.805e-05 2.120e-04 -1.000 4.941e-04 -3.481 0.617 -0.946 -2.569 -3.416 -4.101 -5.059 -5.818 -5.923
0.00049103 -1.50000 10.00000 0.8526508212 2.4358382225    0.790  1.757  3.7539  2.546    4  0.000  0.525     0.00     0.00 -1    -1e-30      0.00 7.420e-01 2.575e-01 8.499e-05 2.504e-05 2.161e-04 -1.000 4.941e-04 0.376 0.964 1.040 0.512 0.143 -0.213 -0.675 -1.049 -1.096
0.00049103 -1.50000 10.00000 0.8527116179 2.4358565807    0.790  1.777  3.7520  2.519    4  0.000  0.525     0.00     0.00 -1    -1e-30      0.00 7.420e-01 2.575e-01 8.499e-05 2.504e-05 2.161e-04 -1.000 4.941e-04 0.329 0.928 1.002 0.468 0.096 -0.264 -0.731 -1.109 -1.158
0.00049103 -1.50000 10.00000 0.8527708054 2.4358744621    0.790  1.779  3.7519  2.517    4  0.000  0.525     0.00     0.00 -1    -1e-30      0.00 7.420e-01 2.575e-01 8.499e-05 2.504e-05 2.161e-04 -1.000 4.941e-04 0.323 0.924 0.998 0.463 0.090 -0.269 -0.737 -1.115 -1.164
0.00049103 -1.50000 10.00000 0.8528320193 2.4358930588    0.790  1.780  3.7520  2.516    4  0.000  0.525     0.00     0.00 -1    -1e-30      0.00 7.420e-01 2.575e-01 8.499e-05 2.504e-05 2.161e-04 -1.000 4.940e-04 0.320 0.919 0.993 0.459 0.086 -0.273 -0.740 -1.118 -1.167
0.00049103 -1.50000 10.00000 0.8528926373 2.4359114170    0.790  1.781  3.7524  2.516    4  0.000  0.525     0.00     0.00 -1    -1e-30      0.00 7.420e-01 2.575e-01 8.499e-05 2.504e-05 2.161e-04 -1.000 4.941e-04 0.318 0.915 0.989 0.456 0.084 -0.274 -0.741 -1.118 -1.166
0.00049103 -1.50000 10.00000 0.8529537916 2.4359297752    0.790  1.781  3.7530  2.518    4  0.000  0.525     0.00     0.00 -1    -1e-30      0.00 7.420e-01 2.575e-01 8.499e-05 2.504e-05 2.161e-04 -1.000 4.941e-04 0.317 0.911 0.984 0.454 0.083 -0.274 -0.739 -1.115 -1.163
0.00049103 -1.50000 10.00000 0.8530157804 2.4359483719    0.790  1.781  3.7537  2.522    4  0.000  0.525     0.00     0.00 -1    -1e-30      0.00 7.420e-01 2.575e-01 8.499e-05 2.504e-05 2.161e-04 -1.000 4.941e-04 0.317 0.907 0.980 0.453 0.084 -0.272 -0.735 -1.109 -1.157
0.00049103 -1.50000 10.00000 0.8530770540 2.4359669685    0.791  1.781  3.7546  2.526    4  0.000  0.525     0.00     0.00 -1    -1e-30      0.00 7.420e-01 2.575e-01 8.499e-05 2.504e-05 2.161e-04 -1.000 4.941e-04 0.318 0.903 0.977 0.452 0.085 -0.270 -0.730 -1.102 -1.149
0.00049103 -1.50000 10.00000 0.8531397581 2.4359858036    0.791  1.780  3.7556  2.530    4  0.000  0.525     0.00     0.00 -1    -1e-30      0.00 7.420e-01 2.575e-01 8.499e-05 2.504e-05 2.161e-04 -1.000 4.941e-04 0.320 0.899 0.973 0.452 0.087 -0.266 -0.724 -1.094 -1.140
0.00049103 -1.50000 10.00000 0.8532013297 2.4360044003    0.791  1.779  3.7566  2.535    4  0.000  0.525     0.00     0.00 -1    -1e-30      0.00 7.420e-01 2.575e-01 8.499e-05 2.504e-05 2.161e-04 -1.000 4.941e-04 0.322 0.895 0.969 0.452 0.088 -0.263 -0.718 -1.085 -1.131
0.00049103 -1.50000 10.00000 0.8532585502 2.4360218048    0.791  1.778  3.7575  2.539    4  0.000  0.525     0.00     0.00 -1    -1e-30      0.00 7.420e-01 2.575e-01 8.499e-05 2.504e-05 2.161e-04 -1.000 4.941e-04 0.324 0.891 0.965 0.452 0.090 -0.259 -0.712 -1.078 -1.123
0.00049103 -1.50000 10.00000 0.8533226252 2.4360411167    0.791  1.778  3.7584  2.544    4  0.000  0.525     0.00     0.00 -1    -1e-30      0.00 7.420e-01 2.575e-01 8.499e-05 2.504e-05 2.161e-04 -1.000 4.942e-04 0.325 0.886 0.961 0.451 0.091 -0.256 -0.706 -1.069 -1.114
0.00049103 -1.50000 10.00000 0.8533862233 2.4360601902    0.791  1.777  3.7593  2.548    4  0.000  0.525     0.00     0.00 -1    -1e-30      0.00 7.420e-01 2.575e-01 8.499e-05 2.504e-05 2.161e-04 -1.000 4.941e-04 0.327 0.882 0.957 0.451 0.093 -0.253 -0.701 -1.062 -1.107
0.00049103 -1.50000 10.00000 0.8534479737 2.4360787868    0.791  1.777  3.7601  2.552    4  0.000  0.525     0.00     0.00 -1    -1e-30      0.00 7.420e-01 2.575e-01 8.499e-05 2.504e-05 2.161e-04 -1.000 4.941e-04 0.328 0.879 0.954 0.450 0.094 -0.251 -0.697 -1.056 -1.100
0.00049103 -1.50000 10.00000 0.8535100222 2.4360976219    0.791  1.777  3.7607  2.554    4  0.000  0.525     0.00     0.00 -1    -1e-30      0.00 7.420e-01 2.575e-01 8.499e-05 2.504e-05 2.161e-04 -1.000 4.941e-04 0.328 0.876 0.951 0.449 0.094 -0.249 -0.693 -1.051 -1.095
0.00049103 -1.50000 10.00000 0.8535169363 2.4360995293    0.791  1.777  3.7608  2.555    4  0.000  0.525     0.00     0.00 -1    -1e-30      0.00 7.420e-01 2.575e-01 8.499e-05 2.504e-05 2.161e-04 -1.000 4.941e-04 0.328 0.875 0.951 0.449 0.094 -0.249 -0.693 -1.051 -1.094
0.00049103 -1.50000 10.00000 0.8535731435 2.4361164570    0.791  1.777  3.7612  2.556    4  0.000  0.525     0.00     0.00 -1    -1e-30      0.00 7.420e-01 2.575e-01 8.499e-05 2.504e-05 2.161e-04 -1.000 4.941e-04 0.328 0.873 0.948 0.448 0.094 -0.249 -0.692 -1.049 -1.092
0.00049103 -1.50000 10.00000 0.8536343575 2.4361350536    0.791  1.777  3.7615  2.557    4  0.000  0.525     0.00     0.00 -1    -1e-30      0.00 7.420e-01 2.575e-01 8.499e-05 2.504e-05 2.161e-04 -1.000 4.941e-04 0.327 0.871 0.946 0.447 0.093 -0.249 -0.691 -1.047 -1.090
0.00049103 -1.50000 10.00000 0.8536941409 2.4361529350    0.791  1.778  3.7617  2.557    4  0.000  0.525     0.00     0.00 -1    -1e-30      0.00 7.420e-01 2.575e-01 8.499e-05 2.504e-05 2.161e-04 -1.000 4.941e-04 0.326 0.869 0.943 0.445 0.092 -0.250 -0.692 -1.048 -1.091
0.00049103 -1.50000 10.00000 0.8537510633 2.4361701012    0.791  1.779  3.7615  2.556    4  0.000  0.525     0.00     0.00 -1    -1e-30      0.00 7.420e-01 2.575e-01 8.499e-05 2.504e-05 2.161e-04 -1.000 4.941e-04 0.323 0.867 0.942 0.443 0.089 -0.253 -0.695 -1.051 -1.094
0.00049103 -1.50000 10.00000 0.8538099527 2.4361877441    0.791  1.780  3.7613  2.554    4  0.000  0.525     0.00     0.00 -1    -1e-30      0.00 7.420e-01 2.575e-01 8.499e-05 2.504e-05 2.161e-04 -1.000 4.941e-04 0.320 0.865 0.940 0.440 0.086 -0.256 -0.699 -1.055 -1.099
0.00049103 -1.50000 10.00000 0.8538725376 2.4362068176    0.791  1.782  3.7608  2.550    4  0.000  0.525     0.00     0.00 -1    -1e-30      0.00 7.420e-01 2.575e-01 8.499e-05 2.504e-05 2.161e-04 -1.000 4.941e-04 0.316 0.864 0.938 0.437 0.082 -0.261 -0.705 -1.063 -1.107
0.00049103 -1.50000 10.00000 0.8539313078 2.4362244606    0.791  1.784  3.7601  2.545    4  0.000  0.525     0.00     0.00 -1    -1e-30      0.00 7.420e-01 2.575e-01 8.499e-05 2.504e-05 2.161e-04 -1.000 4.941e-04 0.311 0.862 0.936 0.433 0.076 -0.268 -0.714 -1.073 -1.117
0.00049103 -1.50000 10.00000 0.8539586067 2.4362325668    0.791  1.785  3.7598  2.543    4  0.000  0.525     0.00     0.00 -1    -1e-30      0.00 7.420e-01 2.575e-01 8.499e-05 2.504e-05 2.161e-04 -1.000 4.941e-04 0.308 0.861 0.936 0.431 0.074 -0.271 -0.718 -1.078 -1.122
0.00049103 -1.50000 10.00000 0.8540089726 2.4362478256    0.792  1.787  3.7590  2.537    4  0.000  0.525     0.00     0.00 -1    -1e-30      0.00 7.420e-01 2.575e-01 8.499e-05 2.504e-05 2.161e-04 -1.000 4.941e-04 0.302 0.860 0.935 0.427 0.068 -0.278 -0.727 -1.089 -1.134
0.00049103 -1.50000 10.00000 0.8540623784 2.4362637997    0.792  1.790  3.7580  2.531    4  0.000  0.525     0.00     0.00 -1    -1e-30      0.00 7.420e-01 2.575e-01 8.499e-05 2.505e-05 2.161e-04 -1.000 4.941e-04 0.296 0.859 0.933 0.422 0.061 -0.287 -0.738 -1.102 -1.147
0.00049103 -1.50000 10.00000 0.8541151285 2.4362797737    0.792  1.793  3.7571  2.524    4  0.000  0.525     0.00     0.00 -1    -1e-30      0.00 7.420e-01 2.575e-01 8.499e-05 2.505e-05 2.161e-04 -1.000 4.941e-04 0.288 0.858 0.931 0.417 0.054 -0.296 -0.750 -1.116 -1.162
0.00049103 -1.50000 10.00000 0.8541692495 2.4362959862    0.792  1.796  3.7559  2.516    4  0.000  0.525     0.00     0.00 -1    -1e-30      0.00 7.420e-01 2.575e-01 8.499e-05 2.505e-05 2.161e-04 -1.000 4.941e-04 0.279 0.856 0.929 0.410 0.046 -0.306 -0.763 -1.132 -1.179
0.00049103 -1.50000 10.00000 0.8542208076 2.4363114834    0.792  1.800  3.7549  2.508    4  0.000  0.525     0.00     0.00 -1    -1e-30      0.00 7.420e-01 2.575e-01 8.499e-05 2.505e-05 2.161e-04 -1.000 4.942e-04 0.270 0.853 0.926 0.403 0.036 -0.318 -0.777 -1.149 -1.196
0.00049103 -1.50000 10.00000 0.8542723656 2.4363269806    0.792  1.804  3.7538  2.500    4  0.000  0.525     0.00     0.00 -1    -1e-30      0.00 7.420e-01 2.575e-01 8.499e-05 2.505e-05 2.161e-04 -1.000 4.941e-04 0.261 0.851 0.923 0.396 0.027 -0.329 -0.791 -1.165 -1.213
0.00049103 -1.50000 10.00000 0.8543233275 2.4363422394    0.792  1.808  3.7524  2.490    4  0.000  0.525     0.00     0.00 -1    -1e-30      0.00 7.420e-01 2.575e-01 8.499e-05 2.505e-05 2.161e-04 -1.000 4.942e-04 0.249 0.848 0.919 0.387 0.015 -0.343 -0.809 -1.186 -1.234
0.00049103 -1.50000 10.00000 0.8543750048 2.4363579750    0.792  1.815  3.7507  2.477    4  0.000  0.525     0.00     0.00 -1    -1e-30      0.00 7.420e-01 2.575e-01 8.499e-05 2.505e-05 2.161e-04 -1.000 4.940e-04 0.233 0.843 0.913 0.375 -0.000 -0.362 -0.832 -1.213 -1.262
0.00049103 -1.50000 10.00000 0.8544264436 2.4363732338    0.792  1.822  3.7490  2.463    4  0.000  0.525     0.00     0.00 -1    -1e-30      0.00 7.420e-01 2.575e-01 8.499e-05 2.505e-05 2.161e-04 -1.000 4.941e-04 0.215 0.836 0.905 0.360 -0.018 -0.383 -0.858 -1.242 -1.293
0.00049103 -1.50000 10.00000 0.8544601202 2.4363834858    0.792  1.828  3.7475  2.451    4  0.000  0.525     0.00     0.00 -1    -1e-30      0.00 7.420e-01 2.575e-01 8.499e-05 2.505e-05 2.161e-04 -1.000 4.941e-04 0.199 0.831 0.897 0.347 -0.034 -0.401 -0.880 -1.267 -1.319
0.00049103 -1.50000 10.00000 0.8545108438 2.4363987446    0.792  1.839  3.7451  2.430    4  0.000  0.525     0.00     0.00 -1    -1e-30      0.00 7.420e-01 2.575e-01 8.499e-05 2.505e-05 2.161e-04 -1.000 4.941e-04 0.172 0.820 0.883 0.324 -0.062 -0.433 -0.918 -1.310 -1.363
0.00049103 -1.50000 10.00000 0.8545632362 2.4364144802    0.792  1.856  3.7420  2.401    4  0.000  0.525     0.00     0.00 -1    -1e-30      0.00 7.420e-01 2.575e-01 8.499e-05 2.505e-05 2.161e-04 -1.000 4.941e-04 0.131 0.801 0.860 0.290 -0.102 -0.479 -0.972 -1.371 -1.426
0.00049103 -1.50000 10.00000 0.8546146154 2.4364299774    0.792  1.883  3.7373  2.355    4  0.000  0.525     0.00     0.00 -1    -1e-30      0.00 7.420e-01 2.575e-01 8.499e-05 2.505e-05 2.161e-04 -1.000 4.941e-04 0.062 0.771 0.819 0.231 -0.171 -0.555 -1.061 -1.470 -1.528
0.00049103 -1.50000 10.00000 0.8546456099 2.4364392757    0.792  1.915  3.7324  2.304    4  0.000  0.525     0.00     0.00 -1    -1e-30      0.00 7.420e-01 2.575e-01 8.499e-05 2.505e-05 2.161e-04 -1.000 4.941e-04 -0.017 0.737 0.769 0.162 -0.250 -0.643 -1.161 -1.581 -1.641
0.00049103 -1.50000 10.00000 0.8546611071 2.4364438057    0.792  1.950  3.7276  2.250    4  0.000  0.525     0.00     0.00 -1    -1e-30      0.00 7.420e-01 2.575e-01 8.499e-05 2.505e-05 2.161e-04 -1.000 4.942e-04 -0.104 0.697 0.712 0.085 -0.336 -0.737 -1.269 -1.700 -1.762
0.00049103 -1.50000 10.00000 0.8546677232 2.4364457130    0.792  1.985  3.7232  2.196    4  0.000  0.525     0.00     0.00 -1    -1e-30      0.00 7.420e-01 2.575e-01 8.499e-05 2.505e-05 2.161e-04 -1.000 4.941e-04 -0.193 0.654 0.653 0.007 -0.424 -0.833 -1.376 -1.817 -1.882
0.00049103 -1.50000 10.00000 0.8546707630 2.4364466667    0.792  2.021  3.7192  2.144    4  0.000  0.525     0.00     0.00 -1    -1e-30      0.00 7.420e-01 2.575e-01 8.499e-05 2.505e-05 2.161e-04 -1.000 4.941e-04 -0.284 0.607 0.590 -0.074 -0.512 -0.928 -1.483 -1.934 -2.000
0.00049103 -1.50000 10.00000 0.8546723127 2.4364471436    0.792  2.054  3.7159  2.099    4  0.000  0.525     0.00     0.00 -1    -1e-30      0.00 7.420e-01 2.575e-01 8.499e-05 2.505e-05 2.161e-04 -1.000 4.941e-04 -0.364 0.565 0.532 -0.146 -0.591 -1.013 -1.577 -2.036 -2.104
0.00049103 -1.50000 10.00000 0.8546724319 2.4364471436    0.792  2.057  3.7156  2.095    7  0.000  0.525     0.00     0.00 -1    -1e-30      0.00 7.420e-01 2.575e-01 8.499e-05 2.505e-05 2.161e-04 -1.000 4.941e-04 -0.372 0.562 0.527 -0.152 -0.598 -1.021 -1.586 -2.045 -2.113
0.00049103 -1.50000 10.00000 0.8546731472 2.4364473820    0.792  2.080  3.7135  2.063    7  0.000  0.525     0.00     0.00 -1    -1e-30      0.00 7.420e-01 2.575e-01 8.499e-05 2.505e-05 2.161e-04 -1.000 4.940e-04 -0.430 0.528 0.484 -0.205 -0.656 -1.082 -1.653 -2.117 -2.186
0.00049103 -1.50000 10.00000 0.8546743989 2.4364478588    0.792  2.126  3.7097  2.002    7  0.000  0.525     0.00     0.00 -1    -1e-30      0.00 7.420e-01 2.575e-01 8.499e-05 2.505e-05 2.161e-04 -1.000 4.941e-04 -0.544 0.460 0.398 -0.309 -0.768 -1.201 -1.782 -2.256 -2.327
0.00049103 -1.50000 10.00000 0.8546754122 2.4364480972    0.792  2.165  3.7066  1.951    7  0.000  0.525     0.00     0.00 -1    -1e-30      0.00 7.420e-01 2.575e-01 8.499e-05 2.505e-05 2.161e-04 -1.000 4.941e-04 -0.642 0.407 0.325 -0.397 -0.863 -1.302 -1.893 -2.374 -2.446
0.00049103 -1.50000 10.00000 0.8546765447 2.4364485741    0.792  2.202  3.7038  1.902    7  0.000  0.525     0.00     0.00 -1    -1e-30      0.00 7.420e-01 2.575e-01 8.499e-05 2.505e-05 2.161e-04 -1.000 4.941e-04 -0.736 0.356 0.254 -0.482 -0.955 -1.399 -1.999 -2.488 -2.561
0.00049103 -1.50000 10.00000 0.8546790481 2.4364492893    0.792  2.227  3.7021  1.870    7  0.000  0.525     0.00     0.00 -1    -1e-30      0.00 7.420e-01 2.575e-01 8.499e-05 2.505e-05 2.161e-04 -1.000 4.941e-04 -0.798 0.319 0.206 -0.539 -1.016 -1.463 -2.069 -2.562 -2.636
0.00049103 -1.50000 10.00000 0.8546811342 2.4364497662    0.792  2.204  3.7040  1.901    7  0.000  0.525     0.00     0.00 -1    -1e-30      0.00 7.420e-01 2.575e-01 8.499e-05 2.505e-05 2.161e-04 -1.000 4.941e-04 -0.739 0.350 0.249 -0.486 -0.958 -1.402 -2.002 -2.490 -2.563
0.00049103 -1.50000 10.00000 0.8546891212 2.4364521503    0.792  2.169  3.7065  1.946    7  0.000  0.525     0.00     0.00 -1    -1e-30      0.00 7.420e-01 2.575e-01 8.499e-05 2.505e-05 2.161e-04 -1.000 4.941e-04 -0.654 0.398 0.314 -0.408 -0.875 -1.313 -1.905 -2.387 -2.459
0.00049103 -1.50000 10.00000 0.8547232151 2.4364624023    0.792  2.192  3.7044  1.915    7  0.000  0.525     0.00     0.00 -1    -1e-30      0.00 7.420e-01 2.575e-01 8.499e-05 2.505e-05 2.161e-04 -1.000 4.941e-04 -0.710 0.372 0.275 -0.458 -0.929 -1.372 -1.970 -2.458 -2.531
0.00049103 -1.50000 10.00000 0.8547438383 2.4364686012    0.792  2.234  3.7011  1.859    7  0.000  0.525     0.00     0.00 -1    -1e-30      0.00 7.420e-01 2.575e-01 8.499e-05 2.505e-05 2.161e-04 -1.000 4.940e-04 -0.816 0.316 0.198 -0.553 -1.032 -1.481 -2.090 -2.586 -2.661
0.00049103 -1.50000 10.00000 0.8547598720 2.4364736080    0.792  2.269  3.6984  1.813    7  0.000  0.525     0.00     0.00 -1    -1e-30      0.00 7.420e-01 2.575e-01 8.499e-05 2.505e-05 2.161e-04 -1.000 4.941e-04 -0.903 0.271 0.134 -0.631 -1.116 -1.571 -2.188 -2.692 -2.767
0.00049103 -1.50000 10.00000 0.8547787070 2.4364790916    0.792  2.308  3.6955  1.763    7  0.000  0.525     0.00     0.00 -1    -1e-30      0.00 7.420e-01 2.575e-01 8.499e-05 2.505e-05 2.161e-04 -1.000 4.941e-04 -1.000 0.222 0.063 -0.718 -1.210 -1.670 -2.297 -2.809 -2.885
0.00049103 -1.50000 10.00000 0.8547967672 2.4364845753    0.792  2.349  3.6925  1.710    7  0.000  0.525     0.00     0.00 -1    -1e-30      0.00 7.420e-01 2.575e-01 8.499e-05 2.505e-05 2.161e-04 -1.000 4.941e-04 -1.102 0.169 -0.012 -0.809 -1.309 -1.775 -2.411 -2.931 -3.009
0.00049103 -1.50000 10.00000 0.8548129201 2.4364893436    0.792  2.390  3.6895  1.657    7  0.000  0.524     0.00     0.00 -1    -1e-30      0.00 7.420e-01 2.575e-01 8.499e-05 2.505e-05 2.161e-04 -1.000 4.941e-04 -1.205 0.118 -0.086 -0.900 -1.408 -1.879 -2.526 -3.054 -3.133
0.00049103 -1.50000 10.00000 0.8548273444 2.4364938736    0.792  2.431  3.6865  1.604    7  0.000  0.524     0.00     0.00 -1    -1e-30      0.00 7.420e-01 2.575e-01 8.496e-05 2.505e-05 2.161e-04 -1.000 4.941e-04 -1.308 0.070 -0.159 -0.990 -1.505 -1.983 -2.640 -3.178 -3.258
0.00049103 -1.50000 10.00000 0.8548401594 2.4364976883    0.792  2.472  3.6835  1.551    7  0.000  0.524     0.00     0.00 -1    -1e-30      0.00 7.420e-01 2.575e-01 8.486e-05 2.509e-05 2.161e-04 -1.000 4.941e-04 -1.410 0.081 -0.215 -1.086 -1.612 -2.093 -2.759 -3.305 -3.382
0.00049103 -1.50000 10.00000 0.8548518419 2.4365010262    0.792  2.513  3.6805  1.498    7  0.000  0.521     0.00     0.00 -1    -1e-30      0.00 7.420e-01 2.575e-01 8.450e-05 2.529e-05 2.161e-04 -1.000 4.940e-04 -1.513 0.019 -0.291 -1.174 -1.706 -2.195 -2.872 -3.427 -3.507
0.00049103 -1.50000 10.00000 0.8548622727 2.4365043640    0.792  2.554  3.6775  1.445    7  0.000  0.516     0.00     0.00 -1    -1e-30      0.00 7.420e-01 2.575e-01 8.358e-05 2.610e-05 2.161e-04 -1.000 4.941e-04 -1.616 0.009 -0.350 -1.263 -1.806 -2.301 -2.988 -3.551 -3.630
0.00049103 -1.50000 10.00000 0.8548718691 2.4365072250    0.792  2.595  3.6745  1.392    7  0.000  0.506     0.00     0.00 -1    -1e-30      0.00 7.419e-01 2.576e-01 8.198e-05 2.791e-05 2.161e-04 -1.000 4.940e-04 -1.718 0.007 -0.405 -1.351 -1.906 -2.407 -3.104 -3.675 -3.753
0.00049103 -1.50000 10.00000 0.8548805714 2.4365098476    0.792  2.636  3.6714  1.339    7  0.000  0.495     0.00     0.00 -1    -1e-30      0.00 7.418e-01 2.577e-01 8.026e-05 3.001e-05 2.161e-04 -1.000 4.938e-04 -1.820 0.012 -0.455 -1.438 -2.004 -2.512 -3.220 -3.799 -3.876
0.00049103 -1.50000 10.00000 0.8548887968 2.4365122318    0.793  2.677  3.6683  1.286    7  0.000  0.486     0.00     0.00 -1    -1e-30      0.00 7.417e-01 2.578e-01 7.872e-05 3.190e-05 2.161e-04 -1.000 4.938e-04 -1.922 0.027 -0.502 -1.522 -2.102 -2.617 -3.335 -3.922 -3.999
0.00049103 -1.50000 10.00000 0.8548965454 2.4365146160    0.793  2.717  3.6652  1.233    7  0.000  0.477     0.00     0.00 -1    -1e-30      0.00 7.417e-01 2.579e-01 7.728e-05 3.366e-05 2.161e-04 -1.000 4.940e-04 -2.023 0.050 -0.544 -1.604 -2.198 -2.720 -3.450 -4.045 -4.122
0.00049103 -1.50000 10.00000 0.8549040556 2.4365167618    0.793  2.758  3.6621  1.180    7  0.000  0.469     0.00     0.00 -1    -1e-30      0.00 7.416e-01 2.579e-01 7.610e-05 3.511e-05 2.161e-04 -1.000 4.934e-04 -2.124 0.082 -0.582 -1.685 -2.293 -2.823 -3.565 -4.168 -4.245
0.00049103 -1.50000 10.00000 0.8549113870 2.4365189075    0.793  2.798  3.6589  1.126    7  0.000  0.463     0.00     0.00 -1    -1e-30      0.00 7.415e-01 2.581e-01 7.506e-05 3.639e-05 2.161e-04 -1.000 4.929e-04 -2.226 0.125 -0.615 -1.765 -2.388 -2.927 -3.680 -4.292 -4.369
0.00049103 -1.50000 10.00000 0.8549180627 2.4365210533    0.793  2.840  3.6556  1.072    7  0.000  0.457     0.00     0.00 -1    -1e-30      0.00 7.414e-01 2.582e-01 7.412e-05 3.754e-05 2.161e-04 -1.000 4.941e-04 -2.330 0.146 -0.656 -1.843 -2.481 -3.029 -3.796 -4.418 -4.496
0.00049103 -1.50000 10.00000 0.8549242020 2.4365229607    0.793  2.881  3.6523  1.017    7  0.000  0.452     0.00     0.00 -1    -1e-30      0.00 7.412e-01 2.583e-01 7.331e-05 3.854e-05 2.160e-04 -1.000 4.941e-04 -2.433 0.156 -0.701 -1.920 -2.572 -3.129 -3.910 -4.543 -4.622
0.00049103 -1.50000 10.00000 0.8549296260 2.4365243912    0.793  2.924  3.6489  0.961    7  0.000  0.448     0.00     0.00 -1    -1e-30      0.00 7.411e-01 2.584e-01 7.261e-05 3.942e-05 2.159e-04 -1.000 4.941e-04 -2.539 0.177 -0.742 -1.997 -2.665 -3.232 -4.028 -4.672 -4.752
0.00049103 -1.50000 10.00000 0.8549337387 2.4365258217    0.793  2.966  3.6454  0.905    7  0.000  0.445     0.00     0.00 -1    -1e-30      0.00 7.410e-01 2.585e-01 7.202e-05 4.017e-05 2.157e-04 -1.000 4.941e-04 -2.644 0.207 -0.776 -2.069 -2.753 -3.332 -4.143 -4.798 -4.881
0.00049103 -1.50000 10.00000 0.8549373150 2.4365267754    0.793  3.006  3.6421  0.852    7  0.000  0.442     0.00     0.00 -1    -1e-30      0.00 7.409e-01 2.586e-01 7.155e-05 4.081e-05 2.155e-04 -1.000 4.941e-04 -2.744 0.239 -0.807 -2.137 -2.838 -3.428 -4.254 -4.920 -5.004
0.00049103 -1.50000 10.00000 0.8549407721 2.4365277290    0.793  3.047  3.6387  0.797    7  0.000  0.441     0.00     0.00 -1    -1e-30      0.00 7.408e-01 2.587e-01 7.117e-05 4.136e-05 2.153e-04 -1.000 4.940e-04 -2.847 0.277 -0.836 -2.205 -2.923 -3.524 -4.366 -5.043 -5.130
0.00049103 -1.50000 10.00000 0.8549439311 2.4365286827    0.793  3.096  3.6345  0.731    7  0.000  0.439     0.00     0.00 -1    -1e-30      0.00 7.407e-01 2.588e-01 7.087e-05 4.185e-05 2.151e-04 -1.000 4.941e-04 -2.970 0.326 -0.869 -2.284 -3.024 -3.639 -4.502 -5.193 -5.283
0.00049103 -1.50000 10.00000 0.8549467921 2.4365296364    0.793  3.160  3.6290  0.645    7  0.000  0.438     0.00     0.00 -1    -1e-30      0.00 7.406e-01 2.589e-01 7.064e-05 4.228e-05 2.149e-04 -1.000 4.940e-04 -3.131 0.395 -0.909 -2.385 -3.154 -3.789 -4.678 -5.388 -5.482
0.00049103 -1.50000 10.00000 0.8549469709 2.4365296364    0.793  3.184  3.6270  0.613    7  0.000  0.438     0.00     0.00 -1    -1e-30      0.00 7.406e-01 2.589e-01 7.063e-05 4.230e-05 2.149e-04 -1.000 4.941e-04 -3.189 0.423 -0.921 -2.419 -3.200 -3.842 -4.741 -5.459 -5.555
0.00049103 -1.50000 10.00000 0.8549471498 2.4365296364    0.793  3.220  3.6237  0.564    7  0.000  0.436     0.00     0.00 -1    -1e-30      0.00 7.403e-01 2.592e-01 6.990e-05 4.402e-05 2.138e-04 -1.000 4.941e-04 -3.279 0.471 -0.938 -2.471 -3.270 -3.923 -4.839 -5.569 -5.667
0.00049103 -1.50000 10.00000 0.8549475074 2.4365298748    0.793  3.266  3.6196  0.502    7  0.000  0.434     0.00     0.00 -1    -1e-30      0.00 7.401e-01 2.594e-01 6.931e-05 4.558e-05 2.128e-04 -1.000 4.941e-04 -3.394 0.535 -0.956 -2.536 -3.358 -4.027 -4.964 -5.709 -5.810
0.00049103 -1.50000 10.00000 0.8549480438 2.4365301132    0.793  3.306  3.6160  0.447    7  0.000  0.434     0.00     0.00 -1    -1e-30      0.00 7.400e-01 2.595e-01 6.904e-05 4.644e-05 2.122e-04 -1.000 4.940e-04 -3.494 0.600 -0.962 -2.585 -3.431 -4.116 -5.072 -5.830 -5.935
0.00049103 -1.50000 10.00000 0.8549482226 2.4365301132    0.793  3.309  3.6157  0.443    7  0.549  0.434     0.00     0.00 -1    -1e-30      0.00 7.400e-01 2.595e-01 6.902e-05 4.652e-05 2.121e-04 -1.000 4.941e-04 -3.503 0.605 -0.962 -2.589 -3.437 -4.123 -5.081 -5.840 -5.945
0.00049103 -1.50000 10.00000 0.8549483418 2.4365301132    0.793  3.414  3.6091  0.311    8  0.549  0.390    87.24    43.26  1 -1.06e-06      0.00 7.290e-01 2.706e-01 6.375e-05 5.931e-05 2.177e-04 -1.000 3.690e-04 -3.766 0.694 -1.020 -2.742 -3.644 -4.364 -5.362 -6.143 -6.257
0.00049103 -1.50000 10.00000 0.8549484015 2.4365301132    0.791  3.268  3.6195  0.498    8  0.549  0.390    58.27    30.50  1 -5.44e-07      0.00 7.290e-01 2.706e-01 6.375e-05 5.931e-05 2.177e-04 -1.000 3.690e-04 -3.400 0.536 -0.959 -2.540 -3.364 -4.032 -4.971 -5.715 -5.817
0.00049103 -1.50000 10.00000 0.8549484611 2.4365301132    0.790  3.129  3.6321  0.687    8  0.549  0.390    38.77    21.43  1 -2.83e-07      0.00 7.290e-01 2.706e-01 6.375e-05 5.931e-05 2.177e-04 -1.000 3.691e-04 -3.053 0.348 -0.897 -2.340 -3.094 -3.717 -4.591 -5.291 -5.382
0.00049103 -1.50000 10.00000 0.8549486399 2.4365301132    0.787  2.932  3.6501  0.955    8  0.549  0.390    21.77    12.99  1 -1.08e-07      0.00 7.290e-01 2.706e-01 6.375e-05 5.931e-05 2.177e-04 -1.000 3.690e-04 -2.559 0.133 -0.776 -2.025 -2.690 -3.254 -4.045 -4.684 -4.764
0.00049103 -1.50000 10.00000 0.8549489379 2.4365303516    0.782  2.937  3.6495  0.944    8  0.549  0.390    22.27    13.21  1 -1.13e-07      0.00 7.290e-01 2.706e-01 6.375e-05 5.931e-05 2.177e-04 -1.000 3.690e-04 -2.573 0.143 -0.777 -2.034 -2.701 -3.268 -4.061 -4.702 -4.782
0.00049103 -1.50000 10.00000 0.8549492359 2.4365303516    0.777  3.032  3.6407  0.811    8  0.550  0.390    29.68    16.88  1 -1.86e-07      0.00 7.290e-01 2.706e-01 6.375e-05 5.931e-05 2.177e-04 -1.000 3.690e-04 -2.810 0.249 -0.834 -2.187 -2.897 -3.492 -4.325 -4.995 -5.081
0.00049103 -1.50000 10.00000 0.8549495935 2.4365303516    0.770  3.183  3.6268  0.601    8  0.550  0.390    46.71    24.89  1 -3.97e-07      0.00 7.290e-01 2.706e-01 6.375e-05 5.931e-05 2.177e-04 -1.000 3.690e-04 -3.187 0.442 -0.911 -2.414 -3.197 -3.840 -4.740 -5.458 -5.554
0.00049103 -1.50000 10.00000 0.8549500704 2.4365305901    0.763  3.313  3.6147  0.418    8  0.550  0.390    69.34    34.85  1 -7.54e-07      0.00 7.290e-01 2.706e-01 6.375e-05 5.931e-05 2.177e-04 -1.000 3.690e-04 -3.513 0.654 -0.938 -2.581 -3.439 -4.130 -5.095 -5.857 -5.964
0.00049103 -1.50000 10.00000 0.8549505472 2.4365308285    0.754  3.399  3.6067  0.295    8  0.551  0.390    90.52    43.62  1 -1.16e-06      0.00 7.290e-01 2.706e-01 6.375e-05 5.931e-05 2.177e-04 -1.000 3.690e-04 -3.728 0.822 -0.928 -2.672 -3.587 -4.317 -5.328 -6.119 -6.235
0.00049103 -1.50000 10.00000 0.8549511433 2.4365308285    0.744  3.447  3.6022  0.224    8  0.551  0.390   105.63    49.50  1  -1.5e-06      0.00 7.290e-01 2.706e-01 6.375e-05 5.931e-05 2.177e-04 -1.000 3.690e-04 -3.847 0.924 -0.916 -2.717 -3.666 -4.419 -5.455 -6.263 -6.385
0.00049103 -1.50000 10.00000 0.8549517989 2.4365310669    0.734  3.471  3.5997  0.183    8  0.552  0.390   115.46    53.03  1 -1.75e-06      0.00 7.290e-01 2.706e-01 6.375e-05 5.931e-05 2.177e-04 -1.000 3.690e-04 -3.908 0.987 -0.902 -2.736 -3.704 -4.469 -5.521 -6.338 -6.464
0.00049103 -1.50000 10.00000 0.8549525142 2.4365313053    0.722  3.487  3.5984  0.155    8  0.552  0.390   122.91    55.44  0 -1.98e-06      0.00 7.290e-01 2.706e-01 6.375e-05 5.931e-05 2.177e-04 -1.000 3.690e-04 -3.948 1.022 -0.896 -2.750 -3.731 -4.504 -5.564 -6.386 -6.514
