Zini     MH   logAge Mini        int_IMF         Mass   logL    logTe  logg  label   McoreTP C_O  period0 period1 pmode  Mloss  tau1m   X   Y   Xc  Xn  Xo  Cexcess  Z 	 mbolmag  Umag    Bmag    Vmag    Rmag    Imag    Jmag    Hmag    Kmag
0.00049103 -1.50000 10.04139 0.0900000036 1.0816895962    0.090 -3.184  3.4749  5.427    1  0.000  0.545     0.00     0.00 -1 -5.31e-17      0.00 7.482e-01 2.513e-01 8.884e-05 2.397e-05 2.174e-04 -1.000 4.940e-04 12.729 20.156 17.406 15.404 13.695 12.059 10.741 10.431 10.329
0.00049103 -1.50000 10.04139 0.0957625136 1.1347014904    0.096 -3.013  3.4992  5.381    1  0.000  0.545     0.00     0.00 -1 -8.04e-17      0.00 7.472e-01 2.523e-01 8.884e-05 2.397e-05 2.174e-04 -1.000 4.940e-04 12.303 18.597 16.350 14.416 12.993 11.619 10.399 9.989 9.863
0.00049103 -1.50000 10.04139 0.1000000015 1.1711064577    0.100 -2.894  3.5162  5.349    1  0.000  0.545     0.00     0.00 -1 -1.07e-16      0.00 7.465e-01 2.530e-01 8.884e-05 2.397e-05 2.174e-04 -1.000 4.940e-04 12.005 17.603 15.659 13.811 12.527 11.316 10.159 9.698 9.556
0.00049103 -1.50000 10.04139 0.1199999973 1.3193154335    0.120 -2.608  3.5473  5.267    1  0.000  0.545     0.00     0.00 -1 -2.08e-16      0.00 7.441e-01 2.554e-01 8.884e-05 2.397e-05 2.174e-04 -1.000 4.941e-04 11.291 15.799 14.298 12.666 11.557 10.592 9.546 9.022 8.857
0.00049103 -1.50000 10.04139 0.1400000006 1.4384527206    0.140 -2.427  3.5626  5.214    1  0.000  0.545     0.00     0.00 -1 -3.11e-16      0.00 7.424e-01 2.571e-01 8.884e-05 2.397e-05 2.174e-04 -1.000 4.941e-04 10.838 14.884 13.563 12.045 11.003 10.136 9.142 8.599 8.423
0.00049103 -1.50000 10.04139 0.1599999964 1.5372931957    0.160 -2.286  3.5728  5.171    1  0.000  0.545     0.00     0.00 -1 -4.23e-16      0.00 7.410e-01 2.585e-01 8.884e-05 2.397e-05 2.174e-04 -1.000 4.941e-04 10.485 14.245 13.034 11.590 10.592 9.781 8.821 8.268 8.085
0.00049103 -1.50000 10.04139 0.2000000179 1.6938792467    0.200 -2.065  3.5861  5.100    1  0.000  0.545     0.00     0.00 -1 -6.81e-16      0.00 7.398e-01 2.597e-01 8.884e-05 2.397e-05 2.174e-04 -1.000 4.941e-04 9.933 13.350 12.271 10.919 9.980 9.227 8.309 7.746 7.557
0.00049103 -1.50000 10.04139 0.2500000298 1.8403259516    0.250 -1.860  3.5972  5.037    1  0.000  0.545     0.00     0.00 -1 -1.05e-15      0.00 7.397e-01 2.598e-01 8.883e-05 2.397e-05 2.174e-04 -1.000 4.941e-04 9.421 12.573 11.595 10.316 9.426 8.714 7.830 7.263 7.072
0.00049103 -1.50000 10.04139 0.3000000417 1.9529141188    0.300 -1.705  3.6057  4.994    1  0.000  0.545     0.00     0.00 -1 -1.44e-15      0.00 7.399e-01 2.596e-01 8.882e-05 2.397e-05 2.174e-04 -1.000 4.940e-04 9.031 11.996 11.088 9.861 9.007 8.321 7.463 6.895 6.708
0.00049103 -1.50000 10.04139 0.3185249567 1.9885908365    0.318 -1.656  3.6086  4.983    1  0.000  0.545     0.00     0.00 -1 -1.59e-15      0.00 7.399e-01 2.596e-01 8.881e-05 2.397e-05 2.174e-04 -1.000 4.941e-04 8.909 11.814 10.927 9.717 8.876 8.198 7.349 6.780 6.595
0.00049103 -1.50000 10.04139 0.3500000238 2.0434176922    0.350 -1.579  3.6131  4.965    1  0.000  0.545     0.00     0.00 -1 -1.85e-15      0.00 7.400e-01 2.595e-01 8.879e-05 2.397e-05 2.174e-04 -1.000 4.941e-04 8.717 11.531 10.677 9.492 8.669 8.004 7.168 6.598 6.418
0.00049103 -1.50000 10.04139 0.3984335065 2.1163387299    0.398 -1.441  3.6239  4.927    1  0.000  0.545     0.00     0.00 -1 -2.48e-15      0.00 7.500e-01 2.495e-01 8.884e-05 2.397e-05 2.174e-04 -1.000 4.940e-04 8.373 10.976 10.197 9.072 8.293 7.659 6.853 6.283 6.115
0.00049103 -1.50000 10.04139 0.4000000358 2.1185026169    0.400 -1.437  3.6242  4.926    1  0.000  0.545     0.00     0.00 -1  -2.5e-15      0.00 7.503e-01 2.492e-01 8.884e-05 2.397e-05 2.174e-04 -1.000 4.940e-04 8.362 10.960 10.183 9.060 8.282 7.648 6.843 6.274 6.106
0.00049103 -1.50000 10.04139 0.4500000179 2.1822810173    0.450 -1.264  3.6428  4.878    1  0.000  0.545     0.00     0.00 -1 -3.71e-15      0.00 7.504e-01 2.491e-01 8.884e-05 2.397e-05 2.174e-04 -1.000 4.942e-04 7.930 10.183 9.532 8.505 7.799 7.216 6.461 5.899 5.754
0.00049103 -1.50000 10.04139 0.4860439599 2.2228007317    0.486 -1.122  3.6615  4.845    1  0.000  0.545     0.00     0.00 -1 -5.14e-15      0.00 7.504e-01 2.491e-01 8.884e-05 2.397e-05 2.174e-04 -1.000 4.941e-04 7.576 9.488 8.975 8.038 7.400 6.864 6.160 5.621 5.496
0.00049103 -1.50000 10.04139 0.5000000000 2.2374541759    0.500 -1.070  3.6684  4.833    1  0.000  0.545     0.00     0.00 -1  -5.8e-15      0.00 7.504e-01 2.491e-01 8.884e-05 2.397e-05 2.174e-04 -1.000 4.940e-04 7.445 9.229 8.774 7.868 7.255 6.736 6.052 5.524 5.405
0.00049103 -1.50000 10.04139 0.5500000715 2.2836585045    0.550 -0.860  3.6932  4.763    1  0.000  0.544     0.00     0.00 -1 -9.72e-15      0.00 7.821e-01 2.176e-01 7.831e-05 2.114e-05 1.918e-04 -1.000 3.986e-04 6.920 8.266 8.025 7.221 6.689 6.220 5.612 5.137 5.038
0.00049103 -1.50000 10.04139 0.6000000238 2.3211214542    0.600 -0.655  3.7202  4.704    1  0.000  0.544     0.00     0.00 -1 -1.59e-14      0.00 7.920e-01 2.076e-01 7.514e-05 2.030e-05 1.842e-04 -1.000 3.959e-04 6.409 7.359 7.324 6.618 6.156 5.734 5.205 4.789 4.706
0.00049103 -1.50000 10.04139 0.6135761738 2.3300893307    0.613 -0.598  3.7284  4.689    1  0.000  0.544     0.00     0.00 -1 -1.83e-14      0.00 7.952e-01 2.044e-01 7.414e-05 2.003e-05 1.818e-04 -1.000 4.162e-04 6.265 7.112 7.129 6.454 6.010 5.602 5.095 4.696 4.618
0.00049103 -1.50000 10.04139 0.6269606352 2.3384947777    0.627 -0.541  3.7365  4.674    1  0.000  0.543     0.00     0.00 -1  -2.1e-14      0.00 7.985e-01 2.011e-01 7.310e-05 1.975e-05 1.794e-04 -1.000 3.953e-04 6.122 6.879 6.941 6.295 5.868 5.473 4.986 4.602 4.530
0.00049103 -1.50000 10.04139 0.6384178400 2.3453688622    0.638 -0.492  3.7432  4.660    1  0.000  0.543     0.00     0.00 -1 -2.37e-14      0.00 8.014e-01 1.982e-01 7.218e-05 1.950e-05 1.771e-04 -1.000 3.953e-04 5.999 6.686 6.782 6.161 5.747 5.363 4.893 4.520 4.453
0.00049103 -1.50000 10.04139 0.6495046020 2.3517558575    0.649 -0.444  3.7497  4.645    1  0.000  0.543     0.00     0.00 -1 -2.66e-14      0.00 8.044e-01 1.952e-01 7.125e-05 1.926e-05 1.749e-04 -1.000 3.958e-04 5.880 6.503 6.630 6.031 5.631 5.257 4.802 4.440 4.377
0.00049103 -1.50000 10.04139 0.6499999762 2.3520355225    0.650 -0.442  3.7500  4.645    1  0.000  0.543     0.00     0.00 -1 -2.68e-14      0.00 8.045e-01 1.951e-01 7.120e-05 1.925e-05 1.748e-04 -1.000 3.953e-04 5.875 6.495 6.623 6.026 5.626 5.253 4.798 4.436 4.374
0.00049103 -1.50000 10.04139 0.6621353030 2.3587334156    0.662 -0.389  3.7565  4.626    1  0.000  0.543     0.00     0.00 -1 -3.06e-14      0.00 8.087e-01 1.909e-01 6.991e-05 1.890e-05 1.717e-04 -1.000 3.951e-04 5.743 6.303 6.459 5.886 5.500 5.137 4.698 4.345 4.288
0.00049103 -1.50000 10.04139 0.6755147576 2.3657982349    0.675 -0.330  3.7634  4.603    1  0.000  0.542     0.00     0.00 -1 -3.56e-14      0.00 8.135e-01 1.861e-01 6.838e-05 1.850e-05 1.681e-04 -1.000 3.961e-04 5.595 6.096 6.278 5.731 5.359 5.008 4.584 4.241 4.189
0.00049103 -1.50000 10.04139 0.6879004836 2.3720574379    0.688 -0.275  3.7696  4.581    1  0.000  0.542     0.00     0.00 -1 -4.12e-14      0.00 8.183e-01 1.813e-01 6.687e-05 1.809e-05 1.645e-04 -1.000 3.946e-04 5.457 5.910 6.112 5.587 5.228 4.887 4.476 4.141 4.094
0.00049103 -1.50000 10.04139 0.6992781162 2.3775832653    0.699 -0.222  3.7752  4.558    1  0.000  0.542     0.00     0.00 -1 -4.72e-14      0.00 8.230e-01 1.766e-01 6.539e-05 1.770e-05 1.609e-04 -1.000 3.777e-04 5.326 5.741 5.958 5.453 5.105 4.772 4.373 4.046 4.004
0.00049103 -1.50000 10.04139 0.6999999881 2.3779268265    0.700 -0.219  3.7756  4.556    1  0.000  0.542     0.00     0.00 -1 -4.77e-14      0.00 8.233e-01 1.763e-01 6.530e-05 1.767e-05 1.607e-04 -1.000 3.721e-04 5.318 5.730 5.948 5.444 5.097 4.765 4.366 4.040 3.998
0.00049103 -1.50000 10.04139 0.7099633217 2.3825874329    0.710 -0.172  3.7802  4.533    1  0.000  0.540     0.00     0.00 -1 -5.42e-14      0.00 8.288e-01 1.709e-01 6.340e-05 1.721e-05 1.566e-04 -1.000 2.960e-04 5.199 5.580 5.809 5.323 4.984 4.660 4.271 3.951 3.914
0.00049103 -1.50000 10.04139 0.7204451561 2.3873310089    0.720 -0.120  3.7849  4.507    1  0.000  0.538     0.00     0.00 -1 -6.24e-14      0.00 8.347e-01 1.650e-01 6.140e-05 1.672e-05 1.523e-04 -1.000 2.972e-04 5.070 5.427 5.662 5.192 4.862 4.546 4.167 3.853 3.819
0.00049103 -1.50000 10.04139 0.7303256392 2.3916594982    0.730 -0.070  3.7892  4.480    1  0.000  0.536     0.00     0.00 -1 -7.19e-14      0.00 8.403e-01 1.594e-01 5.957e-05 1.626e-05 1.482e-04 -1.000 2.967e-04 4.944 5.280 5.519 5.063 4.742 4.433 4.062 3.755 3.724
0.00049103 -1.50000 10.04139 0.7389973998 2.3953487873    0.739 -0.023  3.7929  4.453    1  0.000  0.534     0.00     0.00 -1 -8.19e-14      0.00 8.450e-01 1.547e-01 5.803e-05 1.589e-05 1.449e-04 -1.000 2.965e-04 4.828 5.148 5.388 4.945 4.630 4.327 3.965 3.664 3.635
0.00049103 -1.50000 10.04139 0.7475591302 2.3988950253    0.747  0.025  3.7964  4.424    1  0.000  0.532     0.00     0.00 -1  -9.4e-14      0.00 8.495e-01 1.502e-01 5.662e-05 1.555e-05 1.419e-04 -1.000 3.001e-04 4.707 5.014 5.253 4.822 4.515 4.217 3.862 3.567 3.541
0.00049103 -1.50000 10.04139 0.7500000000 2.3998889923    0.749  0.039  3.7974  4.415    1  0.000  0.532     0.00     0.00 -1 -9.78e-14      0.00 8.508e-01 1.489e-01 5.623e-05 1.545e-05 1.411e-04 -1.000 2.961e-04 4.673 4.975 5.215 4.787 4.481 4.185 3.833 3.539 3.514
0.00049103 -1.50000 10.04139 0.7507473230 2.4001917839    0.750  0.043  3.7977  4.413    1  0.000  0.531     0.00     0.00 -1  -9.9e-14      0.00 8.510e-01 1.487e-01 5.620e-05 1.545e-05 1.410e-04 -1.000 2.961e-04 4.662 4.964 5.203 4.776 4.471 4.176 3.823 3.531 3.505
0.00049103 -1.50000 10.04139 0.7590893507 2.4035258293    0.758  0.093  3.8010  4.381    1  0.000  0.531     0.00     0.00 -1 -1.15e-13      0.00 8.532e-01 1.465e-01 5.584e-05 1.536e-05 1.402e-04 -1.000 2.964e-04 4.537 4.827 5.064 4.648 4.350 4.060 3.715 3.428 3.405
0.00049103 -1.50000 10.04139 0.7670497298 2.4066293240    0.766  0.144  3.8040  4.346    1  0.000  0.530     0.00     0.00 -1 -1.33e-13      0.00 8.551e-01 1.446e-01 5.556e-05 1.529e-05 1.397e-04 -1.000 2.974e-04 4.409 4.691 4.924 4.518 4.226 3.941 3.603 3.322 3.300
0.00049103 -1.50000 10.04139 0.7743867636 2.4094252586    0.774  0.194  3.8067  4.311    1  0.000  0.530     0.00     0.00 -1 -1.55e-13      0.00 8.567e-01 1.430e-01 5.534e-05 1.523e-05 1.392e-04 -1.000 2.970e-04 4.285 4.560 4.788 4.390 4.104 3.824 3.492 3.216 3.196
0.00049103 -1.50000 10.04139 0.7811017036 2.4119310379    0.780  0.243  3.8089  4.275    1  0.000  0.529     0.00     0.00 -1  -1.8e-13      0.00 8.580e-01 1.417e-01 5.516e-05 1.519e-05 1.389e-04 -1.000 2.961e-04 4.163 4.433 4.656 4.266 3.984 3.708 3.381 3.110 3.091
0.00049103 -1.50000 10.04139 0.7872460485 2.4141809940    0.786  0.290  3.8106  4.238    1  0.000  0.529     0.00     0.00 -1 -2.09e-13      0.00 8.588e-01 1.408e-01 5.510e-05 1.518e-05 1.388e-04 -1.000 3.348e-04 4.044 4.312 4.529 4.145 3.866 3.594 3.271 3.003 2.984
0.00049103 -1.50000 10.04139 0.7929695845 2.4162406921    0.792  0.338  3.8117  4.198    1  0.000  0.529     0.00     0.00 -1 -2.43e-13      0.00 8.586e-01 1.410e-01 5.533e-05 1.524e-05 1.394e-04 -1.000 3.695e-04 3.926 4.194 4.404 4.024 3.749 3.479 3.158 2.893 2.874
0.00049103 -1.50000 10.04139 0.7968908548 2.4176323414    0.796  0.371  3.8123  4.169    1  0.000  0.529     0.00     0.00 -1  -2.7e-13      0.00 8.583e-01 1.413e-01 5.554e-05 1.530e-05 1.400e-04 -1.000 3.881e-04 3.843 4.110 4.317 3.940 3.665 3.396 3.077 2.813 2.795
0.00049103 -1.50000 10.04139 0.7984494567 2.4181811810    0.797  0.386  3.8122  4.155    1  0.000  0.529     0.00     0.00 -1 -2.85e-13      0.00 8.581e-01 1.415e-01 5.565e-05 1.533e-05 1.403e-04 -1.000 3.911e-04 3.806 4.075 4.280 3.902 3.628 3.359 3.039 2.776 2.758
0.00049103 -1.50000 10.04139 0.8000000119 2.4187245369    0.799  0.401  3.8119  4.139    1  0.000  0.529     0.00     0.00 -1 -3.01e-13      0.00 8.579e-01 1.417e-01 5.575e-05 1.536e-05 1.405e-04 -1.000 3.940e-04 3.767 4.038 4.241 3.863 3.589 3.320 2.999 2.735 2.717
0.00049103 -1.50000 10.04139 0.8043827415 2.4202477932    0.803  0.445  3.8109  4.093    1  0.000  0.529     0.00     0.00 -1 -3.48e-13      0.00 8.565e-01 1.432e-01 5.627e-05 1.550e-05 1.418e-04 -1.000 3.942e-04 3.656 3.931 4.131 3.752 3.476 3.206 2.883 2.618 2.599
0.00049103 -1.50000 10.04139 0.8089883327 2.4218277931    0.808  0.500  3.8076  4.028    1  0.000  0.529     0.00     0.00 -1 -4.23e-13      0.00 8.550e-01 1.446e-01 5.682e-05 1.565e-05 1.432e-04 -1.000 3.944e-04 3.520 3.807 4.004 3.617 3.336 3.060 2.730 2.459 2.439
0.00049103 -1.50000 10.04139 0.8097674251 2.4220931530    0.808  0.510  3.8067  4.014    1  0.000  0.529     0.00     0.00 -1 -4.44e-13      0.00 8.547e-01 1.449e-01 5.691e-05 1.568e-05 1.434e-04 -1.000 3.945e-04 3.495 3.785 3.981 3.592 3.309 3.032 2.700 2.428 2.407
0.00049103 -1.50000 10.04139 0.8104813099 2.4223356247    0.809  0.520  3.8055  3.999    1  0.000  0.529     0.00     0.00 -1 -4.62e-13      0.00 8.545e-01 1.451e-01 5.700e-05 1.570e-05 1.437e-04 -1.000 3.944e-04 3.469 3.763 3.959 3.567 3.282 3.003 2.668 2.393 2.372
0.00049103 -1.50000 10.04139 0.8128806949 2.4231472015    0.811  0.557  3.8005  3.945    2  0.000  0.529     0.00     0.00 -1 -5.31e-13      0.00 8.537e-01 1.459e-01 5.728e-05 1.578e-05 1.444e-04 -1.000 3.945e-04 3.379 3.690 3.884 3.479 3.186 2.900 2.553 2.269 2.245
0.00049103 -1.50000 10.04139 0.8147097230 2.4237623215    0.813  0.588  3.7948  3.892    2  0.000  0.529     0.00     0.00 -1 -6.05e-13      0.00 8.531e-01 1.465e-01 5.750e-05 1.584e-05 1.449e-04 -1.000 3.947e-04 3.301 3.635 3.827 3.406 3.102 2.807 2.447 2.153 2.126
0.00049103 -1.50000 10.04139 0.8161371946 2.4242401123    0.815  0.615  3.7878  3.837    2  0.000  0.529     0.00     0.00 -1 -6.86e-13      0.00 8.526e-01 1.470e-01 5.766e-05 1.588e-05 1.453e-04 -1.000 3.947e-04 3.232 3.594 3.784 3.342 3.026 2.720 2.344 2.037 2.006
0.00049103 -1.50000 10.04139 0.8172856569 2.4246230125    0.816  0.639  3.7807  3.786    2  0.000  0.530     0.00     0.00 -1 -7.69e-13      0.00 8.418e-01 1.578e-01 6.109e-05 1.682e-05 1.537e-04 -1.000 3.885e-04 3.173 3.568 3.753 3.290 2.960 2.643 2.251 1.930 1.895
0.00049103 -1.50000 10.04139 0.8182421327 2.4249410629    0.817  0.659  3.7734  3.736    2  0.000  0.531     0.00     0.00 -1 -8.53e-13      0.00 8.243e-01 1.753e-01 6.633e-05 1.823e-05 1.664e-04 -1.000 3.745e-04 3.122 3.556 3.732 3.246 2.903 2.573 2.164 1.830 1.791
0.00049103 -1.50000 10.04139 0.8190754652 2.4252173901    0.817  0.679  3.7663  3.689    2  0.000  0.533     0.00     0.00 -1 -9.42e-13      0.00 8.049e-01 1.947e-01 7.192e-05 1.973e-05 1.798e-04 -1.000 3.990e-04 3.073 3.548 3.715 3.205 2.848 2.507 2.082 1.735 1.691
0.00049103 -1.50000 10.04139 0.8198443055 2.4254717827    0.818  0.701  3.7594  3.639    2  0.000  0.535     0.00     0.00 -1 -1.05e-12      0.00 7.888e-01 2.108e-01 7.649e-05 2.095e-05 1.906e-04 -1.000 4.191e-04 3.018 3.537 3.692 3.159 2.790 2.437 1.995 1.636 1.587
0.00049103 -1.50000 10.04139 0.8206160665 2.4257266521    0.819  0.730  3.7525  3.583    2  0.000  0.536     0.00     0.00 -1 -1.19e-12      0.00 7.783e-01 2.213e-01 7.947e-05 2.174e-05 1.977e-04 -1.000 4.433e-04 2.945 3.513 3.653 3.096 2.714 2.350 1.892 1.520 1.467
0.00049103 -1.50000 10.04139 0.8212196827 2.4259254932    0.819  0.761  3.7478  3.534    2  0.000  0.536     0.00     0.00 -1 -1.36e-12      0.00 7.729e-01 2.266e-01 8.097e-05 2.214e-05 2.014e-04 -1.000 4.509e-04 2.867 3.470 3.598 3.025 2.634 2.263 1.793 1.414 1.357
0.00049103 -1.50000 10.04139 0.8218171000 2.4261221886    0.820  0.798  3.7438  3.481    2  0.000  0.536     0.00     0.00 -1 -1.58e-12      0.00 7.691e-01 2.305e-01 8.204e-05 2.243e-05 2.039e-04 -1.000 3.961e-04 2.774 3.408 3.526 2.939 2.541 2.163 1.683 1.296 1.237
0.00049103 -1.50000 10.04139 0.8220072985 2.4261846542    0.820  0.813  3.7428  3.462    2  0.000  0.537     0.00     0.00 -1 -1.66e-12      0.00 7.681e-01 2.314e-01 8.227e-05 2.249e-05 2.045e-04 -1.000 4.282e-04 2.738 3.379 3.494 2.904 2.504 2.124 1.642 1.253 1.193
0.00049103 -1.50000 10.04139 0.8225176930 2.4263522625    0.821  0.854  3.7403  3.412    3  0.000  0.537     0.00     0.00 -1 -1.93e-12      0.00 7.657e-01 2.338e-01 8.283e-05 2.264e-05 2.058e-04 -1.000 4.829e-04 2.636 3.296 3.404 2.807 2.402 2.018 1.530 1.136 1.074
0.00049103 -1.50000 10.04139 0.8230758905 2.4265351295    0.821  0.902  3.7380  3.354    3  0.000  0.537     0.00     0.00 -1 -2.31e-12      0.00 7.634e-01 2.361e-01 8.333e-05 2.277e-05 2.070e-04 -1.000 4.676e-04 2.514 3.196 3.295 2.690 2.281 1.893 1.398 0.998 0.935
0.00049103 -1.50000 10.04139 0.8235498667 2.4266903400    0.821  0.947  3.7361  3.302    3  0.000  0.537     0.00     0.00 -1 -2.71e-12      0.00 7.615e-01 2.380e-01 8.368e-05 2.287e-05 2.078e-04 -1.000 4.673e-04 2.402 3.101 3.193 2.581 2.169 1.779 1.278 0.873 0.810
0.00049103 -1.50000 10.04139 0.8240027428 2.4268383980    0.822  0.993  3.7344  3.249    3  0.000  0.537     0.00     0.00 -1  -3.2e-12      0.00 7.597e-01 2.398e-01 8.395e-05 2.295e-05 2.085e-04 -1.000 4.941e-04 2.287 3.002 3.087 2.470 2.055 1.662 1.155 0.747 0.683
0.00049103 -1.50000 10.04139 0.8244627118 2.4269886017    0.822  1.043  3.7328  3.193    3  0.000  0.536     0.00     0.00 -1 -3.84e-12      0.00 7.579e-01 2.416e-01 8.415e-05 2.303e-05 2.091e-04 -1.000 4.770e-04 2.162 2.891 2.970 2.348 1.930 1.534 1.023 0.609 0.545
0.00049103 -1.50000 10.04139 0.8248854876 2.4271266460    0.823  1.093  3.7312  3.137    3  0.000  0.536     0.00     0.00 -1 -4.59e-12      0.00 7.562e-01 2.433e-01 8.423e-05 2.311e-05 2.096e-04 -1.000 4.693e-04 2.037 2.781 2.854 2.226 1.806 1.408 0.891 0.474 0.408
0.00049103 -1.50000 10.04139 0.8252649903 2.4272501469    0.823  1.142  3.7296  3.082    3  0.000  0.534     0.00     0.00 -1 -5.46e-12      0.00 7.546e-01 2.449e-01 8.417e-05 2.323e-05 2.100e-04 -1.000 4.669e-04 1.916 2.673 2.741 2.109 1.686 1.285 0.764 0.342 0.276
0.00049103 -1.50000 10.04139 0.8255968094 2.4273581505    0.823  1.187  3.7282  3.031    3  0.000  0.533     0.00     0.00 -1 -6.44e-12      0.00 7.532e-01 2.463e-01 8.399e-05 2.341e-05 2.103e-04 -1.000 4.643e-04 1.801 2.572 2.634 1.998 1.572 1.169 0.643 0.218 0.151
0.00049103 -1.50000 10.04139 0.8259200454 2.4274632931    0.823  1.236  3.7267  2.976    3  0.000  0.530     0.00     0.00 -1 -7.67e-12      0.00 7.519e-01 2.476e-01 8.367e-05 2.370e-05 2.105e-04 -1.000 4.927e-04 1.680 2.466 2.521 1.880 1.452 1.046 0.515 0.086 0.019
0.00049103 -1.50000 10.04139 0.8262301087 2.4275639057    0.823  1.287  3.7251  2.919    3  0.000  0.527     0.00     0.00 -1 -9.21e-12      0.00 7.508e-01 2.487e-01 8.322e-05 2.412e-05 2.107e-04 -1.000 4.766e-04 1.552 2.356 2.403 1.756 1.325 0.917 0.381 -0.053 -0.120
0.00049103 -1.50000 10.04139 0.8264901042 2.4276483059    0.824  1.334  3.7236  2.866    3  0.000  0.524     0.00     0.00 -1 -1.09e-11      0.00 7.499e-01 2.496e-01 8.278e-05 2.458e-05 2.109e-04 -1.000 4.623e-04 1.436 2.255 2.295 1.643 1.209 0.799 0.259 -0.179 -0.247
0.00049103 -1.50000 10.04139 0.8267272115 2.4277253151    0.824  1.380  3.7220  2.814    3  0.000  0.521     0.00     0.00 -1 -1.29e-11      0.00 7.492e-01 2.504e-01 8.236e-05 2.504e-05 2.110e-04 -1.000 4.907e-04 1.321 2.155 2.189 1.531 1.095 0.682 0.137 -0.304 -0.373
0.00049103 -1.50000 10.04139 0.8269502521 2.4277975559    0.824  1.427  3.7204  2.761    3  0.000  0.518     0.00     0.00 -1 -1.52e-11      0.00 7.486e-01 2.509e-01 8.198e-05 2.546e-05 2.111e-04 -1.000 4.786e-04 1.203 2.054 2.081 1.417 0.978 0.562 0.013 -0.433 -0.502
0.00049103 -1.50000 10.04139 0.8271473646 2.4278614521    0.824  1.472  3.7188  2.709    3  0.000  0.516     0.00     0.00 -1  -1.8e-11      0.00 7.482e-01 2.513e-01 8.171e-05 2.578e-05 2.111e-04 -1.000 4.707e-04 1.090 1.958 1.978 1.308 0.866 0.448 -0.107 -0.557 -0.627
0.00049103 -1.50000 10.04139 0.8273348212 2.4279220104    0.824  1.519  3.7171  2.655    3  0.000  0.515     0.00     0.00 -1 -2.13e-11      0.00 7.479e-01 2.516e-01 8.150e-05 2.602e-05 2.112e-04 -1.000 4.826e-04 0.973 1.859 1.871 1.195 0.750 0.329 -0.232 -0.687 -0.757
0.00049103 -1.50000 10.04139 0.8275001049 2.4279756546    0.824  1.564  3.7154  2.603    3  0.000  0.514     0.00     0.00 -1 -2.51e-11      0.00 7.477e-01 2.518e-01 8.137e-05 2.619e-05 2.112e-04 -1.000 4.941e-04 0.859 1.764 1.768 1.086 0.638 0.214 -0.352 -0.811 -0.882
0.00049103 -1.50000 10.04139 0.8276472092 2.4280230999    0.824  1.608  3.7137  2.553    3  0.000  0.513     0.00     0.00 -1 -2.94e-11      0.00 7.476e-01 2.519e-01 8.130e-05 2.627e-05 2.113e-04 -1.000 4.940e-04 0.750 1.673 1.670 0.982 0.530 0.103 -0.468 -0.932 -1.004
0.00049103 -1.50000 10.04139 0.8277873397 2.4280683994    0.824  1.653  3.7120  2.500    3  0.000  0.513     0.00     0.00 -1 -3.47e-11      0.00 7.475e-01 2.520e-01 8.128e-05 2.630e-05 2.113e-04 -1.000 4.940e-04 0.637 1.578 1.568 0.873 0.419 -0.012 -0.588 -1.057 -1.129
0.00049103 -1.50000 10.04139 0.8279141784 2.4281094074    0.824  1.698  3.7102  2.448    3  0.000  0.513     0.00     0.00 -1 -4.08e-11      0.00 7.475e-01 2.520e-01 8.127e-05 2.631e-05 2.113e-04 -1.000 4.940e-04 0.525 1.490 1.469 0.766 0.308 -0.126 -0.707 -1.180 -1.253
0.00049103 -1.50000 10.04139 0.8280258775 2.4281456470    0.824  1.741  3.7084  2.399    3  0.000  0.513     0.00     0.00 -1 -4.77e-11      0.00 7.475e-01 2.520e-01 8.126e-05 2.632e-05 2.113e-04 -1.000 4.941e-04 0.419 1.408 1.375 0.664 0.202 -0.234 -0.821 -1.298 -1.372
0.00049103 -1.50000 10.04139 0.8281285167 2.4281787872    0.823  1.783  3.7066  2.349    3  0.000  0.513     0.00     0.00 -1 -5.56e-11      0.00 7.475e-01 2.520e-01 8.126e-05 2.633e-05 2.113e-04 -1.000 4.941e-04 0.313 1.327 1.282 0.563 0.098 -0.342 -0.934 -1.415 -1.490
0.00049103 -1.50000 10.04139 0.8282277584 2.4282107353    0.823  1.827  3.7047  2.297    3  0.000  0.513     0.00     0.00 -1 -6.53e-11      0.00 7.475e-01 2.520e-01 8.125e-05 2.633e-05 2.113e-04 -1.000 4.941e-04 0.203 1.244 1.186 0.458 -0.012 -0.454 -1.052 -1.538 -1.614
0.00049103 -1.50000 10.04139 0.8283147216 2.4282388687    0.823  1.869  3.7029  2.248    3  0.000  0.513     0.00     0.00 -1 -7.61e-11      0.00 7.475e-01 2.520e-01 8.125e-05 2.634e-05 2.113e-04 -1.000 4.942e-04 0.099 1.165 1.096 0.360 -0.114 -0.560 -1.163 -1.654 -1.730
0.00049103 -1.50000 10.04139 0.8283946514 2.4282646179    0.823  1.910  3.7011  2.200    3  0.000  0.513     0.00     0.00 -1 -8.85e-11      0.00 7.475e-01 2.520e-01 8.125e-05 2.634e-05 2.113e-04 -1.000 4.941e-04 -0.004 1.089 1.007 0.262 -0.216 -0.665 -1.273 -1.769 -1.845
0.00049103 -1.50000 10.04139 0.8284703493 2.4282891750    0.823  1.951  3.6991  2.151    3  0.000  0.513     0.00     0.00 -1 -1.03e-10      0.00 7.475e-01 2.520e-01 8.124e-05 2.635e-05 2.113e-04 -1.000 4.941e-04 -0.108 1.013 0.919 0.165 -0.318 -0.771 -1.385 -1.885 -1.963
0.00049103 -1.50000 10.04139 0.8285369873 2.4283106327    0.822  1.990  3.6974  2.105    3  0.000  0.513     0.00     0.00 -1 -1.19e-10      0.00 7.475e-01 2.520e-01 8.124e-05 2.635e-05 2.113e-04 -1.000 4.941e-04 -0.204 0.944 0.837 0.075 -0.412 -0.868 -1.488 -1.993 -2.071
0.00049103 -1.50000 10.04139 0.8286011219 2.4283313751    0.822  2.026  3.6956  2.061    3  0.000  0.513     0.00     0.00 -1 -1.36e-10      0.00 7.475e-01 2.520e-01 8.124e-05 2.636e-05 2.113e-04 -1.000 4.941e-04 -0.296 0.878 0.760 -0.012 -0.502 -0.962 -1.587 -2.097 -2.176
0.00049103 -1.50000 10.04139 0.8286677003 2.4283528328    0.822  2.059  3.6941  2.022    3  0.000  0.513     0.00     0.00 -1 -1.54e-10      0.00 7.475e-01 2.520e-01 8.123e-05 2.636e-05 2.113e-04 -1.000 4.941e-04 -0.377 0.820 0.691 -0.087 -0.581 -1.044 -1.674 -2.188 -2.267
0.00049103 -1.50000 10.04139 0.8287272453 2.4283719063    0.821  2.083  3.6930  1.994    3  0.000  0.513     0.00     0.00 -1 -1.68e-10      0.00 7.475e-01 2.520e-01 8.123e-05 2.637e-05 2.113e-04 -1.000 4.941e-04 -0.437 0.778 0.641 -0.143 -0.640 -1.104 -1.738 -2.255 -2.334
0.00049103 -1.50000 10.04139 0.8287783265 2.4283883572    0.821  2.065  3.6942  2.016    3  0.000  0.513     0.00     0.00 -1 -1.59e-10      0.00 7.475e-01 2.520e-01 8.123e-05 2.637e-05 2.113e-04 -1.000 4.940e-04 -0.393 0.803 0.674 -0.104 -0.598 -1.060 -1.690 -2.204 -2.283
0.00049103 -1.50000 10.04139 0.8287851214 2.4283907413    0.821  2.063  3.6943  2.019    3  0.000  0.513     0.00     0.00 -1 -1.57e-10      0.00 7.475e-01 2.520e-01 8.123e-05 2.637e-05 2.113e-04 -1.000 4.941e-04 -0.388 0.807 0.679 -0.099 -0.592 -1.054 -1.683 -2.197 -2.276
0.00049103 -1.50000 10.04139 0.8288189769 2.4284014702    0.821  2.090  3.6931  1.987    3  0.000  0.513     0.00     0.00 -1 -1.72e-10      0.00 7.475e-01 2.520e-01 8.122e-05 2.637e-05 2.113e-04 -1.000 4.941e-04 -0.454 0.761 0.624 -0.161 -0.657 -1.121 -1.755 -2.272 -2.351
0.00049103 -1.50000 10.04139 0.8288703561 2.4284181595    0.820  2.132  3.6909  1.935    3  0.000  0.513     0.00     0.00 -1 -2.01e-10      0.00 7.475e-01 2.520e-01 8.122e-05 2.638e-05 2.113e-04 -1.000 4.941e-04 -0.560 0.693 0.537 -0.259 -0.761 -1.229 -1.870 -2.393 -2.473
0.00049103 -1.50000 10.04139 0.8289182186 2.4284336567    0.820  2.174  3.6887  1.884    3  0.000  0.513     0.00     0.00 -1 -2.35e-10      0.00 7.475e-01 2.520e-01 8.122e-05 2.638e-05 2.113e-04 -1.000 4.941e-04 -0.666 0.627 0.452 -0.357 -0.864 -1.337 -1.985 -2.515 -2.596
0.00049103 -1.50000 10.04139 0.8289623260 2.4284477234    0.819  2.216  3.6865  1.833    3  0.000  0.513     0.00     0.00 -1 -2.74e-10      0.00 7.475e-01 2.521e-01 8.122e-05 2.638e-05 2.113e-04 -1.000 4.941e-04 -0.771 0.563 0.368 -0.453 -0.965 -1.442 -2.099 -2.635 -2.717
0.00049103 -1.50000 10.04139 0.8290011287 2.4284603596    0.819  2.256  3.6843  1.784    3  0.000  0.513     0.00     0.00 -1 -3.18e-10      0.00 7.475e-01 2.521e-01 8.122e-05 2.639e-05 2.113e-04 -1.000 4.941e-04 -0.870 0.533 0.298 -0.547 -1.066 -1.546 -2.209 -2.752 -2.832
0.00049103 -1.50000 10.04139 0.8290388584 2.4284725189    0.818  2.298  3.6821  1.734    3  0.000  0.513     0.00     0.00 -1 -3.71e-10      0.00 7.474e-01 2.521e-01 8.121e-05 2.639e-05 2.113e-04 -1.000 4.940e-04 -0.974 0.495 0.223 -0.644 -1.170 -1.653 -2.324 -2.873 -2.952
0.00049103 -1.50000 10.04139 0.8290721178 2.4284832478    0.818  2.337  3.6799  1.685    3  0.000  0.513     0.00     0.00 -1  -4.3e-10      0.00 7.474e-01 2.521e-01 8.121e-05 2.639e-05 2.113e-04 -1.000 4.941e-04 -1.072 0.465 0.157 -0.734 -1.267 -1.754 -2.432 -2.988 -3.066
0.00049103 -1.50000 10.04139 0.8291043639 2.4284934998    0.817  2.377  3.6777  1.636    3  0.000  0.513     0.00     0.00 -1 -4.99e-10      0.00 7.474e-01 2.521e-01 8.121e-05 2.639e-05 2.113e-04 -1.000 4.941e-04 -1.173 0.434 0.087 -0.826 -1.367 -1.858 -2.544 -3.106 -3.183
0.00049103 -1.50000 10.04139 0.8291329741 2.4285027981    0.816  2.416  3.6753  1.587    3  0.000  0.513     0.00     0.00 -1 -5.77e-10      0.00 7.474e-01 2.521e-01 8.121e-05 2.640e-05 2.113e-04 -1.000 4.941e-04 -1.270 0.412 0.026 -0.912 -1.462 -1.958 -2.651 -3.219 -3.296
0.00049103 -1.50000 10.04139 0.8291662931 2.4285135269    0.815  2.464  3.6725  1.527    3  0.000  0.513     0.00     0.00 -1 -6.92e-10      0.00 7.474e-01 2.521e-01 8.121e-05 2.640e-05 2.113e-04 -1.000 4.941e-04 -1.391 0.387 -0.050 -1.021 -1.580 -2.082 -2.784 -3.360 -3.436
0.00049103 -1.50000 10.04139 0.8291959167 2.4285230637    0.814  2.511  3.6696  1.468    3  0.000  0.513     0.00     0.00 -1 -8.24e-10      0.00 7.474e-01 2.521e-01 8.121e-05 2.640e-05 2.113e-04 -1.000 4.940e-04 -1.508 0.324 -0.135 -1.120 -1.688 -2.197 -2.910 -3.496 -3.574
0.00049103 -1.50000 10.04139 0.8292191625 2.4285304546    0.813  2.551  3.6673  1.419    3  0.000  0.513     0.00     0.00 -1 -9.57e-10      0.00 7.474e-01 2.521e-01 8.120e-05 2.640e-05 2.113e-04 -1.000 4.941e-04 -1.606 0.314 -0.192 -1.205 -1.783 -2.297 -3.019 -3.611 -3.689
0.00049103 -1.50000 10.04139 0.8292439580 2.4285385609    0.812  2.596  3.6644  1.362    3  0.000  0.513     0.00     0.00 -1 -1.13e-09      0.00 7.474e-01 2.521e-01 8.120e-05 2.640e-05 2.113e-04 -1.000 4.941e-04 -1.719 0.316 -0.251 -1.300 -1.891 -2.412 -3.144 -3.744 -3.821
0.00049103 -1.50000 10.04139 0.8292637467 2.4285447598    0.811  2.634  3.6620  1.313    3  0.000  0.512     0.00     0.00 -1 -1.31e-09      0.00 7.474e-01 2.521e-01 8.120e-05 2.641e-05 2.113e-04 -1.000 4.941e-04 -1.816 0.320 -0.300 -1.382 -1.983 -2.511 -3.252 -3.858 -3.935
0.00049103 -1.50000 10.04139 0.8292846084 2.4285516739    0.810  2.678  3.6591  1.257    3  0.000  0.512     0.00     0.00 -1 -1.55e-09      0.00 7.474e-01 2.521e-01 8.120e-05 2.641e-05 2.113e-04 -1.000 4.941e-04 -1.925 0.339 -0.348 -1.472 -2.087 -2.622 -3.374 -3.988 -4.064
0.00049103 -1.50000 10.04139 0.8293046355 2.4285581112    0.808  2.723  3.6561  1.199    3  0.000  0.512     0.00     0.00 -1 -1.84e-09      0.00 7.474e-01 2.521e-01 8.120e-05 2.641e-05 2.113e-04 -1.000 4.941e-04 -2.038 0.345 -0.403 -1.562 -2.190 -2.733 -3.498 -4.121 -4.198
0.00049103 -1.50000 10.04139 0.8293232918 2.4285640717    0.807  2.769  3.6531  1.140    3  0.000  0.512     0.00     0.00 -1 -2.19e-09      0.00 7.474e-01 2.521e-01 8.120e-05 2.641e-05 2.113e-04 -1.000 4.941e-04 -2.152 0.338 -0.462 -1.652 -2.293 -2.845 -3.622 -4.255 -4.334
0.00049103 -1.50000 10.04139 0.8293395042 2.4285693169    0.805  2.811  3.6502  1.085    3  0.000  0.512     0.00     0.00 -1 -2.58e-09      0.00 7.474e-01 2.521e-01 8.120e-05 2.641e-05 2.113e-04 -1.000 4.941e-04 -2.259 0.336 -0.516 -1.735 -2.389 -2.949 -3.738 -4.380 -4.460
0.00049103 -1.50000 10.04139 0.8293553591 2.4285743237    0.803  2.856  3.6471  1.027    3  0.000  0.512     0.00     0.00 -1 -3.05e-09      0.00 7.474e-01 2.521e-01 8.120e-05 2.641e-05 2.113e-04 -1.000 4.940e-04 -2.370 0.335 -0.571 -1.821 -2.488 -3.057 -3.859 -4.511 -4.593
0.00049103 -1.50000 10.04139 0.8293691278 2.4285788536    0.801  2.898  3.6442  0.972    3  0.000  0.512     0.00     0.00 -1 -3.58e-09      0.00 7.474e-01 2.521e-01 8.120e-05 2.641e-05 2.113e-04 -1.000 4.941e-04 -2.474 0.346 -0.616 -1.897 -2.579 -3.157 -3.973 -4.634 -4.718
0.00049103 -1.50000 10.04139 0.8293825388 2.4285831451    0.798  2.941  3.6412  0.916    3  0.000  0.512     0.00     0.00 -1 -4.23e-09      0.00 7.474e-01 2.521e-01 8.120e-05 2.641e-05 2.113e-04 -1.000 4.941e-04 -2.582 0.365 -0.659 -1.976 -2.672 -3.261 -4.090 -4.761 -4.847
0.00049103 -1.50000 10.04139 0.8293949962 2.4285871983    0.796  2.984  3.6381  0.859    3  0.000  0.512     0.00     0.00 -1    -5e-09      0.00 7.474e-01 2.521e-01 8.120e-05 2.641e-05 2.113e-04 -1.000 4.941e-04 -2.690 0.391 -0.697 -2.051 -2.765 -3.364 -4.208 -4.889 -4.977
0.00049103 -1.50000 10.04139 0.8294059038 2.4285905361    0.793  3.024  3.6351  0.805    3  0.000  0.512     0.00     0.00 -1 -5.85e-09      0.00 7.474e-01 2.521e-01 8.120e-05 2.641e-05 2.113e-04 -1.000 4.941e-04 -2.791 0.420 -0.730 -2.119 -2.849 -3.459 -4.318 -5.009 -5.099
0.00049103 -1.50000 10.04139 0.8294165134 2.4285941124    0.790  3.066  3.6322  0.750    3  0.000  0.512     0.00     0.00 -1 -6.87e-09      0.00 7.474e-01 2.521e-01 8.119e-05 2.642e-05 2.113e-04 -1.000 4.941e-04 -2.895 0.445 -0.767 -2.191 -2.937 -3.558 -4.430 -5.132 -5.223
0.00049103 -1.50000 10.04139 0.8294264674 2.4285972118    0.787  3.108  3.6290  0.694    3  0.000  0.512     0.00     0.00 -1 -8.08e-09      0.00 7.474e-01 2.521e-01 8.119e-05 2.642e-05 2.113e-04 -1.000 4.941e-04 -2.999 0.479 -0.799 -2.259 -3.023 -3.655 -4.543 -5.255 -5.349
0.00049103 -1.50000 10.04139 0.8294354677 2.4286000729    0.783  3.148  3.6260  0.640    3  0.000  0.512     0.00     0.00 -1 -9.46e-09      0.00 7.474e-01 2.521e-01 8.119e-05 2.642e-05 2.113e-04 -1.000 4.941e-04 -3.099 0.511 -0.829 -2.324 -3.105 -3.748 -4.651 -5.374 -5.470
0.00049103 -1.50000 10.04139 0.8294444680 2.4286029339    0.779  3.190  3.6230  0.583    3  0.000  0.512     0.00     0.00 -1 -1.12e-08      0.00 7.474e-01 2.521e-01 8.119e-05 2.642e-05 2.113e-04 -1.000 4.941e-04 -3.205 0.545 -0.862 -2.393 -3.192 -3.846 -4.765 -5.498 -5.597
0.00049103 -1.50000 10.04139 0.8294525146 2.4286055565    0.774  3.230  3.6200  0.529    3  0.000  0.512     0.00     0.00 -1 -1.31e-08      0.00 7.474e-01 2.521e-01 8.119e-05 2.642e-05 2.113e-04 -1.000 4.941e-04 -3.305 0.584 -0.888 -2.456 -3.273 -3.938 -4.873 -5.616 -5.718
0.00049103 -1.50000 10.04139 0.8294602633 2.4286081791    0.769  3.270  3.6170  0.474    3  0.000  0.512     0.00     0.00 -1 -1.53e-08      0.00 7.474e-01 2.521e-01 8.119e-05 2.642e-05 2.113e-04 -1.000 4.941e-04 -3.405 0.628 -0.907 -2.514 -3.351 -4.030 -4.980 -5.734 -5.838
0.00049103 -1.50000 10.04139 0.8294667602 2.4286103249    0.764  3.302  3.6147  0.430    3  0.000  0.512     0.00     0.00 -1 -1.75e-08      0.00 7.474e-01 2.521e-01 8.119e-05 2.642e-05 2.113e-04 -1.000 4.941e-04 -3.485 0.667 -0.919 -2.557 -3.412 -4.103 -5.066 -5.828 -5.935
0.00049103 -1.50000 10.04139 0.8294667602 2.4286103249    0.764  1.741  3.7602  2.573    4  0.000  0.525     0.00     0.00 -1    -1e-30      0.00 7.422e-01 2.573e-01 8.499e-05 2.500e-05 2.160e-04 -1.000 4.941e-04 0.418 0.967 1.045 0.541 0.184 -0.160 -0.606 -0.965 -1.009
0.00049103 -1.50000 10.04139 0.8295152783 2.4286258221    0.764  1.759  3.7583  2.547    4  0.000  0.525     0.00     0.00 -1    -1e-30      0.00 7.422e-01 2.573e-01 8.499e-05 2.500e-05 2.160e-04 -1.000 4.941e-04 0.373 0.935 1.010 0.499 0.139 -0.209 -0.660 -1.023 -1.068
0.00049103 -1.50000 10.04139 0.8295646906 2.4286417961    0.764  1.762  3.7581  2.544    4  0.000  0.525     0.00     0.00 -1    -1e-30      0.00 7.422e-01 2.573e-01 8.499e-05 2.500e-05 2.160e-04 -1.000 4.941e-04 0.366 0.929 1.004 0.492 0.132 -0.216 -0.667 -1.031 -1.076
0.00049103 -1.50000 10.04139 0.8296148777 2.4286577702    0.764  1.763  3.7583  2.544    4  0.000  0.525     0.00     0.00 -1    -1e-30      0.00 7.422e-01 2.573e-01 8.499e-05 2.500e-05 2.160e-04 -1.000 4.941e-04 0.363 0.924 0.999 0.489 0.129 -0.219 -0.669 -1.033 -1.078
0.00049103 -1.50000 10.04139 0.8296645284 2.4286737442    0.765  1.763  3.7588  2.545    4  0.000  0.525     0.00     0.00 -1    -1e-30      0.00 7.422e-01 2.573e-01 8.499e-05 2.500e-05 2.160e-04 -1.000 4.941e-04 0.361 0.920 0.995 0.486 0.127 -0.220 -0.669 -1.031 -1.076
0.00049103 -1.50000 10.04139 0.8297159672 2.4286904335    0.765  1.764  3.7595  2.548    4  0.000  0.525     0.00     0.00 -1    -1e-30      0.00 7.422e-01 2.573e-01 8.499e-05 2.500e-05 2.160e-04 -1.000 4.941e-04 0.361 0.915 0.990 0.484 0.127 -0.219 -0.666 -1.027 -1.071
0.00049103 -1.50000 10.04139 0.8297659755 2.4287064075    0.765  1.763  3.7604  2.552    4  0.000  0.525     0.00     0.00 -1    -1e-30      0.00 7.422e-01 2.573e-01 8.499e-05 2.500e-05 2.160e-04 -1.000 4.941e-04 0.362 0.911 0.986 0.483 0.128 -0.216 -0.662 -1.020 -1.064
0.00049103 -1.50000 10.04139 0.8298198581 2.4287238121    0.765  1.763  3.7615  2.557    4  0.000  0.525     0.00     0.00 -1    -1e-30      0.00 7.422e-01 2.573e-01 8.499e-05 2.500e-05 2.160e-04 -1.000 4.942e-04 0.363 0.907 0.982 0.483 0.129 -0.213 -0.655 -1.011 -1.055
0.00049103 -1.50000 10.04139 0.8298705816 2.4287400246    0.765  1.762  3.7626  2.562    4  0.000  0.525     0.00     0.00 -1    -1e-30      0.00 7.422e-01 2.573e-01 8.499e-05 2.500e-05 2.160e-04 -1.000 4.941e-04 0.366 0.904 0.978 0.483 0.132 -0.208 -0.648 -1.001 -1.044
0.00049103 -1.50000 10.04139 0.8299229145 2.4287569523    0.765  1.761  3.7638  2.568    4  0.000  0.525     0.00     0.00 -1    -1e-30      0.00 7.422e-01 2.573e-01 8.499e-05 2.500e-05 2.160e-04 -1.000 4.941e-04 0.368 0.900 0.974 0.483 0.134 -0.204 -0.640 -0.991 -1.033
0.00049103 -1.50000 10.04139 0.8299725056 2.4287729263    0.765  1.760  3.7650  2.574    4  0.000  0.525     0.00     0.00 -1    -1e-30      0.00 7.422e-01 2.573e-01 8.499e-05 2.500e-05 2.160e-04 -1.000 4.941e-04 0.370 0.897 0.970 0.483 0.136 -0.199 -0.633 -0.981 -1.022
0.00049103 -1.50000 10.04139 0.8300264478 2.4287900925    0.765  1.759  3.7661  2.579    4  0.000  0.525     0.00     0.00 -1    -1e-30      0.00 7.422e-01 2.573e-01 8.499e-05 2.500e-05 2.160e-04 -1.000 4.941e-04 0.372 0.893 0.966 0.483 0.138 -0.195 -0.626 -0.971 -1.012
0.00049103 -1.50000 10.04139 0.8300806284 2.4288074970    0.765  1.758  3.7672  2.584    4  0.000  0.525     0.00     0.00 -1    -1e-30      0.00 7.422e-01 2.573e-01 8.499e-05 2.500e-05 2.160e-04 -1.000 4.941e-04 0.374 0.889 0.962 0.482 0.140 -0.192 -0.619 -0.962 -1.002
0.00049103 -1.50000 10.04139 0.8301320672 2.4288241863    0.765  1.758  3.7681  2.588    4  0.000  0.525     0.00     0.00 -1    -1e-30      0.00 7.422e-01 2.573e-01 8.499e-05 2.500e-05 2.160e-04 -1.000 4.941e-04 0.376 0.886 0.958 0.482 0.142 -0.188 -0.614 -0.954 -0.994
0.00049103 -1.50000 10.04139 0.8301833272 2.4288406372    0.765  1.757  3.7689  2.592    4  0.000  0.525     0.00     0.00 -1    -1e-30      0.00 7.422e-01 2.573e-01 8.499e-05 2.500e-05 2.160e-04 -1.000 4.941e-04 0.376 0.883 0.955 0.481 0.142 -0.186 -0.610 -0.948 -0.988
0.00049103 -1.50000 10.04139 0.8301892877 2.4288425446    0.765  1.757  3.7689  2.592    4  0.000  0.525     0.00     0.00 -1    -1e-30      0.00 7.422e-01 2.573e-01 8.499e-05 2.500e-05 2.160e-04 -1.000 4.941e-04 0.376 0.882 0.955 0.481 0.143 -0.186 -0.609 -0.948 -0.987
0.00049103 -1.50000 10.04139 0.8301947117 2.4288442135    0.765  1.757  3.7690  2.592    4  0.000  0.525     0.00     0.00 -1    -1e-30      0.00 7.422e-01 2.573e-01 8.499e-05 2.500e-05 2.160e-04 -1.000 4.941e-04 0.376 0.882 0.954 0.481 0.143 -0.186 -0.609 -0.947 -0.987
0.00049103 -1.50000 10.04139 0.8302442431 2.4288601875    0.765  1.758  3.7694  2.594    4  0.000  0.525     0.00     0.00 -1    -1e-30      0.00 7.422e-01 2.573e-01 8.499e-05 2.500e-05 2.160e-04 -1.000 4.941e-04 0.376 0.880 0.952 0.480 0.142 -0.186 -0.607 -0.945 -0.984
0.00049103 -1.50000 10.04139 0.8302963376 2.4288768768    0.765  1.758  3.7696  2.594    4  0.000  0.525     0.00     0.00 -1    -1e-30      0.00 7.422e-01 2.573e-01 8.499e-05 2.500e-05 2.160e-04 -1.000 4.941e-04 0.375 0.877 0.950 0.478 0.141 -0.186 -0.608 -0.945 -0.984
0.00049103 -1.50000 10.04139 0.8303481936 2.4288935661    0.765  1.759  3.7696  2.593    4  0.000  0.525     0.00     0.00 -1    -1e-30      0.00 7.422e-01 2.573e-01 8.499e-05 2.500e-05 2.160e-04 -1.000 4.941e-04 0.373 0.876 0.948 0.476 0.139 -0.188 -0.610 -0.947 -0.986
0.00049103 -1.50000 10.04139 0.8303996325 2.4289100170    0.765  1.760  3.7692  2.590    4  0.000  0.525     0.00     0.00 -1    -1e-30      0.00 7.422e-01 2.573e-01 8.499e-05 2.500e-05 2.160e-04 -1.000 4.941e-04 0.370 0.875 0.947 0.474 0.136 -0.192 -0.615 -0.953 -0.992
0.00049103 -1.50000 10.04139 0.8304493427 2.4289259911    0.765  1.761  3.7687  2.587    4  0.000  0.525     0.00     0.00 -1    -1e-30      0.00 7.422e-01 2.573e-01 8.499e-05 2.500e-05 2.160e-04 -1.000 4.941e-04 0.366 0.874 0.946 0.472 0.132 -0.197 -0.620 -0.960 -0.999
0.00049103 -1.50000 10.04139 0.8304997087 2.4289422035    0.765  1.764  3.7677  2.581    4  0.000  0.525     0.00     0.00 -1    -1e-30      0.00 7.422e-01 2.573e-01 8.499e-05 2.500e-05 2.160e-04 -1.000 4.941e-04 0.361 0.873 0.946 0.468 0.127 -0.204 -0.630 -0.972 -1.012
0.00049103 -1.50000 10.04139 0.8305510283 2.4289586544    0.766  1.766  3.7667  2.575    4  0.000  0.525     0.00     0.00 -1    -1e-30      0.00 7.422e-01 2.573e-01 8.499e-05 2.500e-05 2.160e-04 -1.000 4.942e-04 0.355 0.873 0.945 0.464 0.121 -0.211 -0.640 -0.984 -1.025
0.00049103 -1.50000 10.04139 0.8305758238 2.4289665222    0.766  1.767  3.7663  2.572    4  0.000  0.525     0.00     0.00 -1    -1e-30      0.00 7.422e-01 2.573e-01 8.499e-05 2.500e-05 2.160e-04 -1.000 4.940e-04 0.352 0.872 0.944 0.462 0.118 -0.215 -0.645 -0.990 -1.031
0.00049103 -1.50000 10.04139 0.8305833936 2.4289689064    0.766  1.768  3.7660  2.570    4  0.000  0.525     0.00     0.00 -1    -1e-30      0.00 7.422e-01 2.573e-01 8.499e-05 2.500e-05 2.160e-04 -1.000 4.941e-04 0.351 0.872 0.945 0.461 0.117 -0.217 -0.648 -0.993 -1.034
0.00049103 -1.50000 10.04139 0.8306280375 2.4289832115    0.766  1.771  3.7645  2.561    4  0.000  0.525     0.00     0.00 -1    -1e-30      0.00 7.422e-01 2.573e-01 8.499e-05 2.500e-05 2.160e-04 -1.000 4.942e-04 0.343 0.872 0.945 0.456 0.109 -0.228 -0.662 -1.011 -1.053
0.00049103 -1.50000 10.04139 0.8306716681 2.4289972782    0.766  1.774  3.7630  2.552    4  0.000  0.525     0.00     0.00 -1    -1e-30      0.00 7.422e-01 2.573e-01 8.499e-05 2.500e-05 2.160e-04 -1.000 4.942e-04 0.335 0.872 0.945 0.451 0.100 -0.239 -0.678 -1.030 -1.073
0.00049103 -1.50000 10.04139 0.8307182193 2.4290122986    0.766  1.778  3.7614  2.541    4  0.000  0.525     0.00     0.00 -1    -1e-30      0.00 7.422e-01 2.573e-01 8.499e-05 2.500e-05 2.160e-04 -1.000 4.942e-04 0.325 0.870 0.943 0.444 0.090 -0.252 -0.694 -1.051 -1.094
0.00049103 -1.50000 10.04139 0.8307625651 2.4290263653    0.766  1.782  3.7598  2.531    4  0.000  0.525     0.00     0.00 -1    -1e-30      0.00 7.422e-01 2.573e-01 8.499e-05 2.500e-05 2.160e-04 -1.000 4.941e-04 0.315 0.868 0.942 0.437 0.080 -0.265 -0.712 -1.071 -1.116
0.00049103 -1.50000 10.04139 0.8308050632 2.4290401936    0.766  1.786  3.7583  2.521    4  0.000  0.525     0.00     0.00 -1    -1e-30      0.00 7.422e-01 2.573e-01 8.499e-05 2.500e-05 2.160e-04 -1.000 4.941e-04 0.304 0.867 0.940 0.429 0.070 -0.278 -0.729 -1.092 -1.137
0.00049103 -1.50000 10.04139 0.8308489323 2.4290542603    0.766  1.791  3.7568  2.510    4  0.000  0.525     0.00     0.00 -1    -1e-30      0.00 7.422e-01 2.573e-01 8.499e-05 2.500e-05 2.160e-04 -1.000 4.941e-04 0.292 0.865 0.937 0.421 0.058 -0.292 -0.747 -1.114 -1.160
0.00049103 -1.50000 10.04139 0.8308919668 2.4290678501    0.766  1.796  3.7553  2.499    4  0.000  0.525     0.00     0.00 -1    -1e-30      0.00 7.422e-01 2.573e-01 8.499e-05 2.500e-05 2.160e-04 -1.000 4.941e-04 0.280 0.861 0.933 0.412 0.046 -0.307 -0.766 -1.136 -1.183
0.00049103 -1.50000 10.04139 0.8309354782 2.4290819168    0.766  1.801  3.7538  2.488    4  0.000  0.525     0.00     0.00 -1    -1e-30      0.00 7.422e-01 2.573e-01 8.499e-05 2.500e-05 2.160e-04 -1.000 4.941e-04 0.267 0.858 0.928 0.402 0.033 -0.323 -0.785 -1.159 -1.207
0.00049103 -1.50000 10.04139 0.8309790492 2.4290959835    0.766  1.807  3.7523  2.476    4  0.000  0.525     0.00     0.00 -1    -1e-30      0.00 7.422e-01 2.573e-01 8.499e-05 2.500e-05 2.160e-04 -1.000 4.941e-04 0.252 0.852 0.922 0.390 0.018 -0.341 -0.807 -1.184 -1.233
0.00049103 -1.50000 10.04139 0.8310229778 2.4291100502    0.766  1.815  3.7503  2.460    4  0.000  0.525     0.00     0.00 -1    -1e-30      0.00 7.422e-01 2.573e-01 8.499e-05 2.500e-05 2.160e-04 -1.000 4.942e-04 0.232 0.845 0.913 0.374 -0.002 -0.364 -0.836 -1.217 -1.267
0.00049103 -1.50000 10.04139 0.8310316801 2.4291126728    0.766  1.817  3.7500  2.457    4  0.000  0.525     0.00     0.00 -1    -1e-30      0.00 7.422e-01 2.573e-01 8.499e-05 2.500e-05 2.160e-04 -1.000 4.941e-04 0.227 0.843 0.910 0.370 -0.007 -0.369 -0.842 -1.224 -1.274
0.00049103 -1.50000 10.04139 0.8310766816 2.4291272163    0.766  1.829  3.7474  2.435    4  0.000  0.525     0.00     0.00 -1    -1e-30      0.00 7.422e-01 2.573e-01 8.499e-05 2.500e-05 2.160e-04 -1.000 4.941e-04 0.198 0.832 0.896 0.346 -0.036 -0.403 -0.882 -1.269 -1.321
0.00049103 -1.50000 10.04139 0.8311210275 2.4291412830    0.766  1.845  3.7443  2.407    4  0.000  0.525     0.00     0.00 -1    -1e-30      0.00 7.422e-01 2.573e-01 8.499e-05 2.500e-05 2.160e-04 -1.000 4.942e-04 0.158 0.814 0.874 0.313 -0.075 -0.448 -0.935 -1.329 -1.382
0.00049103 -1.50000 10.04139 0.8311582804 2.4291532040    0.766  1.878  3.7384  2.350    4  0.000  0.525     0.00     0.00 -1    -1e-30      0.00 7.422e-01 2.573e-01 8.499e-05 2.500e-05 2.160e-04 -1.000 4.941e-04 0.076 0.776 0.825 0.242 -0.157 -0.540 -1.042 -1.449 -1.506
0.00049103 -1.50000 10.04139 0.8311785460 2.4291598797    0.766  1.916  3.7324  2.287    4  0.000  0.525     0.00     0.00 -1    -1e-30      0.00 7.422e-01 2.573e-01 8.499e-05 2.500e-05 2.160e-04 -1.000 4.941e-04 -0.021 0.735 0.765 0.158 -0.254 -0.647 -1.166 -1.586 -1.646
0.00049103 -1.50000 10.04139 0.8311876655 2.4291627407    0.766  1.956  3.7269  2.226    4  0.000  0.525     0.00     0.00 -1    -1e-30      0.00 7.422e-01 2.573e-01 8.499e-05 2.500e-05 2.160e-04 -1.000 4.941e-04 -0.121 0.690 0.701 0.071 -0.352 -0.755 -1.288 -1.721 -1.784
0.00049103 -1.50000 10.04139 0.8311917186 2.4291639328    0.766  1.994  3.7222  2.169    4  0.000  0.525     0.00     0.00 -1    -1e-30      0.00 7.422e-01 2.573e-01 8.499e-05 2.500e-05 2.160e-04 -1.000 4.941e-04 -0.216 0.643 0.636 -0.014 -0.446 -0.857 -1.403 -1.846 -1.911
0.00049103 -1.50000 10.04139 0.8311936855 2.4291646481    0.766  2.030  3.7183  2.118    4  0.000  0.525     0.00     0.00 -1    -1e-30      0.00 7.422e-01 2.573e-01 8.499e-05 2.500e-05 2.160e-04 -1.000 4.941e-04 -0.305 0.597 0.574 -0.093 -0.533 -0.951 -1.508 -1.960 -2.027
0.00049103 -1.50000 10.04139 0.8311944604 2.4291648865    0.766  2.050  3.7162  2.089    7  0.000  0.525     0.00     0.00 -1    -1e-30      0.00 7.422e-01 2.573e-01 8.499e-05 2.500e-05 2.160e-04 -1.000 4.941e-04 -0.356 0.571 0.538 -0.138 -0.583 -1.004 -1.568 -2.025 -2.093
0.00049103 -1.50000 10.04139 0.8311950564 2.4291651249    0.766  2.074  3.7141  2.057    7  0.000  0.525     0.00     0.00 -1    -1e-30      0.00 7.422e-01 2.573e-01 8.499e-05 2.500e-05 2.160e-04 -1.000 4.942e-04 -0.415 0.537 0.495 -0.192 -0.641 -1.066 -1.635 -2.098 -2.167
0.00049103 -1.50000 10.04139 0.8311961889 2.4291653633    0.766  2.120  3.7102  1.995    7  0.000  0.525     0.00     0.00 -1    -1e-30      0.00 7.422e-01 2.573e-01 8.499e-05 2.500e-05 2.160e-04 -1.000 4.941e-04 -0.530 0.470 0.408 -0.296 -0.754 -1.186 -1.766 -2.239 -2.309
0.00049103 -1.50000 10.04139 0.8311971426 2.4291658401    0.766  2.153  3.7075  1.951    7  0.000  0.525     0.00     0.00 -1    -1e-30      0.00 7.422e-01 2.573e-01 8.499e-05 2.500e-05 2.160e-04 -1.000 4.941e-04 -0.613 0.425 0.347 -0.371 -0.835 -1.272 -1.860 -2.339 -2.411
0.00049103 -1.50000 10.04139 0.8311980963 2.4291660786    0.766  2.181  3.7054  1.915    7  0.000  0.525     0.00     0.00 -1    -1e-30      0.00 7.422e-01 2.573e-01 8.499e-05 2.500e-05 2.160e-04 -1.000 4.941e-04 -0.683 0.387 0.294 -0.434 -0.903 -1.345 -1.940 -2.425 -2.497
0.00049103 -1.50000 10.04139 0.8312003016 2.4291667938    0.766  2.190  3.7048  1.903    7  0.000  0.525     0.00     0.00 -1    -1e-30      0.00 7.422e-01 2.573e-01 8.499e-05 2.500e-05 2.160e-04 -1.000 4.941e-04 -0.706 0.373 0.276 -0.455 -0.926 -1.368 -1.965 -2.451 -2.524
0.00049103 -1.50000 10.04139 0.8312022090 2.4291672707    0.766  2.172  3.7063  1.928    7  0.000  0.525     0.00     0.00 -1    -1e-30      0.00 7.422e-01 2.573e-01 8.499e-05 2.500e-05 2.160e-04 -1.000 4.941e-04 -0.660 0.397 0.310 -0.414 -0.881 -1.320 -1.913 -2.395 -2.467
0.00049103 -1.50000 10.04139 0.8312093019 2.4291696548    0.766  2.143  3.7085  1.965    7  0.000  0.525     0.00     0.00 -1    -1e-30      0.00 7.422e-01 2.573e-01 8.499e-05 2.500e-05 2.160e-04 -1.000 4.941e-04 -0.588 0.435 0.363 -0.350 -0.811 -1.246 -1.832 -2.308 -2.380
0.00049103 -1.50000 10.04139 0.8312395811 2.4291794300    0.766  2.173  3.7058  1.925    7  0.000  0.525     0.00     0.00 -1    -1e-30      0.00 7.422e-01 2.573e-01 8.499e-05 2.500e-05 2.160e-04 -1.000 4.941e-04 -0.663 0.400 0.311 -0.415 -0.883 -1.323 -1.918 -2.401 -2.473
0.00049103 -1.50000 10.04139 0.8312578201 2.4291851521    0.766  2.210  3.7028  1.875    7  0.000  0.525     0.00     0.00 -1    -1e-30      0.00 7.422e-01 2.573e-01 8.499e-05 2.500e-05 2.160e-04 -1.000 4.940e-04 -0.756 0.353 0.243 -0.499 -0.974 -1.420 -2.023 -2.515 -2.589
0.00049103 -1.50000 10.04139 0.8312721252 2.4291896820    0.766  2.244  3.7001  1.830    7  0.000  0.525     0.00     0.00 -1    -1e-30      0.00 7.422e-01 2.573e-01 8.499e-05 2.500e-05 2.160e-04 -1.000 4.941e-04 -0.841 0.308 0.181 -0.575 -1.057 -1.508 -2.120 -2.618 -2.693
0.00049103 -1.50000 10.04139 0.8312888145 2.4291951656    0.766  2.283  3.6972  1.781    7  0.000  0.525     0.00     0.00 -1    -1e-30      0.00 7.422e-01 2.573e-01 8.499e-05 2.500e-05 2.160e-04 -1.000 4.941e-04 -0.936 0.260 0.111 -0.660 -1.149 -1.606 -2.227 -2.734 -2.810
0.00049103 -1.50000 10.04139 0.8313048482 2.4292001724    0.766  2.323  3.6941  1.728    7  0.000  0.525     0.00     0.00 -1    -1e-30      0.00 7.422e-01 2.573e-01 8.499e-05 2.500e-05 2.160e-04 -1.000 4.942e-04 -1.038 0.208 0.037 -0.751 -1.247 -1.710 -2.341 -2.856 -2.933
0.00049103 -1.50000 10.04139 0.8313192129 2.4292049408    0.766  2.364  3.6911  1.675    7  0.000  0.525     0.00     0.00 -1    -1e-30      0.00 7.422e-01 2.573e-01 8.499e-05 2.500e-05 2.160e-04 -1.000 4.935e-04 -1.140 0.157 -0.036 -0.841 -1.345 -1.813 -2.455 -2.978 -3.057
0.00049103 -1.50000 10.04139 0.8313319683 2.4292089939    0.766  2.404  3.6881  1.623    7  0.000  0.525     0.00     0.00 -1    -1e-30      0.00 7.422e-01 2.573e-01 8.498e-05 2.500e-05 2.160e-04 -1.000 4.936e-04 -1.241 0.109 -0.108 -0.930 -1.441 -1.916 -2.567 -3.100 -3.180
0.00049103 -1.50000 10.04139 0.8313433528 2.4292125702    0.766  2.445  3.6851  1.570    7  0.000  0.524     0.00     0.00 -1    -1e-30      0.00 7.422e-01 2.573e-01 8.492e-05 2.501e-05 2.160e-04 -1.000 4.934e-04 -1.343 0.091 -0.172 -1.023 -1.543 -2.022 -2.683 -3.225 -3.303
0.00049103 -1.50000 10.04139 0.8313536644 2.4292159081    0.766  2.486  3.6821  1.517    7  0.000  0.523     0.00     0.00 -1    -1e-30      0.00 7.422e-01 2.573e-01 8.471e-05 2.510e-05 2.160e-04 -1.000 4.936e-04 -1.446 0.096 -0.228 -1.117 -1.648 -2.132 -2.802 -3.352 -3.428
0.00049103 -1.50000 10.04139 0.8313630223 2.4292187691    0.766  2.528  3.6791  1.463    7  0.000  0.519     0.00     0.00 -1    -1e-30      0.00 7.422e-01 2.573e-01 8.408e-05 2.555e-05 2.160e-04 -1.000 4.941e-04 -1.549 0.030 -0.305 -1.203 -1.741 -2.233 -2.915 -3.474 -3.553
0.00049103 -1.50000 10.04139 0.8313714862 2.4292216301    0.766  2.569  3.6760  1.410    7  0.000  0.511     0.00     0.00 -1    -1e-30      0.00 7.422e-01 2.573e-01 8.274e-05 2.692e-05 2.160e-04 -1.000 4.940e-04 -1.652 0.025 -0.361 -1.292 -1.841 -2.339 -3.031 -3.598 -3.677
0.00049103 -1.50000 10.04139 0.8313792348 2.4292240143    0.766  2.610  3.6729  1.356    7  0.000  0.500     0.00     0.00 -1    -1e-30      0.00 7.422e-01 2.573e-01 8.095e-05 2.902e-05 2.160e-04 -1.000 4.937e-04 -1.754 0.027 -0.414 -1.380 -1.940 -2.445 -3.148 -3.723 -3.800
0.00049103 -1.50000 10.04139 0.8313864470 2.4292263985    0.766  2.651  3.6698  1.303    7  0.000  0.489     0.00     0.00 -1    -1e-30      0.00 7.421e-01 2.574e-01 7.917e-05 3.120e-05 2.160e-04 -1.000 4.938e-04 -1.857 0.039 -0.462 -1.466 -2.040 -2.551 -3.264 -3.847 -3.925
0.00049103 -1.50000 10.04139 0.8313934207 2.4292285442    0.766  2.692  3.6666  1.249    7  0.000  0.479     0.00     0.00 -1    -1e-30      0.00 7.421e-01 2.574e-01 7.754e-05 3.319e-05 2.160e-04 -1.000 4.940e-04 -1.961 0.060 -0.507 -1.550 -2.138 -2.657 -3.382 -3.973 -4.050
0.00049103 -1.50000 10.04139 0.8314000368 2.4292306900    0.766  2.734  3.6634  1.194    7  0.000  0.470     0.00     0.00 -1    -1e-30      0.00 7.420e-01 2.575e-01 7.618e-05 3.487e-05 2.160e-04 -1.000 4.937e-04 -2.064 0.090 -0.547 -1.634 -2.236 -2.763 -3.499 -4.099 -4.176
0.00049103 -1.50000 10.04139 0.8314065337 2.4292328358    0.766  2.775  3.6601  1.140    7  0.000  0.463     0.00     0.00 -1    -1e-30      0.00 7.419e-01 2.576e-01 7.500e-05 3.633e-05 2.159e-04 -1.000 4.937e-04 -2.168 0.129 -0.583 -1.716 -2.334 -2.869 -3.617 -4.226 -4.302
0.00049103 -1.50000 10.04139 0.8314124346 2.4292347431    0.766  2.816  3.6569  1.086    7  0.000  0.457     0.00     0.00 -1    -1e-30      0.00 7.418e-01 2.577e-01 7.397e-05 3.759e-05 2.159e-04 -1.000 4.941e-04 -2.270 0.167 -0.618 -1.793 -2.426 -2.971 -3.732 -4.350 -4.427
0.00049103 -1.50000 10.04139 0.8314179182 2.4292364120    0.766  2.857  3.6536  1.032    7  0.000  0.451     0.00     0.00 -1    -1e-30      0.00 7.417e-01 2.578e-01 7.307e-05 3.870e-05 2.159e-04 -1.000 4.941e-04 -2.373 0.177 -0.662 -1.870 -2.517 -3.071 -3.846 -4.475 -4.553
0.00049103 -1.50000 10.04139 0.8314226866 2.4292378426    0.766  2.899  3.6502  0.977    7  0.000  0.446     0.00     0.00 -1    -1e-30      0.00 7.416e-01 2.579e-01 7.229e-05 3.967e-05 2.158e-04 -1.000 4.941e-04 -2.477 0.192 -0.704 -1.947 -2.608 -3.172 -3.961 -4.600 -4.680
0.00049103 -1.50000 10.04139 0.8314263821 2.4292390347    0.766  2.939  3.6469  0.923    7  0.000  0.443     0.00     0.00 -1    -1e-30      0.00 7.415e-01 2.580e-01 7.164e-05 4.047e-05 2.157e-04 -1.000 4.941e-04 -2.578 0.220 -0.738 -2.017 -2.694 -3.268 -4.073 -4.723 -4.805
0.00049103 -1.50000 10.04139 0.8314294815 2.4292402267    0.766  2.979  3.6436  0.870    7  0.000  0.440     0.00     0.00 -1    -1e-30      0.00 7.413e-01 2.582e-01 7.108e-05 4.118e-05 2.155e-04 -1.000 4.942e-04 -2.678 0.251 -0.770 -2.085 -2.779 -3.364 -4.183 -4.844 -4.928
0.00049103 -1.50000 10.04139 0.8314325809 2.4292411804    0.766  3.022  3.6401  0.813    7  0.000  0.437     0.00     0.00 -1    -1e-30      0.00 7.412e-01 2.583e-01 7.062e-05 4.181e-05 2.153e-04 -1.000 4.941e-04 -2.785 0.289 -0.801 -2.157 -2.869 -3.466 -4.302 -4.974 -5.060
0.00049103 -1.50000 10.04139 0.8314353228 2.4292418957    0.767  3.063  3.6366  0.758    7  0.000  0.435     0.00     0.00 -1    -1e-30      0.00 7.411e-01 2.584e-01 7.027e-05 4.232e-05 2.151e-04 -1.000 4.941e-04 -2.887 0.328 -0.829 -2.222 -2.953 -3.561 -4.413 -5.097 -5.185
0.00049103 -1.50000 10.04139 0.8314379454 2.4292428493    0.767  3.116  3.6320  0.686    7  0.000  0.434     0.00     0.00 -1    -1e-30      0.00 7.411e-01 2.584e-01 6.998e-05 4.278e-05 2.149e-04 -1.000 4.941e-04 -3.021 0.385 -0.863 -2.307 -3.061 -3.685 -4.560 -5.260 -5.352
0.00049103 -1.50000 10.04139 0.8314381242 2.4292428493    0.767  3.137  3.6302  0.658    7  0.000  0.434     0.00     0.00 -1    -1e-30      0.00 7.411e-01 2.584e-01 6.992e-05 4.290e-05 2.148e-04 -1.000 4.941e-04 -3.073 0.409 -0.875 -2.340 -3.104 -3.734 -4.618 -5.324 -5.417
0.00049103 -1.50000 10.04139 0.8314382434 2.4292428493    0.767  3.151  3.6289  0.639    7  0.000  0.433     0.00     0.00 -1    -1e-30      0.00 7.410e-01 2.585e-01 6.964e-05 4.354e-05 2.144e-04 -1.000 4.940e-04 -3.108 0.426 -0.882 -2.360 -3.130 -3.765 -4.655 -5.365 -5.459
0.00049103 -1.50000 10.04139 0.8314385414 2.4292430878    0.767  3.170  3.6272  0.613    7  0.000  0.432     0.00     0.00 -1    -1e-30      0.00 7.409e-01 2.586e-01 6.949e-05 4.393e-05 2.142e-04 -1.000 4.940e-04 -3.155 0.449 -0.892 -2.388 -3.168 -3.809 -4.707 -5.423 -5.519
0.00049103 -1.50000 10.04139 0.8314390182 2.4292430878    0.767  3.209  3.6238  0.560    7  0.000  0.431     0.00     0.00 -1    -1e-30      0.00 7.408e-01 2.588e-01 6.904e-05 4.492e-05 2.136e-04 -1.000 4.940e-04 -3.253 0.499 -0.911 -2.445 -3.244 -3.898 -4.813 -5.542 -5.640
0.00049103 -1.50000 10.04139 0.8314391971 2.4292433262    0.767  3.220  3.6228  0.545    7  0.549  0.430     0.00     0.00 -1    -1e-30      0.00 7.407e-01 2.588e-01 6.884e-05 4.532e-05 2.134e-04 -1.000 4.941e-04 -3.281 0.513 -0.916 -2.461 -3.266 -3.923 -4.843 -5.576 -5.675
0.00049103 -1.50000 10.04139 0.8314392567 2.4292433262    0.767  3.217  3.6231  0.550    7  0.549  0.430     0.00     0.00 -1    -1e-30      0.00 7.406e-01 2.589e-01 6.881e-05 4.539e-05 2.133e-04 -1.000 4.941e-04 -3.273 0.509 -0.915 -2.457 -3.260 -3.916 -4.835 -5.567 -5.665
0.00049103 -1.50000 10.04139 0.8314393163 2.4292433262    0.767  3.414  3.6091  0.297    8  0.549  0.390    90.04    43.82  1 -1.18e-06      0.00 7.290e-01 2.706e-01 6.375e-05 5.931e-05 2.177e-04 -1.000 3.690e-04 -3.766 0.713 -1.009 -2.738 -3.643 -4.364 -5.363 -6.143 -6.257
0.00049103 -1.50000 10.04139 0.8314393759 2.4292433262    0.766  3.268  3.6189  0.482    8  0.549  0.390    60.40    31.02  1 -6.04e-07      0.00 7.290e-01 2.706e-01 6.375e-05 5.931e-05 2.177e-04 -1.000 3.690e-04 -3.400 0.571 -0.939 -2.530 -3.359 -4.031 -4.972 -5.719 -5.821
0.00049103 -1.50000 10.04139 0.8314394355 2.4292433262    0.765  3.127  3.6318  0.674    8  0.549  0.390    39.87    21.65  1  -3.1e-07      0.00 7.290e-01 2.706e-01 6.375e-05 5.931e-05 2.177e-04 -1.000 3.690e-04 -3.047 0.375 -0.880 -2.329 -3.086 -3.711 -4.587 -5.287 -5.379
0.00049103 -1.50000 10.04139 0.8314396143 2.4292433262    0.763  2.932  3.6495  0.939    8  0.549  0.390    22.52    13.20  1  -1.2e-07      0.00 7.290e-01 2.706e-01 6.375e-05 5.931e-05 2.177e-04 -1.000 3.690e-04 -2.559 0.159 -0.763 -2.020 -2.687 -3.254 -4.047 -4.688 -4.768
0.00049103 -1.50000 10.04139 0.8314397931 2.4292433262    0.760  2.937  3.6489  0.929    8  0.549  0.390    23.01    13.42  1 -1.25e-07      0.00 7.290e-01 2.706e-01 6.375e-05 5.931e-05 2.177e-04 -1.000 3.690e-04 -2.574 0.168 -0.765 -2.029 -2.699 -3.268 -4.064 -4.706 -4.787
0.00049103 -1.50000 10.04139 0.8314400315 2.4292435646    0.757  3.034  3.6401  0.796    8  0.550  0.390    30.71    17.18  1 -2.04e-07      0.00 7.290e-01 2.706e-01 6.375e-05 5.931e-05 2.177e-04 -1.000 3.690e-04 -2.814 0.275 -0.823 -2.184 -2.898 -3.496 -4.332 -5.003 -5.089
0.00049103 -1.50000 10.04139 0.8314403892 2.4292435646    0.753  3.184  3.6263  0.587    8  0.550  0.390    48.17    25.28  1  -4.3e-07      0.00 7.290e-01 2.706e-01 6.375e-05 5.931e-05 2.177e-04 -1.000 3.690e-04 -3.191 0.466 -0.900 -2.411 -3.198 -3.842 -4.746 -5.466 -5.562
0.00049103 -1.50000 10.04139 0.8314407468 2.4292438030    0.748  3.314  3.6143  0.407    8  0.550  0.390    71.11    35.28  1 -8.06e-07      0.00 7.290e-01 2.706e-01 6.375e-05 5.931e-05 2.177e-04 -1.000 3.691e-04 -3.516 0.678 -0.925 -2.576 -3.438 -4.131 -5.099 -5.862 -5.970
0.00049103 -1.50000 10.04139 0.8314411640 2.4292438030    0.742  3.400  3.6064  0.286    8  0.551  0.390    92.27    44.00  1 -1.22e-06      0.00 7.290e-01 2.706e-01 6.375e-05 5.931e-05 2.177e-04 -1.000 3.690e-04 -3.730 0.840 -0.918 -2.667 -3.586 -4.318 -5.330 -6.122 -6.238
0.00049103 -1.50000 10.04139 0.8314416409 2.4292440414    0.736  3.447  3.6020  0.218    8  0.551  0.390   107.02    49.78  1 -1.55e-06      0.00 7.290e-01 2.706e-01 6.375e-05 5.931e-05 2.177e-04 -1.000 3.690e-04 -3.847 0.937 -0.908 -2.713 -3.664 -4.418 -5.456 -6.265 -6.387
0.00049103 -1.50000 10.04139 0.8314421773 2.4292442799    0.729  3.471  3.5996  0.180    8  0.552  0.390   116.24    53.17  1 -1.79e-06      0.00 7.290e-01 2.706e-01 6.375e-05 5.931e-05 2.177e-04 -1.000 3.690e-04 -3.908 0.994 -0.898 -2.734 -3.703 -4.469 -5.522 -6.339 -6.465
0.00049103 -1.50000 10.04139 0.8314427733 2.4292442799    0.722  3.487  3.5984  0.155    8  0.552  0.390   122.91    55.44  0 -1.98e-06      0.00 7.290e-01 2.706e-01 6.375e-05 5.931e-05 2.177e-04 -1.000 3.690e-04 -3.948 1.022 -0.896 -2.750 -3.731 -4.504 -5.564 -6.386 -6.514
