Zini     MH   logAge Mini        int_IMF         Mass   logL    logTe  logg  label   McoreTP C_O  period0 period1 pmode  Mloss  tau1m   X   Y   Xc  Xn  Xo  Cexcess  Z 	 mbolmag  Umag    Bmag    Vmag    Rmag    Imag    Jmag    Hmag    Kmag
0.00049103 -1.50000 10.07918 0.0900000036 1.0816895962    0.090 -3.183  3.4750  5.427    1  0.000  0.545     0.00     0.00 -1 -5.32e-17      0.00 7.480e-01 2.515e-01 8.884e-05 2.397e-05 2.174e-04 -1.000 4.941e-04 12.727 20.146 17.399 15.398 13.691 12.057 10.740 10.429 10.327
0.00049103 -1.50000 10.07918 0.0951624885 1.1293773651    0.095 -3.030  3.4969  5.386    1  0.000  0.545     0.00     0.00 -1 -7.73e-17      0.00 7.471e-01 2.524e-01 8.884e-05 2.397e-05 2.174e-04 -1.000 4.941e-04 12.344 18.738 16.448 14.504 13.058 11.662 10.432 10.031 9.907
0.00049103 -1.50000 10.07918 0.1000000015 1.1711064577    0.100 -2.893  3.5163  5.349    1  0.000  0.545     0.00     0.00 -1 -1.08e-16      0.00 7.462e-01 2.533e-01 8.884e-05 2.397e-05 2.174e-04 -1.000 4.941e-04 12.004 17.596 15.655 13.807 12.524 11.315 10.157 9.696 9.554
0.00049103 -1.50000 10.07918 0.1199999973 1.3193154335    0.120 -2.608  3.5474  5.266    1  0.000  0.545     0.00     0.00 -1 -2.08e-16      0.00 7.436e-01 2.559e-01 8.884e-05 2.397e-05 2.174e-04 -1.000 4.941e-04 11.289 15.794 14.294 12.663 11.554 10.591 9.544 9.021 8.856
0.00049103 -1.50000 10.07918 0.1400000006 1.4384527206    0.140 -2.426  3.5627  5.213    1  0.000  0.545     0.00     0.00 -1 -3.12e-16      0.00 7.416e-01 2.579e-01 8.884e-05 2.397e-05 2.174e-04 -1.000 4.942e-04 10.835 14.878 13.558 12.041 10.999 10.133 9.139 8.596 8.420
0.00049103 -1.50000 10.07918 0.1599999964 1.5372931957    0.160 -2.284  3.5729  5.170    1  0.000  0.545     0.00     0.00 -1 -4.25e-16      0.00 7.402e-01 2.593e-01 8.884e-05 2.397e-05 2.174e-04 -1.000 4.941e-04 10.480 14.237 13.028 11.584 10.587 9.777 8.816 8.263 8.080
0.00049103 -1.50000 10.07918 0.2000000179 1.6938792467    0.200 -2.062  3.5862  5.098    1  0.000  0.545     0.00     0.00 -1 -6.88e-16      0.00 7.391e-01 2.605e-01 8.884e-05 2.397e-05 2.174e-04 -1.000 4.942e-04 9.926 13.340 12.263 10.912 9.973 9.221 8.302 7.740 7.550
0.00049103 -1.50000 10.07918 0.2500000298 1.8403259516    0.250 -1.859  3.5973  5.036    1  0.000  0.545     0.00     0.00 -1  -5.2e-16      0.00 7.390e-01 2.605e-01 8.883e-05 2.397e-05 2.174e-04 -1.000 4.942e-04 9.416 12.566 11.589 10.311 9.421 8.709 7.825 7.258 7.067
0.00049103 -1.50000 10.07918 0.3000000417 1.9529141188    0.300 -1.703  3.6058  4.993    1  0.000  0.545     0.00     0.00 -1 -1.45e-15      0.00 7.392e-01 2.603e-01 8.882e-05 2.397e-05 2.174e-04 -1.000 4.941e-04 9.028 11.991 11.083 9.857 9.004 8.318 7.460 6.892 6.705
0.00049103 -1.50000 10.07918 0.3204100430 1.9920697212    0.320 -1.650  3.6089  4.981    1  0.000  0.545     0.00     0.00 -1 -1.61e-15      0.00 7.392e-01 2.603e-01 8.880e-05 2.397e-05 2.174e-04 -1.000 4.940e-04 8.895 11.791 10.908 9.700 8.860 8.183 7.335 6.766 6.581
0.00049103 -1.50000 10.07918 0.3500000238 2.0434176922    0.350 -1.578  3.6131  4.964    1  0.000  0.545     0.00     0.00 -1 -1.85e-15      0.00 7.392e-01 2.603e-01 8.879e-05 2.397e-05 2.174e-04 -1.000 4.939e-04 8.714 11.527 10.673 9.490 8.667 8.002 7.166 6.596 6.416
0.00049103 -1.50000 10.07918 0.3961759806 2.1132009029    0.396 -1.445  3.6236  4.927    1  0.000  0.545     0.00     0.00 -1 -2.47e-15      0.00 7.495e-01 2.500e-01 8.884e-05 2.397e-05 2.174e-04 -1.000 4.941e-04 8.383 10.991 10.210 9.084 8.304 7.669 6.862 6.292 6.123
0.00049103 -1.50000 10.07918 0.4000000358 2.1185026169    0.400 -1.435  3.6244  4.924    1  0.000  0.545     0.00     0.00 -1 -2.52e-15      0.00 7.503e-01 2.492e-01 8.884e-05 2.397e-05 2.174e-04 -1.000 4.942e-04 8.357 10.950 10.174 9.052 8.275 7.643 6.838 6.268 6.101
0.00049103 -1.50000 10.07918 0.4110081792 2.1334037781    0.411 -1.395  3.6288  4.913    1  0.000  0.545     0.00     0.00 -1 -2.76e-15      0.00 7.503e-01 2.492e-01 8.884e-05 2.397e-05 2.174e-04 -1.000 4.941e-04 8.256 10.767 10.021 8.922 8.163 7.542 6.749 6.180 6.018
0.00049103 -1.50000 10.07918 0.4500000179 2.1822810173    0.450 -1.260  3.6432  4.876    1  0.000  0.545     0.00     0.00 -1 -3.75e-15      0.00 7.504e-01 2.491e-01 8.884e-05 2.397e-05 2.174e-04 -1.000 4.941e-04 7.921 10.165 9.518 8.493 7.789 7.207 6.453 5.891 5.746
0.00049103 -1.50000 10.07918 0.5000000000 2.2374541759    0.500 -1.064  3.6693  4.830    1  0.000  0.545     0.00     0.00 -1 -5.89e-15      0.00 7.504e-01 2.491e-01 8.884e-05 2.397e-05 2.174e-04 -1.000 4.941e-04 7.431 9.198 8.750 7.848 7.238 6.721 6.040 5.513 5.395
0.00049103 -1.50000 10.07918 0.5500000715 2.2836585045    0.550 -0.850  3.6942  4.757    1  0.000  0.544     0.00     0.00 -1    -1e-14      0.00 7.849e-01 2.147e-01 7.737e-05 2.089e-05 1.895e-04 -1.000 3.968e-04 6.894 8.223 7.991 7.191 6.662 6.196 5.590 5.118 5.019
0.00049103 -1.50000 10.07918 0.6000000238 2.3211214542    0.600 -0.640  3.7220  4.696    1  0.000  0.544     0.00     0.00 -1 -1.67e-14      0.00 7.957e-01 2.039e-01 7.395e-05 1.998e-05 1.814e-04 -1.000 3.949e-04 6.370 7.297 7.274 6.575 6.117 5.698 5.174 4.761 4.680
0.00049103 -1.50000 10.07918 0.6111643314 2.3285295963    0.611 -0.591  3.7289  4.683    1  0.000  0.543     0.00     0.00 -1 -1.87e-14      0.00 7.985e-01 2.011e-01 7.306e-05 1.973e-05 1.792e-04 -1.000 3.953e-04 6.248 7.089 7.109 6.436 5.993 5.586 5.081 4.682 4.605
0.00049103 -1.50000 10.07918 0.6223424077 2.3356413841    0.622 -0.542  3.7358  4.669    1  0.000  0.543     0.00     0.00 -1 -2.11e-14      0.00 8.014e-01 1.982e-01 7.213e-05 1.949e-05 1.770e-04 -1.000 3.956e-04 6.125 6.888 6.947 6.300 5.871 5.475 4.986 4.601 4.528
0.00049103 -1.50000 10.07918 0.6331586242 2.3422489166    0.633 -0.494  3.7424  4.655    1  0.000  0.543     0.00     0.00 -1 -2.38e-14      0.00 8.044e-01 1.952e-01 7.120e-05 1.924e-05 1.748e-04 -1.000 3.958e-04 6.005 6.700 6.792 6.168 5.752 5.367 4.895 4.521 4.452
0.00049103 -1.50000 10.07918 0.6432126164 2.3481621742    0.643 -0.449  3.7483  4.641    1  0.000  0.543     0.00     0.00 -1    -2e-16      0.00 8.073e-01 1.923e-01 7.030e-05 1.900e-05 1.726e-04 -1.000 3.956e-04 5.893 6.529 6.650 6.047 5.644 5.268 4.809 4.444 4.381
0.00049103 -1.50000 10.07918 0.6499999762 2.3520355225    0.650 -0.419  3.7523  4.631    1  0.000  0.543     0.00     0.00 -1 -2.87e-14      0.00 8.093e-01 1.903e-01 6.966e-05 1.884e-05 1.711e-04 -1.000 3.955e-04 5.817 6.415 6.553 5.965 5.570 5.201 4.752 4.392 4.332
0.00049103 -1.50000 10.07918 0.6590402722 2.3570520878    0.659 -0.378  3.7572  4.615    1  0.000  0.542     0.00     0.00 -1 -3.19e-14      0.00 8.126e-01 1.870e-01 6.862e-05 1.856e-05 1.686e-04 -1.000 3.960e-04 5.714 6.267 6.426 5.856 5.472 5.111 4.673 4.321 4.264
0.00049103 -1.50000 10.07918 0.6711241603 2.3635156155    0.671 -0.322  3.7635  4.593    1  0.000  0.542     0.00     0.00 -1 -3.68e-14      0.00 8.173e-01 1.823e-01 6.714e-05 1.816e-05 1.651e-04 -1.000 3.951e-04 5.575 6.074 6.257 5.710 5.339 4.988 4.564 4.221 4.170
0.00049103 -1.50000 10.07918 0.6822245121 2.3692216873    0.682 -0.270  3.7692  4.570    1  0.000  0.542     0.00     0.00 -1 -4.21e-14      0.00 8.219e-01 1.777e-01 6.569e-05 1.778e-05 1.616e-04 -1.000 3.833e-04 5.444 5.900 6.101 5.575 5.215 4.873 4.461 4.125 4.079
0.00049103 -1.50000 10.07918 0.6928078532 2.3744664192    0.693 -0.218  3.7746  4.547    1  0.000  0.541     0.00     0.00 -1 -4.74e-14      0.00 8.266e-01 1.731e-01 6.422e-05 1.739e-05 1.581e-04 -1.000 3.107e-04 5.315 5.735 5.949 5.443 5.093 4.760 4.359 4.031 3.989
0.00049103 -1.50000 10.07918 0.6999999881 2.3779268265    0.700 -0.182  3.7781  4.529    1  0.000  0.541     0.00     0.00 -1 -5.35e-14      0.00 8.299e-01 1.698e-01 6.317e-05 1.711e-05 1.556e-04 -1.000 2.973e-04 5.225 5.620 5.844 5.350 5.008 4.680 4.287 3.964 3.924
0.00049103 -1.50000 10.07918 0.7033693790 2.3795199394    0.703 -0.165  3.7797  4.521    1  0.000  0.541     0.00     0.00 -1  -5.6e-14      0.00 8.319e-01 1.678e-01 6.251e-05 1.694e-05 1.542e-04 -1.000 2.979e-04 5.182 5.567 5.794 5.307 4.967 4.642 4.252 3.931 3.893
0.00049103 -1.50000 10.07918 0.7130144238 2.3839848042    0.713 -0.114  3.7841  4.494    1  0.000  0.539     0.00     0.00 -1 -6.46e-14      0.00 8.375e-01 1.622e-01 6.062e-05 1.648e-05 1.500e-04 -1.000 2.974e-04 5.055 5.416 5.650 5.177 4.846 4.529 4.148 3.833 3.799
0.00049103 -1.50000 10.07918 0.7214795351 2.3877906799    0.721 -0.067  3.7880  4.467    1  0.000  0.537     0.00     0.00 -1 -7.37e-14      0.00 8.424e-01 1.573e-01 5.901e-05 1.608e-05 1.465e-04 -1.000 2.972e-04 4.938 5.281 5.517 5.058 4.734 4.423 4.050 3.741 3.709
0.00049103 -1.50000 10.07918 0.7298372984 2.3914487362    0.729 -0.019  3.7916  4.438    1  0.000  0.535     0.00     0.00 -1 -8.47e-14      0.00 8.470e-01 1.526e-01 5.750e-05 1.571e-05 1.433e-04 -1.000 3.296e-04 4.816 5.143 5.381 4.934 4.618 4.312 3.947 3.644 3.615
0.00049103 -1.50000 10.07918 0.7370149493 2.3945143223    0.737  0.025  3.7946  4.410    1  0.000  0.533     0.00     0.00 -1 -9.61e-14      0.00 8.509e-01 1.488e-01 5.629e-05 1.542e-05 1.407e-04 -1.000 3.209e-04 4.707 5.021 5.258 4.822 4.512 4.212 3.853 3.555 3.527
0.00049103 -1.50000 10.07918 0.7439681292 2.3974192142    0.743  0.070  3.7974  4.381    1  0.000  0.532     0.00     0.00 -1 -8.32e-15      0.00 8.545e-01 1.452e-01 5.521e-05 1.516e-05 1.384e-04 -1.000 3.018e-04 4.595 4.899 5.135 4.708 4.403 4.108 3.755 3.462 3.436
0.00049103 -1.50000 10.07918 0.7500000000 2.3998889923    0.749  0.111  3.7997  4.353    1  0.000  0.531     0.00     0.00 -1 -1.24e-13      0.00 8.574e-01 1.423e-01 5.435e-05 1.495e-05 1.365e-04 -1.000 2.980e-04 4.493 4.789 5.023 4.604 4.304 4.013 3.665 3.376 3.352
0.00049103 -1.50000 10.07918 0.7557942867 2.4022190571    0.755  0.152  3.8019  4.324    1  0.000  0.530     0.00     0.00 -1  -1.4e-13      0.00 8.588e-01 1.409e-01 5.414e-05 1.490e-05 1.361e-04 -1.000 2.978e-04 4.390 4.680 4.911 4.500 4.204 3.916 3.573 3.289 3.266
0.00049103 -1.50000 10.07918 0.7623471618 2.4048049450    0.762  0.201  3.8042  4.287    1  0.000  0.530     0.00     0.00 -1 -1.63e-13      0.00 8.602e-01 1.395e-01 5.393e-05 1.484e-05 1.357e-04 -1.000 2.961e-04 4.267 4.551 4.777 4.373 4.082 3.799 3.461 3.181 3.159
0.00049103 -1.50000 10.07918 0.7683432102 2.4071266651    0.767  0.250  3.8060  4.249    1  0.000  0.529     0.00     0.00 -1  -1.9e-13      0.00 8.613e-01 1.384e-01 5.379e-05 1.481e-05 1.355e-04 -1.000 3.154e-04 4.145 4.426 4.647 4.249 3.962 3.682 3.348 3.072 3.051
0.00049103 -1.50000 10.07918 0.7739286423 2.4092524052    0.773  0.298  3.8072  4.209    1  0.000  0.529     0.00     0.00 -1 -2.21e-13      0.00 8.611e-01 1.385e-01 5.402e-05 1.488e-05 1.361e-04 -1.000 3.375e-04 4.024 4.303 4.520 4.127 3.842 3.564 3.233 2.959 2.939
0.00049103 -1.50000 10.07918 0.7777552605 2.4106884003    0.777  0.333  3.8078  4.179    1  0.000  0.529     0.00     0.00 -1 -2.48e-13      0.00 8.607e-01 1.389e-01 5.425e-05 1.494e-05 1.367e-04 -1.000 3.512e-04 3.938 4.217 4.429 4.039 3.756 3.479 3.150 2.877 2.857
0.00049103 -1.50000 10.07918 0.7792152762 2.4112322330    0.778  0.347  3.8077  4.164    1  0.000  0.529     0.00     0.00 -1 -2.61e-13      0.00 8.605e-01 1.391e-01 5.435e-05 1.497e-05 1.369e-04 -1.000 3.540e-04 3.901 4.181 4.392 4.002 3.719 3.442 3.112 2.840 2.820
0.00049103 -1.50000 10.07918 0.7848982811 2.4133260250    0.784  0.408  3.8064  4.101    1  0.000  0.529     0.00     0.00 -1  -3.2e-13      0.00 8.598e-01 1.398e-01 5.473e-05 1.508e-05 1.379e-04 -1.000 3.651e-04 3.750 4.037 4.242 3.850 3.565 3.287 2.954 2.680 2.659
0.00049103 -1.50000 10.07918 0.7892271280 2.4148979187    0.788  0.462  3.8032  4.038    1  0.000  0.529     0.00     0.00 -1 -3.88e-13      0.00 8.593e-01 1.404e-01 5.503e-05 1.516e-05 1.387e-04 -1.000 3.735e-04 3.616 3.915 4.117 3.717 3.427 3.145 2.804 2.524 2.502
0.00049103 -1.50000 10.07918 0.7899657488 2.4151639938    0.789  0.472  3.8023  4.025    1  0.000  0.529     0.00     0.00 -1 -4.06e-13      0.00 8.592e-01 1.405e-01 5.508e-05 1.517e-05 1.388e-04 -1.000 3.748e-04 3.591 3.893 4.094 3.692 3.401 3.117 2.775 2.493 2.471
0.00049103 -1.50000 10.07918 0.7906665206 2.4154160023    0.789  0.482  3.8012  4.010    1  0.000  0.529     0.00     0.00 -1 -4.23e-13      0.00 8.591e-01 1.406e-01 5.512e-05 1.518e-05 1.389e-04 -1.000 3.762e-04 3.564 3.870 4.072 3.667 3.373 3.088 2.743 2.459 2.436
0.00049103 -1.50000 10.07918 0.7930153608 2.4162571430    0.792  0.519  3.7964  3.955    2  0.000  0.529     0.00     0.00 -1 -4.88e-13      0.00 8.588e-01 1.408e-01 5.528e-05 1.523e-05 1.393e-04 -1.000 3.807e-04 3.472 3.797 3.995 3.577 3.275 2.982 2.626 2.334 2.308
0.00049103 -1.50000 10.07918 0.7948045731 2.4168939590    0.793  0.552  3.7908  3.901    2  0.000  0.529     0.00     0.00 -1 -5.57e-13      0.00 8.583e-01 1.414e-01 5.551e-05 1.529e-05 1.399e-04 -1.000 3.842e-04 3.391 3.739 3.934 3.500 3.189 2.887 2.518 2.216 2.187
0.00049103 -1.50000 10.07918 0.7962012291 2.4173886776    0.795  0.580  3.7839  3.845    2  0.000  0.529     0.00     0.00 -1 -6.36e-13      0.00 8.566e-01 1.430e-01 5.610e-05 1.545e-05 1.414e-04 -1.000 3.869e-04 3.319 3.698 3.888 3.433 3.109 2.796 2.412 2.097 2.064
0.00049103 -1.50000 10.07918 0.7973241806 2.4177851677    0.796  0.605  3.7770  3.793    2  0.000  0.530     0.00     0.00 -1 -7.14e-13      0.00 8.407e-01 1.589e-01 6.116e-05 1.683e-05 1.538e-04 -1.000 3.892e-04 3.257 3.670 3.854 3.378 3.041 2.717 2.316 1.989 1.952
0.00049103 -1.50000 10.07918 0.7982642651 2.4181160927    0.797  0.628  3.7700  3.743    2  0.000  0.532     0.00     0.00 -1 -7.97e-13      0.00 8.189e-01 1.807e-01 6.775e-05 1.861e-05 1.697e-04 -1.000 3.938e-04 3.200 3.653 3.827 3.328 2.979 2.643 2.226 1.886 1.844
0.00049103 -1.50000 10.07918 0.7990920544 2.4184067249    0.797  0.651  3.7630  3.693    2  0.000  0.534     0.00     0.00 -1 -5.72e-13      0.00 8.001e-01 1.995e-01 7.323e-05 2.007e-05 1.828e-04 -1.000 3.991e-04 3.143 3.639 3.801 3.279 2.916 2.569 2.137 1.784 1.738
0.00049103 -1.50000 10.07918 0.7998251319 2.4186635017    0.798  0.676  3.7566  3.643    2  0.000  0.535     0.00     0.00 -1  -8.7e-13      0.00 7.867e-01 2.129e-01 7.705e-05 2.110e-05 1.920e-04 -1.000 4.143e-04 3.080 3.619 3.768 3.225 2.850 2.493 2.045 1.681 1.630
0.00049103 -1.50000 10.07918 0.8000000119 2.4187245369    0.798  0.683  3.7551  3.629    2  0.000  0.535     0.00     0.00 -1 -1.03e-12      0.00 7.844e-01 2.152e-01 7.771e-05 2.127e-05 1.935e-04 -1.000 4.221e-04 3.062 3.612 3.758 3.209 2.831 2.471 2.020 1.653 1.602
0.00049103 -1.50000 10.07918 0.8003829718 2.4188585281    0.799  0.699  3.7518  3.600    2  0.000  0.536     0.00     0.00 -1  -1.1e-12      0.00 7.793e-01 2.203e-01 7.915e-05 2.166e-05 1.970e-04 -1.000 4.397e-04 3.022 3.596 3.734 3.174 2.790 2.425 1.965 1.593 1.539
0.00049103 -1.50000 10.07918 0.8009545803 2.4190578461    0.799  0.731  3.7473  3.551    2  0.000  0.536     0.00     0.00 -1 -1.26e-12      0.00 7.741e-01 2.254e-01 8.060e-05 2.204e-05 2.005e-04 -1.000 4.572e-04 2.944 3.550 3.678 3.103 2.710 2.338 1.868 1.487 1.430
0.00049103 -1.50000 10.07918 0.8015202880 2.4192550182    0.800  0.768  3.7436  3.499    2  0.000  0.536     0.00     0.00 -1 -1.46e-12      0.00 7.705e-01 2.291e-01 8.161e-05 2.231e-05 2.028e-04 -1.000 3.961e-04 2.849 3.484 3.602 3.014 2.615 2.237 1.757 1.370 1.310
0.00049103 -1.50000 10.07918 0.8017036915 2.4193189144    0.800  0.783  3.7427  3.480    2  0.000  0.536     0.00     0.00 -1 -1.54e-12      0.00 7.696e-01 2.300e-01 8.185e-05 2.237e-05 2.034e-04 -1.000 4.273e-04 2.812 3.454 3.570 2.979 2.578 2.198 1.716 1.327 1.267
0.00049103 -1.50000 10.07918 0.8021959066 2.4194900990    0.800  0.824  3.7402  3.430    3  0.000  0.537     0.00     0.00 -1 -1.79e-12      0.00 7.671e-01 2.324e-01 8.244e-05 2.253e-05 2.049e-04 -1.000 4.850e-04 2.710 3.371 3.480 2.881 2.476 2.092 1.603 1.209 1.148
0.00049103 -1.50000 10.07918 0.8027341962 2.4196770191    0.801  0.873  3.7379  3.372    3  0.000  0.537     0.00     0.00 -1 -2.13e-12      0.00 7.647e-01 2.348e-01 8.297e-05 2.267e-05 2.061e-04 -1.000 4.471e-04 2.588 3.271 3.370 2.764 2.355 1.967 1.472 1.072 1.009
0.00049103 -1.50000 10.07918 0.8031912446 2.4198355675    0.801  0.917  3.7361  3.321    3  0.000  0.537     0.00     0.00 -1 -2.51e-12      0.00 7.628e-01 2.367e-01 8.333e-05 2.277e-05 2.070e-04 -1.000 4.462e-04 2.477 3.176 3.268 2.656 2.244 1.853 1.352 0.948 0.884
0.00049103 -1.50000 10.07918 0.8036280274 2.4199867249    0.802  0.963  3.7344  3.268    3  0.000  0.537     0.00     0.00 -1 -2.96e-12      0.00 7.610e-01 2.385e-01 8.362e-05 2.286e-05 2.077e-04 -1.000 4.941e-04 2.362 3.077 3.163 2.545 2.130 1.736 1.230 0.822 0.758
0.00049103 -1.50000 10.07918 0.8040716052 2.4201402664    0.802  1.013  3.7328  3.212    3  0.000  0.537     0.00     0.00 -1 -3.55e-12      0.00 7.592e-01 2.403e-01 8.387e-05 2.293e-05 2.084e-04 -1.000 4.912e-04 2.237 2.967 3.046 2.423 2.005 1.609 1.098 0.685 0.620
0.00049103 -1.50000 10.07918 0.8044793606 2.4202811718    0.802  1.063  3.7312  3.156    3  0.000  0.536     0.00     0.00 -1 -4.24e-12      0.00 7.576e-01 2.420e-01 8.402e-05 2.300e-05 2.089e-04 -1.000 4.843e-04 2.113 2.856 2.930 2.302 1.882 1.483 0.967 0.550 0.485
0.00049103 -1.50000 10.07918 0.8048453331 2.4204072952    0.803  1.111  3.7297  3.102    3  0.000  0.536     0.00     0.00 -1 -5.04e-12      0.00 7.561e-01 2.435e-01 8.407e-05 2.308e-05 2.093e-04 -1.000 4.561e-04 1.992 2.749 2.817 2.185 1.762 1.361 0.840 0.419 0.353
0.00049103 -1.50000 10.07918 0.8051653504 2.4205176830    0.803  1.157  3.7283  3.051    3  0.000  0.535     0.00     0.00 -1 -5.93e-12      0.00 7.547e-01 2.448e-01 8.403e-05 2.317e-05 2.096e-04 -1.000 4.387e-04 1.878 2.648 2.711 2.074 1.648 1.246 0.720 0.295 0.229
0.00049103 -1.50000 10.07918 0.8054770827 2.4206249714    0.803  1.205  3.7269  2.997    3  0.000  0.533     0.00     0.00 -1 -7.06e-12      0.00 7.534e-01 2.461e-01 8.389e-05 2.331e-05 2.098e-04 -1.000 4.914e-04 1.756 2.541 2.597 1.956 1.528 1.123 0.593 0.164 0.097
0.00049103 -1.50000 10.07918 0.8057761192 2.4207279682    0.803  1.256  3.7252  2.939    3  0.000  0.531     0.00     0.00 -1 -8.48e-12      0.00 7.523e-01 2.472e-01 8.365e-05 2.352e-05 2.100e-04 -1.000 4.611e-04 1.629 2.430 2.479 1.832 1.402 0.994 0.459 0.025 -0.042
0.00049103 -1.50000 10.07918 0.8060268760 2.4208142757    0.803  1.303  3.7238  2.887    3  0.000  0.529     0.00     0.00 -1    -1e-11      0.00 7.515e-01 2.481e-01 8.339e-05 2.375e-05 2.102e-04 -1.000 4.340e-04 1.513 2.329 2.371 1.719 1.286 0.875 0.336 -0.101 -0.169
0.00049103 -1.50000 10.07918 0.8062555790 2.4208927155    0.803  1.349  3.7223  2.835    3  0.000  0.527     0.00     0.00 -1 -1.19e-11      0.00 7.508e-01 2.487e-01 8.312e-05 2.401e-05 2.103e-04 -1.000 4.932e-04 1.397 2.229 2.264 1.607 1.171 0.758 0.214 -0.227 -0.295
0.00049103 -1.50000 10.07918 0.8064706922 2.4209666252    0.803  1.396  3.7207  2.781    3  0.000  0.525     0.00     0.00 -1  -1.4e-11      0.00 7.502e-01 2.493e-01 8.285e-05 2.428e-05 2.105e-04 -1.000 4.902e-04 1.279 2.127 2.155 1.493 1.054 0.639 0.090 -0.355 -0.425
0.00049103 -1.50000 10.07918 0.8066608310 2.4210319519    0.804  1.442  3.7191  2.730    3  0.000  0.524     0.00     0.00 -1 -1.66e-11      0.00 7.499e-01 2.497e-01 8.265e-05 2.449e-05 2.105e-04 -1.000 4.883e-04 1.166 2.030 2.052 1.383 0.941 0.523 -0.031 -0.480 -0.550
0.00049103 -1.50000 10.07918 0.8068416119 2.4210939407    0.804  1.489  3.7174  2.676    3  0.000  0.522     0.00     0.00 -1 -1.97e-11      0.00 7.496e-01 2.499e-01 8.249e-05 2.466e-05 2.106e-04 -1.000 4.911e-04 1.047 1.930 1.944 1.269 0.825 0.404 -0.156 -0.610 -0.680
0.00049103 -1.50000 10.07918 0.8070010543 2.4211485386    0.804  1.535  3.7157  2.623    3  0.000  0.522     0.00     0.00 -1 -2.32e-11      0.00 7.494e-01 2.501e-01 8.239e-05 2.477e-05 2.106e-04 -1.000 4.941e-04 0.933 1.835 1.840 1.159 0.712 0.288 -0.277 -0.735 -0.806
0.00049103 -1.50000 10.07918 0.8071429133 2.4211971760    0.803  1.579  3.7140  2.572    3  0.000  0.521     0.00     0.00 -1 -2.72e-11      0.00 7.493e-01 2.502e-01 8.234e-05 2.483e-05 2.106e-04 -1.000 4.941e-04 0.823 1.743 1.741 1.054 0.603 0.176 -0.394 -0.857 -0.929
0.00049103 -1.50000 10.07918 0.8072780371 2.4212434292    0.803  1.625  3.7123  2.519    3  0.000  0.521     0.00     0.00 -1 -3.22e-11      0.00 7.492e-01 2.503e-01 8.232e-05 2.486e-05 2.106e-04 -1.000 4.941e-04 0.708 1.646 1.637 0.943 0.489 0.060 -0.516 -0.983 -1.056
0.00049103 -1.50000 10.07918 0.8074004054 2.4212853909    0.803  1.670  3.7105  2.467    3  0.000  0.521     0.00     0.00 -1 -3.79e-11      0.00 7.492e-01 2.503e-01 8.231e-05 2.487e-05 2.106e-04 -1.000 4.940e-04 0.595 1.555 1.537 0.835 0.378 -0.055 -0.636 -1.108 -1.181
0.00049103 -1.50000 10.07918 0.8075081706 2.4213223457    0.803  1.713  3.7087  2.416    3  0.000  0.521     0.00     0.00 -1 -4.44e-11      0.00 7.492e-01 2.503e-01 8.231e-05 2.488e-05 2.106e-04 -1.000 4.941e-04 0.487 1.471 1.441 0.731 0.270 -0.166 -0.752 -1.228 -1.302
0.00049103 -1.50000 10.07918 0.8076071143 2.4213562012    0.803  1.756  3.7069  2.366    3  0.000  0.521     0.00     0.00 -1 -5.19e-11      0.00 7.492e-01 2.503e-01 8.230e-05 2.489e-05 2.106e-04 -1.000 4.941e-04 0.379 1.388 1.346 0.629 0.164 -0.275 -0.866 -1.347 -1.422
0.00049103 -1.50000 10.07918 0.8077028394 2.4213888645    0.803  1.801  3.7050  2.313    3  0.000  0.521     0.00     0.00 -1 -6.13e-11      0.00 7.492e-01 2.503e-01 8.230e-05 2.489e-05 2.106e-04 -1.000 4.940e-04 0.267 1.303 1.248 0.522 0.052 -0.390 -0.987 -1.472 -1.548
0.00049103 -1.50000 10.07918 0.8077867031 2.4214174747    0.803  1.844  3.7032  2.263    3  0.000  0.521     0.00     0.00 -1 -7.16e-11      0.00 7.492e-01 2.503e-01 8.229e-05 2.490e-05 2.106e-04 -1.000 4.941e-04 0.160 1.223 1.155 0.420 -0.053 -0.499 -1.101 -1.591 -1.667
0.00049103 -1.50000 10.07918 0.8078638315 2.4214439392    0.802  1.886  3.7013  2.213    3  0.000  0.521     0.00     0.00 -1 -8.36e-11      0.00 7.492e-01 2.503e-01 8.229e-05 2.490e-05 2.106e-04 -1.000 4.940e-04 0.055 1.143 1.064 0.320 -0.157 -0.606 -1.214 -1.709 -1.785
0.00049103 -1.50000 10.07918 0.8079368472 2.4214689732    0.802  1.929  3.6994  2.163    3  0.000  0.521     0.00     0.00 -1 -9.77e-11      0.00 7.492e-01 2.503e-01 8.228e-05 2.491e-05 2.106e-04 -1.000 4.941e-04 -0.052 1.065 0.973 0.220 -0.262 -0.715 -1.328 -1.828 -1.905
0.00049103 -1.50000 10.07918 0.8080011010 2.4214909077    0.802  1.968  3.6975  2.116    3  0.000  0.521     0.00     0.00 -1 -1.13e-10      0.00 7.492e-01 2.503e-01 8.228e-05 2.491e-05 2.106e-04 -1.000 4.941e-04 -0.151 0.993 0.888 0.127 -0.359 -0.815 -1.435 -1.939 -2.017
0.00049103 -1.50000 10.07918 0.8080629706 2.4215121269    0.802  2.006  3.6958  2.071    3  0.000  0.521     0.00     0.00 -1  -1.3e-10      0.00 7.492e-01 2.503e-01 8.228e-05 2.492e-05 2.106e-04 -1.000 4.941e-04 -0.246 0.925 0.808 0.038 -0.452 -0.911 -1.536 -2.045 -2.124
0.00049103 -1.50000 10.07918 0.8081272244 2.4215340614    0.801  2.041  3.6941  2.029    3  0.000  0.521     0.00     0.00 -1 -1.48e-10      0.00 7.492e-01 2.503e-01 8.227e-05 2.492e-05 2.106e-04 -1.000 4.941e-04 -0.332 0.864 0.736 -0.043 -0.536 -0.999 -1.629 -2.143 -2.222
0.00049103 -1.50000 10.07918 0.8081846237 2.4215536118    0.801  2.066  3.6930  2.000    3  0.000  0.521     0.00     0.00 -1 -1.62e-10      0.00 7.492e-01 2.503e-01 8.227e-05 2.493e-05 2.106e-04 -1.000 4.941e-04 -0.394 0.819 0.683 -0.101 -0.597 -1.061 -1.695 -2.212 -2.291
0.00049103 -1.50000 10.07918 0.8082301617 2.4215691090    0.800  2.051  3.6940  2.018    3  0.000  0.521     0.00     0.00 -1 -1.55e-10      0.00 7.492e-01 2.503e-01 8.227e-05 2.493e-05 2.106e-04 -1.000 4.941e-04 -0.358 0.841 0.711 -0.068 -0.562 -1.025 -1.655 -2.169 -2.248
0.00049103 -1.50000 10.07918 0.8082362413 2.4215712547    0.800  2.049  3.6941  2.021    3  0.000  0.521     0.00     0.00 -1 -1.54e-10      0.00 7.492e-01 2.503e-01 8.227e-05 2.493e-05 2.106e-04 -1.000 4.941e-04 -0.353 0.844 0.715 -0.064 -0.557 -1.020 -1.650 -2.164 -2.243
0.00049103 -1.50000 10.07918 0.8082674742 2.4215819836    0.800  2.075  3.6929  1.989    3  0.000  0.521     0.00     0.00 -1 -1.68e-10      0.00 7.492e-01 2.503e-01 8.227e-05 2.493e-05 2.106e-04 -1.000 4.941e-04 -0.419 0.798 0.660 -0.125 -0.622 -1.086 -1.720 -2.237 -2.317
0.00049103 -1.50000 10.07918 0.8083149791 2.4215981960    0.800  2.118  3.6908  1.938    3  0.000  0.521     0.00     0.00 -1 -1.96e-10      0.00 7.492e-01 2.503e-01 8.226e-05 2.494e-05 2.106e-04 -1.000 4.940e-04 -0.524 0.730 0.574 -0.223 -0.725 -1.193 -1.834 -2.358 -2.438
0.00049103 -1.50000 10.07918 0.8083592057 2.4216132164    0.799  2.160  3.6886  1.887    3  0.000  0.521     0.00     0.00 -1 -2.29e-10      0.00 7.492e-01 2.504e-01 8.226e-05 2.494e-05 2.106e-04 -1.000 4.941e-04 -0.629 0.665 0.489 -0.320 -0.827 -1.300 -1.949 -2.479 -2.560
0.00049103 -1.50000 10.07918 0.8083999753 2.4216270447    0.799  2.202  3.6865  1.837    3  0.000  0.521     0.00     0.00 -1 -2.67e-10      0.00 7.491e-01 2.504e-01 8.226e-05 2.494e-05 2.106e-04 -1.000 4.941e-04 -0.734 0.600 0.405 -0.416 -0.929 -1.406 -2.062 -2.599 -2.680
0.00049103 -1.50000 10.07918 0.8084357977 2.4216394424    0.798  2.242  3.6842  1.788    3  0.000  0.521     0.00     0.00 -1 -3.11e-10      0.00 7.491e-01 2.504e-01 8.226e-05 2.494e-05 2.106e-04 -1.000 4.941e-04 -0.834 0.570 0.335 -0.510 -1.029 -1.509 -2.173 -2.716 -2.796
0.00049103 -1.50000 10.07918 0.8084706664 2.4216513634    0.798  2.283  3.6821  1.737    3  0.000  0.521     0.00     0.00 -1 -3.62e-10      0.00 7.491e-01 2.504e-01 8.226e-05 2.495e-05 2.106e-04 -1.000 4.940e-04 -0.938 0.531 0.260 -0.607 -1.134 -1.617 -2.288 -2.837 -2.916
0.00049103 -1.50000 10.07918 0.8085013628 2.4216618538    0.797  2.322  3.6798  1.688    3  0.000  0.521     0.00     0.00 -1  -4.2e-10      0.00 7.491e-01 2.504e-01 8.225e-05 2.495e-05 2.106e-04 -1.000 4.941e-04 -1.036 0.502 0.193 -0.698 -1.231 -1.719 -2.397 -2.953 -3.031
0.00049103 -1.50000 10.07918 0.8085311651 2.4216718674    0.797  2.363  3.6776  1.638    3  0.000  0.521     0.00     0.00 -1 -4.88e-10      0.00 7.491e-01 2.504e-01 8.225e-05 2.495e-05 2.106e-04 -1.000 4.941e-04 -1.138 0.470 0.123 -0.790 -1.331 -1.823 -2.509 -3.071 -3.148
0.00049103 -1.50000 10.07918 0.8085576296 2.4216809273    0.796  2.402  3.6753  1.590    3  0.000  0.521     0.00     0.00 -1 -5.65e-10      0.00 7.491e-01 2.504e-01 8.225e-05 2.495e-05 2.107e-04 -1.000 4.940e-04 -1.235 0.448 0.061 -0.877 -1.427 -1.923 -2.616 -3.185 -3.262
0.00049103 -1.50000 10.07918 0.8085883856 2.4216914177    0.795  2.451  3.6724  1.529    3  0.000  0.521     0.00     0.00 -1 -6.77e-10      0.00 7.491e-01 2.504e-01 8.225e-05 2.496e-05 2.107e-04 -1.000 4.940e-04 -1.357 0.422 -0.016 -0.986 -1.546 -2.048 -2.751 -3.327 -3.403
0.00049103 -1.50000 10.07918 0.8086157441 2.4217007160    0.794  2.498  3.6695  1.470    3  0.000  0.521     0.00     0.00 -1 -8.08e-10      0.00 7.491e-01 2.504e-01 8.225e-05 2.496e-05 2.107e-04 -1.000 4.941e-04 -1.474 0.359 -0.101 -1.086 -1.654 -2.164 -2.878 -3.463 -3.542
0.00049103 -1.50000 10.07918 0.8086372614 2.4217081070    0.793  2.538  3.6672  1.420    3  0.000  0.521     0.00     0.00 -1  -9.4e-10      0.00 7.491e-01 2.504e-01 8.225e-05 2.496e-05 2.107e-04 -1.000 4.941e-04 -1.574 0.348 -0.159 -1.172 -1.750 -2.265 -2.987 -3.579 -3.657
0.00049103 -1.50000 10.07918 0.8086600900 2.4217159748    0.792  2.583  3.6643  1.362    3  0.000  0.521     0.00     0.00 -1 -1.11e-09      0.00 7.491e-01 2.504e-01 8.225e-05 2.496e-05 2.107e-04 -1.000 4.941e-04 -1.688 0.351 -0.217 -1.268 -1.859 -2.381 -3.114 -3.714 -3.791
0.00049103 -1.50000 10.07918 0.8086784482 2.4217221737    0.791  2.622  3.6619  1.313    3  0.000  0.521     0.00     0.00 -1 -1.29e-09      0.00 7.491e-01 2.504e-01 8.225e-05 2.496e-05 2.107e-04 -1.000 4.941e-04 -1.786 0.353 -0.268 -1.351 -1.953 -2.480 -3.222 -3.828 -3.905
0.00049103 -1.50000 10.07918 0.8086977005 2.4217288494    0.789  2.666  3.6589  1.256    3  0.000  0.521     0.00     0.00 -1 -1.53e-09      0.00 7.491e-01 2.504e-01 8.224e-05 2.496e-05 2.107e-04 -1.000 4.940e-04 -1.896 0.376 -0.315 -1.441 -2.057 -2.592 -3.345 -3.959 -4.036
0.00049103 -1.50000 10.07918 0.8087161779 2.4217350483    0.788  2.712  3.6559  1.198    3  0.000  0.521     0.00     0.00 -1 -1.82e-09      0.00 7.491e-01 2.504e-01 8.224e-05 2.496e-05 2.107e-04 -1.000 4.940e-04 -2.010 0.378 -0.372 -1.532 -2.161 -2.705 -3.470 -4.094 -4.172
0.00049103 -1.50000 10.07918 0.8087334037 2.4217410088    0.786  2.758  3.6529  1.139    3  0.000  0.521     0.00     0.00 -1 -2.17e-09      0.00 7.491e-01 2.504e-01 8.224e-05 2.497e-05 2.107e-04 -1.000 4.941e-04 -2.126 0.370 -0.433 -1.624 -2.266 -2.818 -3.596 -4.229 -4.308
0.00049103 -1.50000 10.07918 0.8087483644 2.4217460155    0.784  2.801  3.6499  1.082    3  0.000  0.521     0.00     0.00 -1 -2.56e-09      0.00 7.491e-01 2.504e-01 8.224e-05 2.497e-05 2.107e-04 -1.000 4.941e-04 -2.234 0.370 -0.486 -1.708 -2.363 -2.923 -3.714 -4.357 -4.437
0.00049103 -1.50000 10.07918 0.8087630868 2.4217510223    0.782  2.847  3.6469  1.024    3  0.000  0.521     0.00     0.00 -1 -3.04e-09      0.00 7.491e-01 2.504e-01 8.224e-05 2.497e-05 2.107e-04 -1.000 4.941e-04 -2.347 0.366 -0.544 -1.795 -2.463 -3.033 -3.837 -4.489 -4.572
0.00049103 -1.50000 10.07918 0.8087757826 2.4217553139    0.780  2.889  3.6438  0.968    3  0.000  0.521     0.00     0.00 -1 -3.58e-09      0.00 7.491e-01 2.504e-01 8.224e-05 2.497e-05 2.107e-04 -1.000 4.941e-04 -2.453 0.381 -0.588 -1.873 -2.555 -3.135 -3.952 -4.615 -4.699
0.00049103 -1.50000 10.07918 0.8087881207 2.4217596054    0.777  2.933  3.6408  0.911    3  0.000  0.521     0.00     0.00 -1 -4.24e-09      0.00 7.491e-01 2.504e-01 8.224e-05 2.497e-05 2.107e-04 -1.000 4.941e-04 -2.563 0.401 -0.630 -1.952 -2.651 -3.240 -4.072 -4.744 -4.830
0.00049103 -1.50000 10.07918 0.8087996840 2.4217634201    0.775  2.977  3.6377  0.853    3  0.000  0.521     0.00     0.00 -1 -5.02e-09      0.00 7.491e-01 2.504e-01 8.224e-05 2.497e-05 2.107e-04 -1.000 4.941e-04 -2.673 0.424 -0.671 -2.029 -2.745 -3.346 -4.192 -4.874 -4.962
0.00049103 -1.50000 10.07918 0.8088097572 2.4217669964    0.772  3.018  3.6346  0.798    3  0.000  0.521     0.00     0.00 -1  -5.9e-09      0.00 7.491e-01 2.504e-01 8.224e-05 2.497e-05 2.107e-04 -1.000 4.941e-04 -2.776 0.455 -0.704 -2.098 -2.831 -3.443 -4.304 -4.997 -5.087
0.00049103 -1.50000 10.07918 0.8088195920 2.4217703342    0.769  3.061  3.6316  0.741    3  0.000  0.521     0.00     0.00 -1 -6.96e-09      0.00 7.491e-01 2.504e-01 8.224e-05 2.497e-05 2.107e-04 -1.000 4.941e-04 -2.882 0.482 -0.741 -2.172 -2.921 -3.543 -4.419 -5.122 -5.215
0.00049103 -1.50000 10.07918 0.8088287115 2.4217734337    0.765  3.103  3.6284  0.684    3  0.000  0.521     0.00     0.00 -1 -8.21e-09      0.00 7.491e-01 2.504e-01 8.224e-05 2.497e-05 2.107e-04 -1.000 4.941e-04 -2.988 0.514 -0.775 -2.242 -3.009 -3.643 -4.534 -5.248 -5.342
0.00049103 -1.50000 10.07918 0.8088370562 2.4217762947    0.761  3.144  3.6253  0.628    3  0.000  0.521     0.00     0.00 -1 -9.65e-09      0.00 7.491e-01 2.504e-01 8.224e-05 2.497e-05 2.107e-04 -1.000 4.941e-04 -3.091 0.550 -0.805 -2.308 -3.093 -3.738 -4.645 -5.370 -5.467
0.00049103 -1.50000 10.07918 0.8088453412 2.4217791557    0.757  3.188  3.6223  0.570    3  0.000  0.521     0.00     0.00 -1 -1.14e-08      0.00 7.491e-01 2.504e-01 8.224e-05 2.497e-05 2.107e-04 -1.000 4.941e-04 -3.200 0.583 -0.839 -2.379 -3.182 -3.839 -4.762 -5.497 -5.597
0.00049103 -1.50000 10.07918 0.8088527918 2.4217815399    0.752  3.229  3.6192  0.514    3  0.000  0.521     0.00     0.00 -1 -1.34e-08      0.00 7.491e-01 2.504e-01 8.224e-05 2.497e-05 2.107e-04 -1.000 4.941e-04 -3.303 0.625 -0.864 -2.443 -3.264 -3.934 -4.872 -5.619 -5.721
0.00049103 -1.50000 10.07918 0.8088599443 2.4217841625    0.747  3.271  3.6162  0.457    3  0.000  0.521     0.00     0.00 -1 -1.59e-08      0.00 7.491e-01 2.504e-01 8.224e-05 2.497e-05 2.107e-04 -1.000 4.941e-04 -3.406 0.672 -0.883 -2.501 -3.345 -4.028 -4.984 -5.741 -5.846
0.00049103 -1.50000 10.07918 0.8088659644 2.4217860699    0.741  3.304  3.6138  0.411    3  0.000  0.521     0.00     0.00 -1 -1.82e-08      0.00 7.491e-01 2.504e-01 8.224e-05 2.498e-05 2.107e-04 -1.000 4.941e-04 -3.489 0.713 -0.894 -2.546 -3.408 -4.104 -5.073 -5.838 -5.946
0.00049103 -1.50000 10.07918 0.8088659644 2.4217860699    0.741  1.725  3.7712  2.620    4  0.000  0.525     0.00     0.00 -1    -1e-30      0.00 7.422e-01 2.573e-01 8.499e-05 2.500e-05 2.160e-04 -1.000 4.941e-04 0.458 0.951 1.025 0.559 0.225 -0.100 -0.517 -0.850 -0.889
0.00049103 -1.50000 10.07918 0.8088693023 2.4217872620    0.741  1.731  3.7695  2.607    4  0.000  0.525     0.00     0.00 -1    -1e-30      0.00 7.422e-01 2.573e-01 8.499e-05 2.500e-05 2.160e-04 -1.000 4.941e-04 0.442 0.944 1.018 0.546 0.208 -0.120 -0.541 -0.879 -0.918
0.00049103 -1.50000 10.07918 0.8089247346 2.4218060970    0.741  1.743  3.7685  2.591    4  0.000  0.525     0.00     0.00 -1    -1e-30      0.00 7.422e-01 2.573e-01 8.499e-05 2.500e-05 2.160e-04 -1.000 4.941e-04 0.413 0.921 0.994 0.519 0.179 -0.150 -0.574 -0.914 -0.954
0.00049103 -1.50000 10.07918 0.8089808226 2.4218254089    0.742  1.745  3.7687  2.590    4  0.000  0.525     0.00     0.00 -1    -1e-30      0.00 7.422e-01 2.573e-01 8.499e-05 2.500e-05 2.160e-04 -1.000 4.941e-04 0.409 0.916 0.988 0.514 0.175 -0.154 -0.578 -0.917 -0.957
0.00049103 -1.50000 10.07918 0.8090381026 2.4218447208    0.742  1.745  3.7694  2.592    4  0.000  0.525     0.00     0.00 -1    -1e-30      0.00 7.422e-01 2.573e-01 8.499e-05 2.500e-05 2.160e-04 -1.000 4.941e-04 0.407 0.910 0.982 0.511 0.173 -0.155 -0.577 -0.915 -0.954
0.00049103 -1.50000 10.07918 0.8090948462 2.4218640327    0.742  1.745  3.7705  2.597    4  0.000  0.525     0.00     0.00 -1    -1e-30      0.00 7.422e-01 2.573e-01 8.499e-05 2.500e-05 2.160e-04 -1.000 4.941e-04 0.406 0.904 0.976 0.508 0.173 -0.153 -0.572 -0.907 -0.946
0.00049103 -1.50000 10.07918 0.8091483116 2.4218823910    0.742  1.745  3.7718  2.602    4  0.000  0.525     0.00     0.00 -1    -1e-30      0.00 7.422e-01 2.573e-01 8.499e-05 2.500e-05 2.160e-04 -1.000 4.941e-04 0.407 0.898 0.970 0.506 0.173 -0.150 -0.565 -0.897 -0.935
0.00049103 -1.50000 10.07918 0.8092007637 2.4219002724    0.742  1.744  3.7734  2.609    4  0.000  0.525     0.00     0.00 -1    -1e-30      0.00 7.422e-01 2.573e-01 8.499e-05 2.500e-05 2.160e-04 -1.000 4.941e-04 0.409 0.892 0.963 0.505 0.175 -0.145 -0.556 -0.883 -0.921
0.00049103 -1.50000 10.07918 0.8092538714 2.4219183922    0.742  1.744  3.7753  2.618    4  0.000  0.525     0.00     0.00 -1    -1e-30      0.00 7.422e-01 2.573e-01 8.499e-05 2.500e-05 2.160e-04 -1.000 4.941e-04 0.411 0.885 0.956 0.504 0.178 -0.139 -0.545 -0.867 -0.905
0.00049103 -1.50000 10.07918 0.8093094230 2.4219372272    0.742  1.742  3.7773  2.627    4  0.000  0.525     0.00     0.00 -1    -1e-30      0.00 7.422e-01 2.573e-01 8.499e-05 2.500e-05 2.160e-04 -1.000 4.941e-04 0.414 0.877 0.947 0.503 0.181 -0.132 -0.532 -0.849 -0.886
0.00049103 -1.50000 10.07918 0.8093641400 2.4219558239    0.742  1.741  3.7794  2.636    4  0.000  0.525     0.00     0.00 -1    -1e-30      0.00 7.422e-01 2.573e-01 8.499e-05 2.500e-05 2.160e-04 -1.000 4.941e-04 0.417 0.869 0.939 0.502 0.184 -0.125 -0.520 -0.832 -0.868
0.00049103 -1.50000 10.07918 0.8094205260 2.4219751358    0.742  1.740  3.7813  2.645    4  0.000  0.525     0.00     0.00 -1    -1e-30      0.00 7.422e-01 2.573e-01 8.499e-05 2.500e-05 2.160e-04 -1.000 4.941e-04 0.419 0.863 0.932 0.500 0.187 -0.119 -0.509 -0.816 -0.851
0.00049103 -1.50000 10.07918 0.8094763756 2.4219939709    0.742  1.740  3.7831  2.653    4  0.000  0.525     0.00     0.00 -1    -1e-30      0.00 7.422e-01 2.573e-01 8.499e-05 2.500e-05 2.160e-04 -1.000 4.941e-04 0.421 0.859 0.925 0.499 0.189 -0.113 -0.499 -0.803 -0.837
0.00049103 -1.50000 10.07918 0.8095316291 2.4220128059    0.742  1.739  3.7845  2.659    4  0.000  0.525     0.00     0.00 -1    -1e-30      0.00 7.422e-01 2.573e-01 8.499e-05 2.500e-05 2.160e-04 -1.000 4.941e-04 0.422 0.854 0.919 0.498 0.191 -0.109 -0.491 -0.792 -0.825
0.00049103 -1.50000 10.07918 0.8095851541 2.4220311642    0.742  1.739  3.7854  2.663    4  0.000  0.525     0.00     0.00 -1    -1e-30      0.00 7.422e-01 2.573e-01 8.499e-05 2.500e-05 2.160e-04 -1.000 4.941e-04 0.423 0.851 0.915 0.497 0.192 -0.106 -0.486 -0.784 -0.818
0.00049103 -1.50000 10.07918 0.8096085191 2.4220390320    0.742  1.739  3.7859  2.665    4  0.000  0.525     0.00     0.00 -1    -1e-30      0.00 7.422e-01 2.573e-01 8.499e-05 2.500e-05 2.160e-04 -1.000 4.941e-04 0.423 0.850 0.913 0.496 0.192 -0.105 -0.484 -0.781 -0.814
0.00049103 -1.50000 10.07918 0.8096206784 2.4220430851    0.742  1.739  3.7860  2.666    4  0.000  0.525     0.00     0.00 -1    -1e-30      0.00 7.422e-01 2.573e-01 8.499e-05 2.500e-05 2.160e-04 -1.000 4.941e-04 0.423 0.849 0.912 0.496 0.192 -0.105 -0.483 -0.780 -0.814
0.00049103 -1.50000 10.07918 0.8096739054 2.4220612049    0.742  1.739  3.7863  2.666    4  0.000  0.525     0.00     0.00 -1    -1e-30      0.00 7.422e-01 2.573e-01 8.499e-05 2.500e-05 2.160e-04 -1.000 4.941e-04 0.422 0.847 0.910 0.495 0.191 -0.105 -0.483 -0.779 -0.813
0.00049103 -1.50000 10.07918 0.8097279072 2.4220795631    0.742  1.740  3.7861  2.665    4  0.000  0.525     0.00     0.00 -1    -1e-30      0.00 7.422e-01 2.573e-01 8.499e-05 2.500e-05 2.160e-04 -1.000 4.941e-04 0.420 0.846 0.909 0.493 0.189 -0.107 -0.485 -0.782 -0.815
0.00049103 -1.50000 10.07918 0.8097808957 2.4220976830    0.742  1.741  3.7855  2.662    4  0.000  0.525     0.00     0.00 -1    -1e-30      0.00 7.422e-01 2.573e-01 8.499e-05 2.500e-05 2.160e-04 -1.000 4.941e-04 0.418 0.846 0.910 0.492 0.187 -0.111 -0.491 -0.789 -0.823
0.00049103 -1.50000 10.07918 0.8098331094 2.4221155643    0.742  1.742  3.7843  2.656    4  0.000  0.525     0.00     0.00 -1    -1e-30      0.00 7.422e-01 2.573e-01 8.499e-05 2.500e-05 2.160e-04 -1.000 4.940e-04 0.414 0.847 0.912 0.490 0.183 -0.117 -0.500 -0.801 -0.835
0.00049103 -1.50000 10.07918 0.8098851442 2.4221332073    0.743  1.744  3.7827  2.647    4  0.000  0.525     0.00     0.00 -1    -1e-30      0.00 7.422e-01 2.573e-01 8.499e-05 2.500e-05 2.160e-04 -1.000 4.941e-04 0.409 0.849 0.915 0.488 0.178 -0.126 -0.512 -0.817 -0.851
0.00049103 -1.50000 10.07918 0.8099367619 2.4221506119    0.743  1.747  3.7806  2.637    4  0.000  0.525     0.00     0.00 -1    -1e-30      0.00 7.422e-01 2.573e-01 8.499e-05 2.500e-05 2.160e-04 -1.000 4.941e-04 0.403 0.851 0.919 0.486 0.171 -0.136 -0.528 -0.837 -0.872
0.00049103 -1.50000 10.07918 0.8099885583 2.4221682549    0.743  1.749  3.7783  2.625    4  0.000  0.525     0.00     0.00 -1    -1e-30      0.00 7.422e-01 2.573e-01 8.499e-05 2.500e-05 2.160e-04 -1.000 4.941e-04 0.397 0.855 0.925 0.483 0.164 -0.147 -0.545 -0.860 -0.896
0.00049103 -1.50000 10.07918 0.8099933863 2.4221699238    0.743  1.750  3.7781  2.624    4  0.000  0.525     0.00     0.00 -1    -1e-30      0.00 7.422e-01 2.573e-01 8.499e-05 2.500e-05 2.160e-04 -1.000 4.941e-04 0.396 0.855 0.925 0.483 0.163 -0.148 -0.547 -0.862 -0.898
0.00049103 -1.50000 10.07918 0.8100014329 2.4221727848    0.743  1.750  3.7777  2.621    4  0.000  0.525     0.00     0.00 -1    -1e-30      0.00 7.422e-01 2.573e-01 8.499e-05 2.500e-05 2.160e-04 -1.000 4.941e-04 0.395 0.856 0.926 0.483 0.162 -0.150 -0.550 -0.866 -0.903
0.00049103 -1.50000 10.07918 0.8100488782 2.4221887589    0.743  1.753  3.7754  2.609    4  0.000  0.525     0.00     0.00 -1    -1e-30      0.00 7.422e-01 2.573e-01 8.499e-05 2.500e-05 2.160e-04 -1.000 4.941e-04 0.387 0.860 0.930 0.479 0.154 -0.163 -0.569 -0.891 -0.928
0.00049103 -1.50000 10.07918 0.8100950718 2.4222044945    0.743  1.757  3.7729  2.596    4  0.000  0.525     0.00     0.00 -1    -1e-30      0.00 7.422e-01 2.573e-01 8.499e-05 2.500e-05 2.160e-04 -1.000 4.941e-04 0.378 0.864 0.934 0.475 0.144 -0.177 -0.589 -0.918 -0.956
0.00049103 -1.50000 10.07918 0.8101445436 2.4222211838    0.743  1.761  3.7702  2.580    4  0.000  0.525     0.00     0.00 -1    -1e-30      0.00 7.422e-01 2.573e-01 8.499e-05 2.500e-05 2.160e-04 -1.000 4.941e-04 0.367 0.868 0.938 0.469 0.133 -0.194 -0.613 -0.949 -0.988
0.00049103 -1.50000 10.07918 0.8101915717 2.4222371578    0.743  1.766  3.7676  2.565    4  0.000  0.525     0.00     0.00 -1    -1e-30      0.00 7.422e-01 2.573e-01 8.499e-05 2.500e-05 2.160e-04 -1.000 4.941e-04 0.355 0.869 0.940 0.462 0.121 -0.210 -0.637 -0.979 -1.019
0.00049103 -1.50000 10.07918 0.8102366328 2.4222526550    0.743  1.771  3.7652  2.551    4  0.000  0.525     0.00     0.00 -1    -1e-30      0.00 7.422e-01 2.573e-01 8.499e-05 2.500e-05 2.160e-04 -1.000 4.941e-04 0.343 0.869 0.940 0.455 0.109 -0.227 -0.659 -1.007 -1.048
0.00049103 -1.50000 10.07918 0.8102831244 2.4222683907    0.743  1.776  3.7629  2.536    4  0.000  0.525     0.00     0.00 -1    -1e-30      0.00 7.422e-01 2.573e-01 8.499e-05 2.500e-05 2.160e-04 -1.000 4.941e-04 0.330 0.868 0.940 0.446 0.095 -0.244 -0.683 -1.036 -1.078
0.00049103 -1.50000 10.07918 0.8103287220 2.4222838879    0.743  1.782  3.7607  2.522    4  0.000  0.525     0.00     0.00 -1    -1e-30      0.00 7.422e-01 2.573e-01 8.499e-05 2.500e-05 2.160e-04 -1.000 4.941e-04 0.316 0.865 0.937 0.436 0.081 -0.262 -0.706 -1.064 -1.107
0.00049103 -1.50000 10.07918 0.8103747964 2.4222993851    0.743  1.787  3.7588  2.509    4  0.000  0.525     0.00     0.00 -1    -1e-30      0.00 7.422e-01 2.573e-01 8.499e-05 2.500e-05 2.160e-04 -1.000 4.941e-04 0.302 0.862 0.934 0.426 0.067 -0.279 -0.729 -1.091 -1.136
0.00049103 -1.50000 10.07918 0.8104209304 2.4223151207    0.743  1.794  3.7569  2.495    4  0.000  0.525     0.00     0.00 -1    -1e-30      0.00 7.422e-01 2.573e-01 8.499e-05 2.500e-05 2.160e-04 -1.000 4.941e-04 0.286 0.859 0.929 0.414 0.052 -0.298 -0.753 -1.119 -1.165
0.00049103 -1.50000 10.07918 0.8104673624 2.4223308563    0.743  1.801  3.7548  2.479    4  0.000  0.525     0.00     0.00 -1    -1e-30      0.00 7.422e-01 2.573e-01 8.499e-05 2.500e-05 2.160e-04 -1.000 4.941e-04 0.267 0.853 0.922 0.400 0.033 -0.321 -0.781 -1.152 -1.199
0.00049103 -1.50000 10.07918 0.8104766011 2.4223339558    0.743  1.803  3.7545  2.476    4  0.000  0.525     0.00     0.00 -1    -1e-30      0.00 7.422e-01 2.573e-01 8.499e-05 2.500e-05 2.160e-04 -1.000 4.941e-04 0.264 0.852 0.920 0.396 0.029 -0.325 -0.786 -1.158 -1.205
0.00049103 -1.50000 10.07918 0.8105242252 2.4223501682    0.743  1.813  3.7519  2.456    4  0.000  0.525     0.00     0.00 -1    -1e-30      0.00 7.422e-01 2.573e-01 8.499e-05 2.500e-05 2.160e-04 -1.000 4.941e-04 0.238 0.843 0.910 0.376 0.003 -0.356 -0.823 -1.201 -1.250
0.00049103 -1.50000 10.07918 0.8105710745 2.4223661423    0.743  1.827  3.7486  2.428    4  0.000  0.525     0.00     0.00 -1    -1e-30      0.00 7.422e-01 2.573e-01 8.499e-05 2.500e-05 2.160e-04 -1.000 4.941e-04 0.202 0.828 0.892 0.346 -0.033 -0.398 -0.874 -1.258 -1.309
0.00049103 -1.50000 10.07918 0.8106105328 2.4223794937    0.743  1.859  3.7425  2.372    4  0.000  0.525     0.00     0.00 -1    -1e-30      0.00 7.422e-01 2.573e-01 8.499e-05 2.500e-05 2.160e-04 -1.000 4.941e-04 0.124 0.793 0.849 0.281 -0.110 -0.486 -0.978 -1.375 -1.430
0.00049103 -1.50000 10.07918 0.8106318712 2.4223866463    0.743  1.899  3.7356  2.305    4  0.000  0.525     0.00     0.00 -1    -1e-30      0.00 7.422e-01 2.573e-01 8.499e-05 2.500e-05 2.160e-04 -1.000 4.941e-04 0.023 0.751 0.789 0.195 -0.210 -0.598 -1.108 -1.521 -1.579
0.00049103 -1.50000 10.07918 0.8106415272 2.4223899841    0.743  1.941  3.7293  2.237    4  0.000  0.525     0.00     0.00 -1    -1e-30      0.00 7.422e-01 2.573e-01 8.499e-05 2.500e-05 2.160e-04 -1.000 4.941e-04 -0.082 0.705 0.723 0.103 -0.314 -0.713 -1.240 -1.667 -1.728
0.00049103 -1.50000 10.07918 0.8106458187 2.4223914146    0.743  1.982  3.7239  2.174    4  0.000  0.525     0.00     0.00 -1    -1e-30      0.00 7.422e-01 2.573e-01 8.499e-05 2.500e-05 2.160e-04 -1.000 4.941e-04 -0.186 0.657 0.655 0.012 -0.417 -0.824 -1.366 -1.806 -1.870
0.00049103 -1.50000 10.07918 0.8106478453 2.4223921299    0.743  2.019  3.7196  2.120    4  0.000  0.525     0.00     0.00 -1    -1e-30      0.00 7.422e-01 2.573e-01 8.499e-05 2.500e-05 2.160e-04 -1.000 4.941e-04 -0.279 0.609 0.591 -0.070 -0.508 -0.923 -1.476 -1.926 -1.992
0.00049103 -1.50000 10.07918 0.8106486797 2.4223923683    0.743  2.042  3.7172  2.088    4  0.000  0.525     0.00     0.00 -1    -1e-30      0.00 7.422e-01 2.573e-01 8.499e-05 2.500e-05 2.160e-04 -1.000 4.941e-04 -0.335 0.581 0.551 -0.121 -0.563 -0.983 -1.543 -1.998 -2.065
0.00049103 -1.50000 10.07918 0.8106487393 2.4223923683    0.743  2.043  3.7172  2.087    7  0.000  0.525     0.00     0.00 -1    -1e-30      0.00 7.422e-01 2.573e-01 8.499e-05 2.500e-05 2.160e-04 -1.000 4.941e-04 -0.337 0.580 0.550 -0.122 -0.565 -0.984 -1.545 -2.000 -2.067
0.00049103 -1.50000 10.07918 0.8106498122 2.4223928452    0.743  2.084  3.7135  2.032    7  0.000  0.525     0.00     0.00 -1    -1e-30      0.00 7.422e-01 2.573e-01 8.499e-05 2.500e-05 2.160e-04 -1.000 4.941e-04 -0.439 0.522 0.475 -0.214 -0.665 -1.091 -1.662 -2.126 -2.195
0.00049103 -1.50000 10.07918 0.8106508255 2.4223930836    0.743  2.120  3.7104  1.983    7  0.000  0.525     0.00     0.00 -1    -1e-30      0.00 7.422e-01 2.573e-01 8.499e-05 2.500e-05 2.160e-04 -1.000 4.941e-04 -0.529 0.470 0.408 -0.296 -0.753 -1.185 -1.765 -2.236 -2.307
0.00049103 -1.50000 10.07918 0.8106517196 2.4223935604    0.743  2.142  3.7086  1.954    7  0.000  0.525     0.00     0.00 -1    -1e-30      0.00 7.422e-01 2.573e-01 8.499e-05 2.500e-05 2.160e-04 -1.000 4.941e-04 -0.584 0.440 0.367 -0.346 -0.807 -1.242 -1.828 -2.304 -2.375
0.00049103 -1.50000 10.07918 0.8106526732 2.4223937988    0.743  2.161  3.7071  1.929    7  0.000  0.525     0.00     0.00 -1    -1e-30      0.00 7.422e-01 2.573e-01 8.499e-05 2.500e-05 2.160e-04 -1.000 4.941e-04 -0.632 0.414 0.331 -0.389 -0.854 -1.292 -1.882 -2.362 -2.434
0.00049103 -1.50000 10.07918 0.8106541634 2.4223942757    0.743  2.164  3.7069  1.924    7  0.000  0.525     0.00     0.00 -1    -1e-30      0.00 7.422e-01 2.573e-01 8.499e-05 2.500e-05 2.160e-04 -1.000 4.941e-04 -0.641 0.409 0.324 -0.397 -0.863 -1.301 -1.892 -2.373 -2.444
0.00049103 -1.50000 10.07918 0.8106567860 2.4223952293    0.743  2.160  3.7073  1.931    7  0.000  0.525     0.00     0.00 -1    -1e-30      0.00 7.422e-01 2.573e-01 8.499e-05 2.500e-05 2.160e-04 -1.000 4.941e-04 -0.629 0.415 0.332 -0.387 -0.851 -1.289 -1.879 -2.358 -2.430
0.00049103 -1.50000 10.07918 0.8106613159 2.4223966599    0.743  2.152  3.7079  1.941    7  0.000  0.525     0.00     0.00 -1    -1e-30      0.00 7.422e-01 2.573e-01 8.499e-05 2.500e-05 2.160e-04 -1.000 4.941e-04 -0.610 0.425 0.347 -0.369 -0.832 -1.268 -1.856 -2.334 -2.405
0.00049103 -1.50000 10.07918 0.8106883168 2.4224059582    0.743  2.162  3.7069  1.927    7  0.000  0.525     0.00     0.00 -1    -1e-30      0.00 7.422e-01 2.573e-01 8.499e-05 2.500e-05 2.160e-04 -1.000 4.941e-04 -0.634 0.415 0.330 -0.390 -0.856 -1.294 -1.885 -2.366 -2.437
0.00049103 -1.50000 10.07918 0.8107047677 2.4224114418    0.743  2.175  3.7057  1.909    7  0.000  0.525     0.00     0.00 -1    -1e-30      0.00 7.422e-01 2.573e-01 8.499e-05 2.500e-05 2.160e-04 -1.000 4.941e-04 -0.667 0.400 0.308 -0.419 -0.888 -1.328 -1.923 -2.407 -2.479
0.00049103 -1.50000 10.07918 0.8107247353 2.4224183559    0.743  2.216  3.7023  1.854    7  0.000  0.525     0.00     0.00 -1    -1e-30      0.00 7.422e-01 2.573e-01 8.499e-05 2.500e-05 2.160e-04 -1.000 4.941e-04 -0.770 0.348 0.234 -0.511 -0.988 -1.435 -2.040 -2.533 -2.607
0.00049103 -1.50000 10.07918 0.8107450008 2.4224250317    0.743  2.258  3.6989  1.799    7  0.000  0.525     0.00     0.00 -1    -1e-30      0.00 7.422e-01 2.573e-01 8.499e-05 2.500e-05 2.160e-04 -1.000 4.941e-04 -0.876 0.293 0.156 -0.606 -1.091 -1.544 -2.160 -2.661 -2.737
0.00049103 -1.50000 10.07918 0.8107632995 2.4224312305    0.743  2.301  3.6957  1.743    7  0.000  0.525     0.00     0.00 -1    -1e-30      0.00 7.422e-01 2.573e-01 8.499e-05 2.500e-05 2.160e-04 -1.000 4.941e-04 -0.982 0.241 0.080 -0.700 -1.193 -1.652 -2.278 -2.789 -2.866
0.00049103 -1.50000 10.07918 0.8107794523 2.4224367142    0.744  2.343  3.6926  1.689    7  0.000  0.525     0.00     0.00 -1    -1e-30      0.00 7.422e-01 2.573e-01 8.498e-05 2.500e-05 2.160e-04 -1.000 4.936e-04 -1.087 0.188 0.004 -0.794 -1.294 -1.760 -2.396 -2.916 -2.994
0.00049103 -1.50000 10.07918 0.8107938170 2.4224417210    0.744  2.385  3.6894  1.634    7  0.000  0.525     0.00     0.00 -1    -1e-30      0.00 7.422e-01 2.573e-01 8.498e-05 2.500e-05 2.160e-04 -1.000 4.934e-04 -1.192 0.136 -0.072 -0.887 -1.395 -1.867 -2.514 -3.043 -3.122
0.00049103 -1.50000 10.07918 0.8108063936 2.4224460125    0.744  2.426  3.6863  1.580    7  0.000  0.524     0.00     0.00 -1    -1e-30      0.00 7.422e-01 2.573e-01 8.494e-05 2.501e-05 2.160e-04 -1.000 4.934e-04 -1.296 0.089 -0.145 -0.978 -1.494 -1.972 -2.630 -3.169 -3.249
0.00049103 -1.50000 10.07918 0.8108174801 2.4224495888    0.744  2.468  3.6832  1.526    7  0.000  0.523     0.00     0.00 -1    -1e-30      0.00 7.422e-01 2.573e-01 8.477e-05 2.507e-05 2.160e-04 -1.000 4.935e-04 -1.400 0.107 -0.199 -1.075 -1.602 -2.085 -2.752 -3.298 -3.375
0.00049103 -1.50000 10.07918 0.8108276725 2.4224531651    0.744  2.510  3.6801  1.471    7  0.000  0.520     0.00     0.00 -1    -1e-30      0.00 7.422e-01 2.573e-01 8.422e-05 2.544e-05 2.160e-04 -1.000 4.942e-04 -1.506 0.044 -0.276 -1.165 -1.699 -2.189 -2.868 -3.424 -3.503
0.00049103 -1.50000 10.07918 0.8108369112 2.4224562645    0.744  2.553  3.6769  1.416    7  0.000  0.512     0.00     0.00 -1    -1e-30      0.00 7.422e-01 2.573e-01 8.296e-05 2.665e-05 2.160e-04 -1.000 4.941e-04 -1.612 0.038 -0.335 -1.257 -1.802 -2.299 -2.988 -3.553 -3.631
0.00049103 -1.50000 10.07918 0.8108454943 2.4224591255    0.744  2.596  3.6736  1.360    7  0.000  0.500     0.00     0.00 -1    -1e-30      0.00 7.422e-01 2.573e-01 8.106e-05 2.883e-05 2.160e-04 -1.000 4.941e-04 -1.720 0.040 -0.390 -1.348 -1.907 -2.410 -3.110 -3.683 -3.761
0.00049103 -1.50000 10.07918 0.8108535409 2.4224619865    0.744  2.639  3.6703  1.303    7  0.000  0.488     0.00     0.00 -1    -1e-30      0.00 7.422e-01 2.573e-01 7.905e-05 3.127e-05 2.160e-04 -1.000 4.933e-04 -1.828 0.051 -0.442 -1.440 -2.012 -2.522 -3.234 -3.815 -3.892
0.00049103 -1.50000 10.07918 0.8108612299 2.4224646091    0.744  2.683  3.6669  1.246    7  0.000  0.477     0.00     0.00 -1    -1e-30      0.00 7.421e-01 2.574e-01 7.725e-05 3.347e-05 2.159e-04 -1.000 4.941e-04 -1.938 0.074 -0.489 -1.530 -2.116 -2.635 -3.358 -3.949 -4.026
0.00049103 -1.50000 10.07918 0.8108685613 2.4224669933    0.744  2.727  3.6635  1.189    7  0.000  0.467     0.00     0.00 -1    -1e-30      0.00 7.421e-01 2.574e-01 7.572e-05 3.536e-05 2.159e-04 -1.000 4.941e-04 -2.047 0.106 -0.531 -1.617 -2.219 -2.746 -3.482 -4.081 -4.158
0.00049103 -1.50000 10.07918 0.8108755350 2.4224693775    0.744  2.770  3.6601  1.132    7  0.000  0.460     0.00     0.00 -1    -1e-30      0.00 7.420e-01 2.575e-01 7.444e-05 3.692e-05 2.159e-04 -1.000 4.941e-04 -2.154 0.148 -0.568 -1.702 -2.320 -2.856 -3.604 -4.213 -4.289
0.00049103 -1.50000 10.07918 0.8108819127 2.4224715233    0.744  2.812  3.6567  1.076    7  0.000  0.453     0.00     0.00 -1    -1e-30      0.00 7.420e-01 2.576e-01 7.331e-05 3.830e-05 2.159e-04 -1.000 4.940e-04 -2.261 0.187 -0.603 -1.782 -2.416 -2.961 -3.724 -4.342 -4.419
0.00049103 -1.50000 10.07918 0.8108872175 2.4224734306    0.744  2.851  3.6536  1.025    7  0.000  0.447     0.00     0.00 -1    -1e-30      0.00 7.419e-01 2.576e-01 7.241e-05 3.941e-05 2.158e-04 -1.000 4.941e-04 -2.358 0.196 -0.645 -1.855 -2.502 -3.056 -3.831 -4.460 -4.538
0.00049103 -1.50000 10.07918 0.8108916283 2.4224748611    0.744  2.889  3.6505  0.974    7  0.000  0.443     0.00     0.00 -1    -1e-30      0.00 7.417e-01 2.578e-01 7.164e-05 4.035e-05 2.157e-04 -1.000 4.941e-04 -2.453 0.212 -0.683 -1.924 -2.586 -3.148 -3.937 -4.575 -4.655
0.00049103 -1.50000 10.07918 0.8108954430 2.4224760532    0.744  2.929  3.6472  0.921    7  0.000  0.438     0.00     0.00 -1    -1e-30      0.00 7.416e-01 2.579e-01 7.093e-05 4.125e-05 2.156e-04 -1.000 4.934e-04 -2.553 0.239 -0.717 -1.994 -2.671 -3.244 -4.048 -4.697 -4.778
0.00049103 -1.50000 10.07918 0.8108990788 2.4224772453    0.744  2.974  3.6435  0.861    7  0.000  0.435     0.00     0.00 -1    -1e-30      0.00 7.415e-01 2.580e-01 7.025e-05 4.210e-05 2.155e-04 -1.000 4.941e-04 -2.666 0.275 -0.752 -2.070 -2.766 -3.352 -4.172 -4.833 -4.917
0.00049103 -1.50000 10.07918 0.8109026551 2.4224786758    0.744  3.022  3.6395  0.797    7  0.000  0.432     0.00     0.00 -1    -1e-30      0.00 7.414e-01 2.581e-01 6.972e-05 4.280e-05 2.152e-04 -1.000 4.942e-04 -2.786 0.319 -0.786 -2.150 -2.867 -3.465 -4.304 -4.978 -5.065
0.00049103 -1.50000 10.07918 0.8109059334 2.4224796295    0.744  3.073  3.6351  0.729    7  0.000  0.430     0.00     0.00 -1    -1e-30      0.00 7.412e-01 2.583e-01 6.930e-05 4.339e-05 2.150e-04 -1.000 4.941e-04 -2.914 0.368 -0.821 -2.232 -2.971 -3.585 -4.444 -5.133 -5.223
0.00049103 -1.50000 10.07918 0.8109070063 2.4224801064    0.744  3.103  3.6325  0.688    7  0.000  0.429     0.00     0.00 -1    -1e-30      0.00 7.412e-01 2.583e-01 6.914e-05 4.363e-05 2.149e-04 -1.000 4.941e-04 -2.989 0.402 -0.839 -2.279 -3.032 -3.654 -4.527 -5.225 -5.316
0.00049103 -1.50000 10.07918 0.8109072447 2.4224801064    0.744  3.110  3.6319  0.679    7  0.000  0.429     0.00     0.00 -1    -1e-30      0.00 7.412e-01 2.583e-01 6.911e-05 4.369e-05 2.149e-04 -1.000 4.941e-04 -3.006 0.409 -0.843 -2.290 -3.045 -3.670 -4.545 -5.245 -5.337
0.00049103 -1.50000 10.07918 0.8109076023 2.4224803448    0.744  3.122  3.6309  0.663    7  0.000  0.428     0.00     0.00 -1    -1e-30      0.00 7.412e-01 2.583e-01 6.904e-05 4.381e-05 2.148e-04 -1.000 4.940e-04 -3.035 0.422 -0.850 -2.308 -3.069 -3.697 -4.577 -5.281 -5.373
0.00049103 -1.50000 10.07918 0.8109080195 2.4224803448    0.744  3.146  3.6288  0.630    7  0.000  0.427     0.00     0.00 -1    -1e-30      0.00 7.411e-01 2.584e-01 6.867e-05 4.447e-05 2.145e-04 -1.000 4.941e-04 -3.095 0.451 -0.863 -2.345 -3.117 -3.753 -4.643 -5.354 -5.448
0.00049103 -1.50000 10.07918 0.8109083176 2.4224805832    0.744  3.414  3.6091  0.283    8  0.549  0.390    92.74    44.31  1 -1.29e-06      0.00 7.290e-01 2.706e-01 6.375e-05 5.931e-05 2.177e-04 -1.000 3.690e-04 -3.766 0.730 -1.000 -2.734 -3.641 -4.365 -5.364 -6.144 -6.258
0.00049103 -1.50000 10.07918 0.8109083772 2.4224805832    0.743  3.268  3.6184  0.467    8  0.549  0.390    62.45    31.47  1 -6.63e-07      0.00 7.290e-01 2.706e-01 6.375e-05 5.931e-05 2.177e-04 -1.000 3.690e-04 -3.400 0.603 -0.920 -2.521 -3.355 -4.030 -4.974 -5.722 -5.825
0.00049103 -1.50000 10.07918 0.8109084368 2.4224805832    0.743  3.124  3.6315  0.663    8  0.549  0.390    40.94    21.84  1 -3.37e-07      0.00 7.290e-01 2.706e-01 6.375e-05 5.931e-05 2.177e-04 -1.000 3.690e-04 -3.041 0.400 -0.866 -2.320 -3.079 -3.705 -4.582 -5.283 -5.375
0.00049103 -1.50000 10.07918 0.8109086156 2.4224805832    0.742  2.932  3.6491  0.925    8  0.549  0.390    23.24    13.38  1 -1.31e-07      0.00 7.290e-01 2.706e-01 6.375e-05 5.931e-05 2.177e-04 -1.000 3.691e-04 -2.559 0.182 -0.751 -2.015 -2.685 -3.254 -4.049 -4.691 -4.771
0.00049103 -1.50000 10.07918 0.8109087944 2.4224805832    0.741  2.938  3.6485  0.916    8  0.549  0.390    23.72    13.60  1 -1.36e-07      0.00 7.290e-01 2.706e-01 6.375e-05 5.931e-05 2.177e-04 -1.000 3.690e-04 -2.574 0.190 -0.754 -2.025 -2.698 -3.268 -4.066 -4.710 -4.791
0.00049103 -1.50000 10.07918 0.8109090924 2.4224808216    0.739  3.035  3.6396  0.782    8  0.550  0.390    31.69    17.44  1 -2.22e-07      0.00 7.290e-01 2.706e-01 6.375e-05 5.931e-05 2.177e-04 -1.000 3.691e-04 -2.818 0.298 -0.813 -2.182 -2.899 -3.499 -4.337 -5.010 -5.097
0.00049103 -1.50000 10.07918 0.8109093904 2.4224808216    0.737  3.186  3.6258  0.575    8  0.550  0.390    49.54    25.62  1 -4.63e-07      0.00 7.290e-01 2.706e-01 6.375e-05 5.931e-05 2.177e-04 -1.000 3.690e-04 -3.195 0.489 -0.890 -2.408 -3.198 -3.845 -4.751 -5.472 -5.569
0.00049103 -1.50000 10.07918 0.8109098077 2.4224810600    0.735  3.315  3.6139  0.397    8  0.550  0.390    72.78    35.66  1 -8.57e-07      0.00 7.290e-01 2.706e-01 6.375e-05 5.931e-05 2.177e-04 -1.000 3.690e-04 -3.518 0.698 -0.914 -2.571 -3.437 -4.133 -5.102 -5.866 -5.975
0.00049103 -1.50000 10.07918 0.8109102249 2.4224810600    0.732  3.400  3.6061  0.279    8  0.551  0.390    93.92    44.34  1 -1.28e-06      0.00 7.290e-01 2.706e-01 6.375e-05 5.931e-05 2.177e-04 -1.000 3.690e-04 -3.731 0.857 -0.909 -2.663 -3.584 -4.318 -5.332 -6.125 -6.242
0.00049103 -1.50000 10.07918 0.8109107614 2.4224812984    0.729  3.447  3.6018  0.213    8  0.551  0.390   108.34    50.03  1 -1.61e-06      0.00 7.290e-01 2.706e-01 6.375e-05 5.931e-05 2.177e-04 -1.000 3.690e-04 -3.848 0.949 -0.901 -2.710 -3.663 -4.418 -5.457 -6.266 -6.389
0.00049103 -1.50000 10.07918 0.8109112978 2.4224815369    0.725  3.471  3.5995  0.177    8  0.552  0.390   117.02    53.31  1 -1.82e-06      0.00 7.290e-01 2.706e-01 6.375e-05 5.931e-05 2.177e-04 -1.000 3.690e-04 -3.908 1.000 -0.894 -2.732 -3.702 -4.469 -5.522 -6.340 -6.466
0.00049103 -1.50000 10.07918 0.8109118938 2.4224817753    0.722  3.487  3.5984  0.155    8  0.552  0.390   122.98    55.45  0 -1.98e-06      0.00 7.290e-01 2.706e-01 6.375e-05 5.931e-05 2.177e-04 -1.000 3.690e-04 -3.948 1.022 -0.896 -2.750 -3.731 -4.504 -5.564 -6.386 -6.514
