Zini     MH   logAge Mini        int_IMF         Mass   logL    logTe  logg  label   McoreTP C_O  period0 period1 pmode  Mloss  tau1m   X   Y   Xc  Xn  Xo  Cexcess  Z 	 mbolmag  Umag    Bmag    Vmag    Rmag    Imag    Jmag    Hmag    Kmag
0.00049103 -1.50000 10.11394 0.0900000036 1.0816895962    0.090 -3.182  3.4752  5.427    1  0.000  0.545     0.00     0.00 -1 -5.33e-17      0.00 7.478e-01 2.517e-01 8.884e-05 2.397e-05 2.174e-04 -1.000 4.941e-04 12.725 20.137 17.393 15.392 13.687 12.055 10.738 10.426 10.324
0.00049103 -1.50000 10.11394 0.0944780484 1.1232507229    0.094 -3.049  3.4942  5.391    1  0.000  0.545     0.00     0.00 -1 -7.38e-17      0.00 7.469e-01 2.526e-01 8.884e-05 2.397e-05 2.174e-04 -1.000 4.941e-04 12.392 18.902 16.561 14.607 13.135 11.711 10.471 10.079 9.958
0.00049103 -1.50000 10.11394 0.1000000015 1.1711064577    0.100 -2.893  3.5164  5.348    1  0.000  0.545     0.00     0.00 -1 -1.08e-16      0.00 7.458e-01 2.537e-01 8.884e-05 2.397e-05 2.174e-04 -1.000 4.940e-04 12.002 17.590 15.650 13.804 12.521 11.313 10.156 9.695 9.553
0.00049103 -1.50000 10.11394 0.1199999973 1.3193154335    0.120 -2.607  3.5475  5.266    1  0.000  0.545     0.00     0.00 -1 -2.09e-16      0.00 7.430e-01 2.565e-01 8.884e-05 2.397e-05 2.174e-04 -1.000 4.940e-04 11.288 15.789 14.290 12.660 11.552 10.589 9.543 9.019 8.854
0.00049103 -1.50000 10.11394 0.1400000006 1.4384527206    0.140 -2.425  3.5629  5.212    1  0.000  0.545     0.00     0.00 -1 -3.13e-16      0.00 7.409e-01 2.586e-01 8.884e-05 2.397e-05 2.174e-04 -1.000 4.942e-04 10.832 14.871 13.553 12.036 10.996 10.130 9.137 8.593 8.418
0.00049103 -1.50000 10.11394 0.1599999964 1.5372931957    0.160 -2.282  3.5730  5.168    1  0.000  0.545     0.00     0.00 -1 -4.28e-16      0.00 7.395e-01 2.600e-01 8.884e-05 2.397e-05 2.174e-04 -1.000 4.941e-04 10.475 14.229 13.021 11.578 10.582 9.772 8.812 8.258 8.075
0.00049103 -1.50000 10.11394 0.2000000179 1.6938792467    0.200 -2.060  3.5862  5.096    1  0.000  0.545     0.00     0.00 -1 -6.93e-16      0.00 7.383e-01 2.612e-01 8.884e-05 2.397e-05 2.174e-04 -1.000 4.942e-04 9.920 13.332 12.256 10.905 9.967 9.215 8.297 7.734 7.544
0.00049103 -1.50000 10.11394 0.2500000298 1.8403259516    0.250 -1.857  3.5973  5.034    1  0.000  0.545     0.00     0.00 -1 -3.38e-17      0.00 7.383e-01 2.612e-01 8.883e-05 2.397e-05 2.174e-04 -1.000 4.941e-04 9.412 12.560 11.584 10.306 9.417 8.704 7.821 7.253 7.063
0.00049103 -1.50000 10.11394 0.3000000417 1.9529141188    0.300 -1.702  3.6059  4.993    1  0.000  0.545     0.00     0.00 -1 -1.03e-16      0.00 7.385e-01 2.610e-01 8.882e-05 2.397e-05 2.174e-04 -1.000 4.942e-04 9.025 11.987 11.079 9.854 9.001 8.315 7.457 6.889 6.702
0.00049103 -1.50000 10.11394 0.3225902617 1.9960601330    0.323 -1.643  3.6094  4.979    1  0.000  0.545     0.00     0.00 -1 -1.63e-15      0.00 7.385e-01 2.610e-01 8.880e-05 2.397e-05 2.174e-04 -1.000 4.941e-04 8.878 11.767 10.886 9.681 8.842 8.167 7.320 6.750 6.566
0.00049103 -1.50000 10.11394 0.3500000238 2.0434176922    0.350 -1.577  3.6132  4.964    1  0.000  0.545     0.00     0.00 -1 -1.86e-15      0.00 7.385e-01 2.610e-01 8.878e-05 2.397e-05 2.174e-04 -1.000 4.940e-04 8.713 11.523 10.670 9.487 8.664 8.000 7.164 6.595 6.414
0.00049103 -1.50000 10.11394 0.3935088813 2.1094636917    0.393 -1.450  3.6233  4.928    1  0.000  0.545     0.00     0.00 -1 -2.44e-15      0.00 7.488e-01 2.507e-01 8.884e-05 2.397e-05 2.174e-04 -1.000 4.941e-04 8.396 11.011 10.228 9.099 8.318 7.682 6.874 6.304 6.135
0.00049103 -1.50000 10.11394 0.4000000358 2.1185026169    0.400 -1.432  3.6247  4.923    1  0.000  0.545     0.00     0.00 -1 -2.54e-15      0.00 7.503e-01 2.492e-01 8.884e-05 2.397e-05 2.174e-04 -1.000 4.941e-04 8.351 10.940 10.166 9.045 8.269 7.637 6.833 6.263 6.096
0.00049103 -1.50000 10.11394 0.4500000179 2.1822810173    0.450 -1.257  3.6437  4.874    1  0.000  0.545     0.00     0.00 -1 -3.79e-15      0.00 7.504e-01 2.491e-01 8.884e-05 2.397e-05 2.174e-04 -1.000 4.941e-04 7.911 10.147 9.503 8.481 7.778 7.197 6.445 5.883 5.739
0.00049103 -1.50000 10.11394 0.5000000000 2.2374541759    0.500 -1.058  3.6701  4.828    1  0.000  0.545     0.00     0.00 -1 -5.99e-15      0.00 7.504e-01 2.491e-01 8.884e-05 2.397e-05 2.174e-04 -1.000 4.941e-04 7.416 9.167 8.726 7.828 7.222 6.706 6.027 5.502 5.385
0.00049103 -1.50000 10.11394 0.5500000715 2.2836585045    0.550 -0.839  3.6953  4.751    1  0.000  0.544     0.00     0.00 -1 -1.03e-14      0.00 7.877e-01 2.119e-01 7.644e-05 2.064e-05 1.873e-04 -1.000 4.295e-04 6.868 8.178 7.957 7.160 6.634 6.170 5.568 5.098 5.000
0.00049103 -1.50000 10.11394 0.6000000238 2.3211214542    0.600 -0.624  3.7239  4.687    1  0.000  0.543     0.00     0.00 -1 -1.75e-14      0.00 7.993e-01 2.003e-01 7.276e-05 1.965e-05 1.785e-04 -1.000 3.956e-04 6.330 7.232 7.221 6.530 6.076 5.661 5.141 4.733 4.653
0.00049103 -1.50000 10.11394 0.6079121232 2.3264038563    0.608 -0.588  3.7290  4.677    1  0.000  0.543     0.00     0.00 -1  -1.9e-14      0.00 8.014e-01 1.982e-01 7.209e-05 1.947e-05 1.769e-04 -1.000 3.959e-04 6.240 7.080 7.101 6.429 5.986 5.579 5.073 4.675 4.598
0.00049103 -1.50000 10.11394 0.6184853315 2.3332209587    0.618 -0.540  3.7356  4.664    1  0.000  0.543     0.00     0.00 -1 -2.14e-14      0.00 8.044e-01 1.952e-01 7.115e-05 1.923e-05 1.746e-04 -1.000 3.959e-04 6.120 6.886 6.943 6.295 5.866 5.470 4.981 4.595 4.522
0.00049103 -1.50000 10.11394 0.6283131242 2.3393213749    0.628 -0.495  3.7417  4.650    1  0.000  0.543     0.00     0.00 -1 -3.26e-21      0.00 8.073e-01 1.923e-01 7.026e-05 1.899e-05 1.725e-04 -1.000 3.958e-04 6.008 6.709 6.798 6.172 5.755 5.368 4.894 4.519 4.450
0.00049103 -1.50000 10.11394 0.6374488473 2.3447985649    0.637 -0.453  3.7472  4.636    1  0.000  0.543     0.00     0.00 -1 -2.84e-18      0.00 8.100e-01 1.896e-01 6.938e-05 1.876e-05 1.704e-04 -1.000 3.949e-04 5.902 6.549 6.665 6.058 5.652 5.274 4.813 4.447 4.382
0.00049103 -1.50000 10.11394 0.6463514566 2.3499650955    0.646 -0.411  3.7525  4.622    1  0.000  0.543     0.00     0.00 -1  -2.1e-15      0.00 8.128e-01 1.868e-01 6.850e-05 1.852e-05 1.683e-04 -1.000 3.949e-04 5.799 6.395 6.534 5.946 5.552 5.183 4.734 4.375 4.315
0.00049103 -1.50000 10.11394 0.6499999762 2.3520355225    0.650 -0.394  3.7546  4.615    1  0.000  0.542     0.00     0.00 -1 -3.09e-14      0.00 8.140e-01 1.856e-01 6.814e-05 1.843e-05 1.675e-04 -1.000 3.958e-04 5.756 6.332 6.480 5.901 5.511 5.145 4.702 4.346 4.287
0.00049103 -1.50000 10.11394 0.6560529470 2.3554120064    0.656 -0.366  3.7579  4.604    1  0.000  0.542     0.00     0.00 -1 -3.33e-14      0.00 8.164e-01 1.832e-01 6.738e-05 1.822e-05 1.657e-04 -1.000 3.954e-04 5.684 6.230 6.392 5.825 5.442 5.082 4.646 4.295 4.239
0.00049103 -1.50000 10.11394 0.6669041514 2.3612890244    0.667 -0.313  3.7637  4.582    1  0.000  0.542     0.00     0.00 -1 -3.78e-14      0.00 8.209e-01 1.788e-01 6.596e-05 1.785e-05 1.622e-04 -1.000 3.884e-04 5.552 6.050 6.233 5.688 5.317 4.966 4.543 4.199 4.149
0.00049103 -1.50000 10.11394 0.6772499681 2.3666911125    0.677 -0.261  3.7692  4.559    1  0.000  0.542     0.00     0.00 -1 -4.06e-14      0.00 8.255e-01 1.742e-01 6.453e-05 1.746e-05 1.588e-04 -1.000 3.409e-04 5.423 5.880 6.080 5.554 5.194 4.852 4.440 4.104 4.058
0.00049103 -1.50000 10.11394 0.6868885756 2.3715558052    0.687 -0.212  3.7741  4.535    1  0.000  0.541     0.00     0.00 -1 -2.96e-18      0.00 8.300e-01 1.697e-01 6.311e-05 1.709e-05 1.554e-04 -1.000 3.225e-04 5.299 5.721 5.935 5.427 5.076 4.743 4.341 4.012 3.969
0.00049103 -1.50000 10.11394 0.6958475113 2.3759388924    0.696 -0.164  3.7786  4.510    1  0.000  0.541     0.00     0.00 -1 -2.65e-15      0.00 8.344e-01 1.653e-01 6.173e-05 1.672e-05 1.522e-04 -1.000 3.057e-04 5.179 5.571 5.795 5.304 4.962 4.636 4.244 3.921 3.882
0.00049103 -1.50000 10.11394 0.6999999881 2.3779268265    0.700 -0.141  3.7807  4.498    1  0.000  0.541     0.00     0.00 -1 -6.09e-14      0.00 8.365e-01 1.632e-01 6.107e-05 1.655e-05 1.506e-04 -1.000 2.980e-04 5.121 5.500 5.729 5.245 4.908 4.585 4.197 3.877 3.840
0.00049103 -1.50000 10.11394 0.7057315707 2.3806264400    0.705 -0.108  3.7834  4.480    1  0.000  0.540     0.00     0.00 -1 -6.68e-14      0.00 8.400e-01 1.598e-01 5.991e-05 1.626e-05 1.480e-04 -1.000 2.978e-04 5.040 5.405 5.636 5.162 4.830 4.511 4.129 3.813 3.778
0.00049103 -1.50000 10.11394 0.7139059901 2.3843905926    0.713 -0.059  3.7872  4.451    1  0.000  0.538     0.00     0.00 -1 -7.69e-14      0.00 8.448e-01 1.549e-01 5.831e-05 1.587e-05 1.445e-04 -1.000 3.569e-04 4.917 5.264 5.498 5.037 4.712 4.400 4.025 3.715 3.683
0.00049103 -1.50000 10.11394 0.7209262252 2.3875451088    0.720 -0.014  3.7904  4.423    1  0.000  0.536     0.00     0.00 -1 -8.75e-14      0.00 8.488e-01 1.508e-01 5.701e-05 1.555e-05 1.417e-04 -1.000 3.522e-04 4.806 5.138 5.374 4.923 4.605 4.298 3.930 3.625 3.595
0.00049103 -1.50000 10.11394 0.7277269363 2.3905341625    0.727  0.031  3.7933  4.394    1  0.000  0.535     0.00     0.00 -1 -6.57e-18      0.00 8.526e-01 1.471e-01 5.583e-05 1.526e-05 1.392e-04 -1.000 3.154e-04 4.692 5.013 5.248 4.808 4.495 4.193 3.831 3.531 3.503
0.00049103 -1.50000 10.11394 0.7345277667 2.3934597969    0.734  0.079  3.7960  4.361    1  0.000  0.533     0.00     0.00 -1 -8.57e-19      0.00 8.562e-01 1.435e-01 5.473e-05 1.499e-05 1.368e-04 -1.000 3.118e-04 4.572 4.882 5.116 4.686 4.378 4.081 3.725 3.430 3.403
0.00049103 -1.50000 10.11394 0.7423854470 2.3967633247    0.742  0.139  3.7989  4.317    1  0.000  0.532     0.00     0.00 -1 -4.17e-16      0.00 8.599e-01 1.398e-01 5.361e-05 1.472e-05 1.345e-04 -1.000 3.024e-04 4.423 4.723 4.954 4.534 4.233 3.941 3.591 3.301 3.276
0.00049103 -1.50000 10.11394 0.7497293949 2.3997790813    0.749  0.199  3.8012  4.270    1  0.000  0.530     0.00     0.00 -1 -1.36e-13      0.00 8.632e-01 1.365e-01 5.267e-05 1.450e-05 1.325e-04 -1.000 2.961e-04 4.272 4.566 4.793 4.381 4.084 3.796 3.451 3.166 3.142
0.00049103 -1.50000 10.11394 0.7500000000 2.3998889923    0.749  0.201  3.8013  4.268    1  0.000  0.530     0.00     0.00 -1 -1.68e-13      0.00 8.633e-01 1.364e-01 5.263e-05 1.449e-05 1.325e-04 -1.000 2.960e-04 4.266 4.561 4.787 4.375 4.078 3.790 3.446 3.161 3.137
0.00049103 -1.50000 10.11394 0.7513553500 2.4004378319    0.751  0.213  3.8017  4.259    1  0.000  0.530     0.00     0.00 -1 -1.74e-13      0.00 8.636e-01 1.361e-01 5.259e-05 1.448e-05 1.324e-04 -1.000 2.974e-04 4.238 4.531 4.756 4.345 4.050 3.763 3.419 3.135 3.112
0.00049103 -1.50000 10.11394 0.7568166256 2.4026257992    0.756  0.262  3.8030  4.218    1  0.000  0.529     0.00     0.00 -1 -2.04e-13      0.00 8.634e-01 1.362e-01 5.281e-05 1.454e-05 1.330e-04 -1.000 3.080e-04 4.115 4.406 4.626 4.220 3.928 3.643 3.303 3.021 2.998
0.00049103 -1.50000 10.11394 0.7605582476 2.4041039944    0.760  0.298  3.8036  4.187    1  0.000  0.529     0.00     0.00 -1  -2.3e-13      0.00 8.630e-01 1.367e-01 5.306e-05 1.461e-05 1.336e-04 -1.000 3.172e-04 4.026 4.316 4.533 4.130 3.839 3.556 3.217 2.936 2.914
0.00049103 -1.50000 10.11394 0.7619309425 2.4046421051    0.761  0.312  3.8036  4.173    1  0.000  0.529     0.00     0.00 -1 -2.41e-13      0.00 8.628e-01 1.369e-01 5.315e-05 1.464e-05 1.339e-04 -1.000 3.200e-04 3.989 4.281 4.496 4.093 3.802 3.519 3.180 2.899 2.877
0.00049103 -1.50000 10.11394 0.7672765255 2.4067168236    0.766  0.372  3.8023  4.111    1  0.000  0.529     0.00     0.00 -1 -2.95e-13      0.00 8.621e-01 1.376e-01 5.353e-05 1.474e-05 1.348e-04 -1.000 3.307e-04 3.839 4.137 4.347 3.942 3.650 3.365 3.023 2.741 2.718
0.00049103 -1.50000 10.11394 0.7713508010 2.4082758427    0.770  0.425  3.7995  4.050    1  0.000  0.529     0.00     0.00 -1 -3.56e-13      0.00 8.616e-01 1.381e-01 5.381e-05 1.482e-05 1.355e-04 -1.000 3.386e-04 3.708 4.017 4.224 3.813 3.516 3.227 2.879 2.591 2.567
0.00049103 -1.50000 10.11394 0.7720461488 2.4085400105    0.771  0.434  3.7988  4.038    1  0.000  0.529     0.00     0.00 -1 -3.71e-13      0.00 8.615e-01 1.382e-01 5.386e-05 1.483e-05 1.357e-04 -1.000 3.400e-04 3.684 3.996 4.202 3.789 3.491 3.201 2.851 2.562 2.538
0.00049103 -1.50000 10.11394 0.7727344632 2.4088008404    0.772  0.445  3.7978  4.023    2  0.000  0.529     0.00     0.00 -1 -3.87e-13      0.00 8.614e-01 1.383e-01 5.390e-05 1.485e-05 1.358e-04 -1.000 3.414e-04 3.657 3.974 4.179 3.763 3.463 3.172 2.819 2.529 2.503
0.00049103 -1.50000 10.11394 0.7750414610 2.4096717834    0.774  0.483  3.7931  3.968    2  0.000  0.529     0.00     0.00 -1 -4.47e-13      0.00 8.611e-01 1.386e-01 5.406e-05 1.489e-05 1.362e-04 -1.000 3.459e-04 3.562 3.898 4.099 3.670 3.363 3.064 2.701 2.402 2.374
0.00049103 -1.50000 10.11394 0.7767987847 2.4103310108    0.775  0.516  3.7878  3.914    2  0.000  0.529     0.00     0.00 -1 -5.12e-13      0.00 8.596e-01 1.401e-01 5.465e-05 1.505e-05 1.377e-04 -1.000 3.493e-04 3.479 3.838 4.035 3.592 3.274 2.967 2.592 2.283 2.253
0.00049103 -1.50000 10.11394 0.7781704664 2.4108433723    0.777  0.546  3.7814  3.860    2  0.000  0.530     0.00     0.00 -1 -5.84e-13      0.00 8.549e-01 1.448e-01 5.632e-05 1.551e-05 1.418e-04 -1.000 3.525e-04 3.405 3.794 3.985 3.523 3.194 2.876 2.486 2.166 2.132
0.00049103 -1.50000 10.11394 0.7792733908 2.4112536907    0.778  0.572  3.7750  3.809    2  0.000  0.531     0.00     0.00 -1 -6.57e-13      0.00 8.378e-01 1.618e-01 6.193e-05 1.703e-05 1.556e-04 -1.000 3.565e-04 3.340 3.764 3.947 3.463 3.122 2.795 2.390 2.059 2.021
0.00049103 -1.50000 10.11394 0.7801966667 2.4115962982    0.779  0.596  3.7682  3.758    2  0.000  0.532     0.00     0.00 -1 -7.37e-13      0.00 8.163e-01 1.833e-01 6.844e-05 1.879e-05 1.714e-04 -1.000 3.886e-04 3.279 3.743 3.915 3.410 3.056 2.718 2.297 1.953 1.911
0.00049103 -1.50000 10.11394 0.7810096145 2.4118969440    0.779  0.621  3.7614  3.706    2  0.000  0.534     0.00     0.00 -1 -7.27e-17      0.00 7.990e-01 2.005e-01 7.347e-05 2.014e-05 1.834e-04 -1.000 4.193e-04 3.217 3.722 3.883 3.355 2.989 2.639 2.203 1.847 1.800
0.00049103 -1.50000 10.11394 0.7817295790 2.4121627808    0.780  0.649  3.7552  3.654    2  0.000  0.535     0.00     0.00 -1 -4.83e-19      0.00 7.868e-01 2.128e-01 7.697e-05 2.107e-05 1.917e-04 -1.000 4.270e-04 3.148 3.697 3.844 3.294 2.917 2.557 2.106 1.739 1.688
0.00049103 -1.50000 10.11394 0.7824414968 2.4124250412    0.781  0.684  3.7493  3.595    2  0.000  0.536     0.00     0.00 -1 -9.37e-19      0.00 7.785e-01 2.211e-01 7.934e-05 2.171e-05 1.974e-04 -1.000 4.281e-04 3.059 3.651 3.783 3.214 2.826 2.456 1.991 1.614 1.559
0.00049103 -1.50000 10.11394 0.7830026746 2.4126315117    0.781  0.720  3.7453  3.544    2  0.000  0.536     0.00     0.00 -1 -1.61e-18      0.00 7.739e-01 2.256e-01 8.061e-05 2.205e-05 2.004e-04 -1.000 4.384e-04 2.969 3.592 3.714 3.131 2.735 2.359 1.884 1.500 1.441
0.00049103 -1.50000 10.11394 0.7833858132 2.4127721786    0.782  0.748  3.7429  3.506    2  0.000  0.536     0.00     0.00 -1 -2.36e-18      0.00 7.715e-01 2.281e-01 8.130e-05 2.223e-05 2.021e-04 -1.000 3.960e-04 2.900 3.540 3.657 3.066 2.665 2.286 1.804 1.416 1.356
0.00049103 -1.50000 10.11394 0.7835599780 2.4128360748    0.782  0.763  3.7420  3.488    2  0.000  0.536     0.00     0.00 -1 -2.82e-18      0.00 7.705e-01 2.290e-01 8.153e-05 2.229e-05 2.026e-04 -1.000 4.278e-04 2.863 3.510 3.624 3.031 2.629 2.247 1.764 1.374 1.313
0.00049103 -1.50000 10.11394 0.7840276957 2.4130074978    0.782  0.804  3.7397  3.439    3  0.000  0.537     0.00     0.00 -1 -4.57e-18      0.00 7.681e-01 2.314e-01 8.211e-05 2.244e-05 2.040e-04 -1.000 4.842e-04 2.761 3.427 3.534 2.933 2.527 2.142 1.652 1.257 1.195
0.00049103 -1.50000 10.11394 0.7845395207 2.4131948948    0.783  0.852  3.7375  3.382    3  0.000  0.537     0.00     0.00 -1 -7.83e-18      0.00 7.658e-01 2.338e-01 8.263e-05 2.258e-05 2.053e-04 -1.000 4.467e-04 2.640 3.327 3.425 2.817 2.406 2.018 1.522 1.121 1.058
0.00049103 -1.50000 10.11394 0.7849744558 2.4133539200    0.783  0.896  3.7358  3.331    3  0.000  0.537     0.00     0.00 -1 -1.25e-17      0.00 7.639e-01 2.357e-01 8.301e-05 2.269e-05 2.062e-04 -1.000 4.421e-04 2.530 3.232 3.323 2.710 2.296 1.905 1.404 0.999 0.935
0.00049103 -1.50000 10.11394 0.7853903770 2.4135057926    0.784  0.942  3.7341  3.279    3  0.000  0.537     0.00     0.00 -1 -1.98e-17      0.00 7.622e-01 2.374e-01 8.330e-05 2.277e-05 2.069e-04 -1.000 4.885e-04 2.416 3.133 3.218 2.600 2.184 1.790 1.283 0.875 0.810
0.00049103 -1.50000 10.11394 0.7858131528 2.4136598110    0.784  0.991  3.7326  3.223    3  0.000  0.537     0.00     0.00 -1 -3.19e-17      0.00 7.604e-01 2.391e-01 8.356e-05 2.285e-05 2.076e-04 -1.000 4.884e-04 2.292 3.023 3.102 2.479 2.060 1.664 1.152 0.740 0.674
0.00049103 -1.50000 10.11394 0.7862018347 2.4138014317    0.784  1.040  3.7311  3.168    3  0.000  0.537     0.00     0.00 -1    -5e-17      0.00 7.588e-01 2.407e-01 8.375e-05 2.291e-05 2.081e-04 -1.000 4.702e-04 2.169 2.914 2.987 2.359 1.938 1.539 1.023 0.606 0.540
0.00049103 -1.50000 10.11394 0.7865510583 2.4139285088    0.785  1.088  3.7296  3.115    3  0.000  0.536     0.00     0.00 -1 -7.59e-17      0.00 7.574e-01 2.422e-01 8.384e-05 2.297e-05 2.085e-04 -1.000 4.430e-04 2.049 2.807 2.875 2.242 1.818 1.417 0.896 0.475 0.409
0.00049103 -1.50000 10.11394 0.7868565321 2.4140396118    0.785  1.134  3.7283  3.064    3  0.000  0.535     0.00     0.00 -1  -1.1e-16      0.00 7.561e-01 2.435e-01 8.387e-05 2.303e-05 2.089e-04 -1.000 4.380e-04 1.936 2.707 2.769 2.132 1.706 1.303 0.778 0.353 0.286
0.00049103 -1.50000 10.11394 0.7871542573 2.4141476154    0.785  1.182  3.7268  3.010    3  0.000  0.534     0.00     0.00 -1 -1.61e-16      0.00 7.548e-01 2.447e-01 8.382e-05 2.312e-05 2.091e-04 -1.000 4.919e-04 1.815 2.600 2.656 2.014 1.586 1.181 0.651 0.222 0.155
0.00049103 -1.50000 10.11394 0.7874400020 2.4142513275    0.785  1.233  3.7252  2.953    3  0.000  0.533     0.00     0.00 -1 -2.35e-16      0.00 7.538e-01 2.457e-01 8.370e-05 2.324e-05 2.094e-04 -1.000 4.637e-04 1.688 2.489 2.539 1.891 1.461 1.053 0.518 0.085 0.017
0.00049103 -1.50000 10.11394 0.7876796722 2.4143383503    0.785  1.279  3.7238  2.901    3  0.000  0.532     0.00     0.00 -1 -3.27e-16      0.00 7.530e-01 2.466e-01 8.354e-05 2.337e-05 2.095e-04 -1.000 4.324e-04 1.572 2.388 2.431 1.778 1.345 0.935 0.396 -0.041 -0.110
0.00049103 -1.50000 10.11394 0.7878983021 2.4144175053    0.785  1.325  3.7223  2.849    3  0.000  0.530     0.00     0.00 -1 -4.46e-16      0.00 7.523e-01 2.472e-01 8.338e-05 2.353e-05 2.096e-04 -1.000 4.812e-04 1.457 2.288 2.324 1.666 1.231 0.818 0.274 -0.166 -0.235
0.00049103 -1.50000 10.11394 0.7881040573 2.4144918919    0.786  1.372  3.7208  2.796    3  0.000  0.529     0.00     0.00 -1 -6.05e-16      0.00 7.518e-01 2.477e-01 8.320e-05 2.369e-05 2.098e-04 -1.000 4.940e-04 1.339 2.186 2.215 1.552 1.114 0.698 0.150 -0.295 -0.364
0.00049103 -1.50000 10.11394 0.7882859707 2.4145576954    0.786  1.418  3.7192  2.744    3  0.000  0.528     0.00     0.00 -1 -8.02e-16      0.00 7.514e-01 2.481e-01 8.306e-05 2.383e-05 2.098e-04 -1.000 4.940e-04 1.225 2.089 2.111 1.442 1.001 0.583 0.029 -0.420 -0.490
0.00049103 -1.50000 10.11394 0.7884590626 2.4146203995    0.786  1.465  3.7175  2.690    3  0.000  0.527     0.00     0.00 -1 -1.06e-15      0.00 7.511e-01 2.484e-01 8.295e-05 2.395e-05 2.099e-04 -1.000 4.940e-04 1.107 1.988 2.002 1.328 0.884 0.463 -0.096 -0.549 -0.620
0.00049103 -1.50000 10.11394 0.7886116505 2.4146754742    0.786  1.511  3.7158  2.637    3  0.000  0.526     0.00     0.00 -1 -1.38e-15      0.00 7.509e-01 2.486e-01 8.288e-05 2.401e-05 2.099e-04 -1.000 4.931e-04 0.992 1.892 1.899 1.218 0.770 0.347 -0.217 -0.675 -0.746
0.00049103 -1.50000 10.11394 0.7887474895 2.4147245884    0.786  1.556  3.7141  2.586    3  0.000  0.526     0.00     0.00 -1 -1.76e-15      0.00 7.508e-01 2.487e-01 8.285e-05 2.405e-05 2.099e-04 -1.000 4.852e-04 0.881 1.799 1.798 1.111 0.661 0.234 -0.335 -0.798 -0.870
0.00049103 -1.50000 10.11394 0.7888769507 2.4147713184    0.786  1.602  3.7125  2.533    3  0.000  0.526     0.00     0.00 -1 -2.24e-15      0.00 7.508e-01 2.487e-01 8.283e-05 2.407e-05 2.099e-04 -1.000 4.727e-04 0.765 1.702 1.694 1.000 0.547 0.117 -0.458 -0.925 -0.997
0.00049103 -1.50000 10.11394 0.7889941335 2.4148137569    0.786  1.647  3.7106  2.480    3  0.000  0.526     0.00     0.00 -1 -2.82e-15      0.00 7.508e-01 2.487e-01 8.283e-05 2.408e-05 2.099e-04 -1.000 4.730e-04 0.652 1.609 1.592 0.891 0.434 0.002 -0.579 -1.051 -1.124
0.00049103 -1.50000 10.11394 0.7890973687 2.4148509502    0.785  1.691  3.7089  2.430    3  0.000  0.526     0.00     0.00 -1  -3.5e-15      0.00 7.508e-01 2.487e-01 8.283e-05 2.408e-05 2.100e-04 -1.000 4.732e-04 0.542 1.524 1.495 0.787 0.326 -0.110 -0.695 -1.171 -1.245
0.00049103 -1.50000 10.11394 0.7891921401 2.4148852825    0.785  1.735  3.7071  2.379    3  0.000  0.526     0.00     0.00 -1 -3.78e-15      0.00 7.508e-01 2.487e-01 8.283e-05 2.408e-05 2.100e-04 -1.000 4.734e-04 0.434 1.440 1.399 0.683 0.218 -0.221 -0.811 -1.291 -1.366
0.00049103 -1.50000 10.11394 0.7892839313 2.4149184227    0.785  1.780  3.7052  2.325    3  0.000  0.526     0.00     0.00 -1 -4.41e-15      0.00 7.508e-01 2.487e-01 8.283e-05 2.408e-05 2.100e-04 -1.000 4.735e-04 0.320 1.353 1.300 0.574 0.105 -0.337 -0.933 -1.418 -1.493
0.00049103 -1.50000 10.11394 0.7893643379 2.4149472713    0.785  1.823  3.7033  2.275    3  0.000  0.526     0.00     0.00 -1 -5.36e-15      0.00 7.508e-01 2.487e-01 8.283e-05 2.409e-05 2.100e-04 -1.000 4.737e-04 0.211 1.271 1.205 0.471 -0.002 -0.447 -1.049 -1.539 -1.615
0.00049103 -1.50000 10.11394 0.7894382477 2.4149739742    0.785  1.866  3.7014  2.224    3  0.000  0.526     0.00     0.00 -1 -6.49e-15      0.00 7.508e-01 2.487e-01 8.283e-05 2.409e-05 2.100e-04 -1.000 4.738e-04 0.104 1.190 1.112 0.370 -0.108 -0.556 -1.164 -1.658 -1.735
0.00049103 -1.50000 10.11394 0.7895082235 2.4149992466    0.785  1.910  3.6995  2.173    3  0.000  0.526     0.00     0.00 -1 -7.83e-15      0.00 7.508e-01 2.487e-01 8.283e-05 2.409e-05 2.100e-04 -1.000 4.741e-04 -0.004 1.110 1.019 0.267 -0.215 -0.667 -1.280 -1.780 -1.857
0.00049103 -1.50000 10.11394 0.7895698547 2.4150214195    0.784  1.950  3.6976  2.125    3  0.000  0.526     0.00     0.00 -1 -9.31e-15      0.00 7.508e-01 2.488e-01 8.282e-05 2.409e-05 2.100e-04 -1.000 4.742e-04 -0.106 1.037 0.933 0.172 -0.314 -0.770 -1.389 -1.893 -1.971
0.00049103 -1.50000 10.11394 0.7896291614 2.4150428772    0.784  1.989  3.6958  2.078    3  0.000  0.526     0.00     0.00 -1  -1.1e-14      0.00 7.508e-01 2.488e-01 8.282e-05 2.409e-05 2.100e-04 -1.000 4.743e-04 -0.203 0.967 0.850 0.080 -0.410 -0.869 -1.493 -2.003 -2.081
0.00049103 -1.50000 10.11394 0.7896907926 2.4150650501    0.784  2.025  3.6941  2.036    3  0.000  0.526     0.00     0.00 -1 -1.29e-14      0.00 7.508e-01 2.488e-01 8.282e-05 2.409e-05 2.100e-04 -1.000 4.744e-04 -0.292 0.903 0.776 -0.003 -0.496 -0.959 -1.589 -2.102 -2.182
0.00049103 -1.50000 10.11394 0.7897458673 2.4150848389    0.784  2.050  3.6930  2.006    3  0.000  0.526     0.00     0.00 -1 -1.46e-14      0.00 7.508e-01 2.488e-01 8.282e-05 2.409e-05 2.100e-04 -1.000 4.744e-04 -0.356 0.856 0.721 -0.063 -0.559 -1.023 -1.657 -2.174 -2.253
0.00049103 -1.50000 10.11394 0.7897917628 2.4151012897    0.783  2.037  3.6940  2.023    3  0.000  0.526     0.00     0.00 -1 -1.47e-14      0.00 7.508e-01 2.488e-01 8.282e-05 2.410e-05 2.100e-04 -1.000 4.746e-04 -0.322 0.877 0.747 -0.032 -0.526 -0.988 -1.619 -2.133 -2.212
0.00049103 -1.50000 10.11394 0.7898007035 2.4151046276    0.783  2.045  3.6936  2.014    3  0.000  0.526     0.00     0.00 -1 -1.52e-14      0.00 7.508e-01 2.488e-01 8.282e-05 2.410e-05 2.100e-04 -1.000 4.745e-04 -0.341 0.863 0.731 -0.050 -0.545 -1.008 -1.640 -2.155 -2.235
0.00049103 -1.50000 10.11394 0.7898465991 2.4151210785    0.783  2.087  3.6915  1.963    3  0.000  0.526     0.00     0.00 -1 -1.78e-14      0.00 7.507e-01 2.488e-01 8.282e-05 2.410e-05 2.100e-04 -1.000 4.746e-04 -0.448 0.791 0.643 -0.150 -0.650 -1.117 -1.755 -2.276 -2.356
0.00049103 -1.50000 10.11394 0.7898890376 2.4151363373    0.783  2.129  3.6894  1.912    3  0.000  0.526     0.00     0.00 -1  -2.1e-14      0.00 7.507e-01 2.488e-01 8.282e-05 2.410e-05 2.100e-04 -1.000 4.748e-04 -0.553 0.725 0.558 -0.247 -0.752 -1.223 -1.869 -2.396 -2.477
0.00049103 -1.50000 10.11394 0.7899298072 2.4151511192    0.782  2.173  3.6872  1.859    3  0.000  0.526     0.00     0.00 -1 -2.48e-14      0.00 7.507e-01 2.488e-01 8.282e-05 2.410e-05 2.100e-04 -1.000 4.748e-04 -0.662 0.657 0.470 -0.347 -0.858 -1.333 -1.987 -2.521 -2.603
0.00049103 -1.50000 10.11394 0.7899641991 2.4151635170    0.782  2.213  3.6850  1.811    3  0.000  0.526     0.00     0.00 -1 -2.88e-14      0.00 7.507e-01 2.488e-01 8.282e-05 2.410e-05 2.100e-04 -1.000 4.749e-04 -0.762 0.616 0.396 -0.440 -0.957 -1.436 -2.097 -2.637 -2.718
0.00049103 -1.50000 10.11394 0.7899973989 2.4151754379    0.781  2.254  3.6828  1.760    3  0.000  0.526     0.00     0.00 -1 -3.36e-14      0.00 7.507e-01 2.488e-01 8.282e-05 2.410e-05 2.100e-04 -1.000 4.749e-04 -0.865 0.579 0.322 -0.537 -1.061 -1.543 -2.211 -2.758 -2.838
0.00049103 -1.50000 10.11394 0.7900269032 2.4151859283    0.781  2.294  3.6806  1.711    3  0.000  0.526     0.00     0.00 -1 -3.89e-14      0.00 7.507e-01 2.488e-01 8.282e-05 2.410e-05 2.100e-04 -1.000 4.750e-04 -0.964 0.546 0.252 -0.629 -1.159 -1.646 -2.321 -2.874 -2.953
0.00049103 -1.50000 10.11394 0.7900545001 2.4151959419    0.780  2.333  3.6784  1.663    3  0.000  0.526     0.00     0.00 -1  -4.5e-14      0.00 7.507e-01 2.488e-01 8.282e-05 2.410e-05 2.100e-04 -1.000 4.750e-04 -1.064 0.515 0.185 -0.719 -1.258 -1.748 -2.430 -2.990 -3.068
0.00049103 -1.50000 10.11394 0.7900803089 2.4152052402    0.780  2.373  3.6762  1.614    3  0.000  0.526     0.00     0.00 -1 -5.19e-14      0.00 7.507e-01 2.488e-01 8.282e-05 2.410e-05 2.100e-04 -1.000 4.750e-04 -1.163 0.488 0.119 -0.809 -1.355 -1.849 -2.540 -3.106 -3.183
0.00049103 -1.50000 10.11394 0.7901089191 2.4152154922    0.779  2.421  3.6734  1.554    3  0.000  0.526     0.00     0.00 -1 -6.16e-14      0.00 7.507e-01 2.488e-01 8.282e-05 2.410e-05 2.100e-04 -1.000 4.751e-04 -1.282 0.462 0.043 -0.916 -1.472 -1.972 -2.671 -3.245 -3.322
0.00049103 -1.50000 10.11394 0.7901304960 2.4152233601    0.778  2.459  3.6710  1.506    3  0.000  0.526     0.00     0.00 -1 -7.06e-14      0.00 7.507e-01 2.488e-01 8.282e-05 2.410e-05 2.100e-04 -1.000 4.752e-04 -1.379 0.446 -0.016 -1.002 -1.566 -2.071 -2.778 -3.359 -3.434
0.00049103 -1.50000 10.11394 0.7901543975 2.4152319431    0.778  2.505  3.6683  1.448    3  0.000  0.526     0.00     0.00 -1  -8.3e-14      0.00 7.507e-01 2.488e-01 8.282e-05 2.410e-05 2.100e-04 -1.000 4.753e-04 -1.494 0.384 -0.099 -1.098 -1.671 -2.183 -2.902 -3.491 -3.569
0.00049103 -1.50000 10.11394 0.7901765108 2.4152398109    0.777  2.552  3.6654  1.390    3  0.000  0.526     0.00     0.00 -1 -9.75e-14      0.00 7.507e-01 2.488e-01 8.282e-05 2.411e-05 2.100e-04 -1.000 4.753e-04 -1.609 0.380 -0.162 -1.197 -1.782 -2.301 -3.029 -3.626 -3.704
0.00049103 -1.50000 10.11394 0.7901976109 2.4152474403    0.776  2.599  3.6625  1.331    3  0.000  0.526     0.00     0.00 -1 -1.15e-13      0.00 7.507e-01 2.488e-01 8.282e-05 2.411e-05 2.100e-04 -1.000 4.753e-04 -1.728 0.381 -0.224 -1.298 -1.896 -2.422 -3.161 -3.766 -3.843
0.00049103 -1.50000 10.11394 0.7902151346 2.4152538776    0.775  2.642  3.6597  1.276    3  0.000  0.526     0.00     0.00 -1 -1.33e-13      0.00 7.507e-01 2.488e-01 8.282e-05 2.411e-05 2.100e-04 -1.000 4.755e-04 -1.835 0.398 -0.272 -1.386 -1.997 -2.530 -3.280 -3.892 -3.969
0.00049103 -1.50000 10.11394 0.7902326584 2.4152600765    0.773  2.688  3.6567  1.217    3  0.000  0.526     0.00     0.00 -1 -1.56e-13      0.00 7.507e-01 2.488e-01 8.282e-05 2.411e-05 2.100e-04 -1.000 4.753e-04 -1.950 0.409 -0.326 -1.477 -2.103 -2.645 -3.407 -4.028 -4.106
0.00049103 -1.50000 10.11394 0.7902480364 2.4152655602    0.772  2.731  3.6538  1.162    3  0.000  0.526     0.00     0.00 -1 -1.81e-13      0.00 7.507e-01 2.488e-01 8.282e-05 2.411e-05 2.100e-04 -1.000 4.755e-04 -2.059 0.401 -0.384 -1.564 -2.202 -2.751 -3.525 -4.156 -4.234
0.00049103 -1.50000 10.11394 0.7902622819 2.4152708054    0.771  2.775  3.6509  1.106    3  0.000  0.526     0.00     0.00 -1  -2.1e-13      0.00 7.507e-01 2.488e-01 8.282e-05 2.411e-05 2.100e-04 -1.000 4.754e-04 -2.167 0.397 -0.439 -1.649 -2.300 -2.858 -3.644 -4.284 -4.364
0.00049103 -1.50000 10.11394 0.7902756333 2.4152755737    0.769  2.819  3.6479  1.049    3  0.000  0.526     0.00     0.00 -1 -2.43e-13      0.00 7.507e-01 2.488e-01 8.282e-05 2.411e-05 2.100e-04 -1.000 4.755e-04 -2.276 0.394 -0.494 -1.734 -2.397 -2.964 -3.762 -4.412 -4.493
0.00049103 -1.50000 10.11394 0.7902873755 2.4152798653    0.768  2.860  3.6451  0.996    3  0.000  0.526     0.00     0.00 -1 -2.79e-13      0.00 7.507e-01 2.488e-01 8.282e-05 2.411e-05 2.100e-04 -1.000 4.755e-04 -2.379 0.398 -0.543 -1.812 -2.488 -3.063 -3.874 -4.533 -4.616
0.00049103 -1.50000 10.11394 0.7902988791 2.4152839184    0.766  2.903  3.6420  0.939    3  0.000  0.526     0.00     0.00 -1 -3.22e-13      0.00 7.507e-01 2.488e-01 8.282e-05 2.411e-05 2.100e-04 -1.000 4.756e-04 -2.487 0.417 -0.585 -1.890 -2.581 -3.166 -3.992 -4.661 -4.746
0.00049103 -1.50000 10.11394 0.7903089523 2.4152874947    0.764  2.943  3.6392  0.886    3  0.000  0.526     0.00     0.00 -1 -3.69e-13      0.00 7.507e-01 2.488e-01 8.281e-05 2.411e-05 2.100e-04 -1.000 4.754e-04 -2.589 0.437 -0.623 -1.962 -2.669 -3.264 -4.103 -4.780 -4.867
0.00049103 -1.50000 10.11394 0.7903184295 2.4152908325    0.762  2.984  3.6363  0.833    3  0.000  0.526     0.00     0.00 -1 -4.22e-13      0.00 7.507e-01 2.488e-01 8.281e-05 2.411e-05 2.100e-04 -1.000 4.755e-04 -2.690 0.461 -0.659 -2.032 -2.754 -3.359 -4.212 -4.899 -4.988
0.00049103 -1.50000 10.11394 0.7903277278 2.4152941704    0.759  3.026  3.6332  0.777    3  0.000  0.526     0.00     0.00 -1 -4.87e-13      0.00 7.507e-01 2.488e-01 8.281e-05 2.411e-05 2.100e-04 -1.000 4.756e-04 -2.796 0.490 -0.695 -2.104 -2.844 -3.460 -4.327 -5.025 -5.116
0.00049103 -1.50000 10.11394 0.7903355360 2.4152970314    0.757  3.064  3.6305  0.727    3  0.000  0.526     0.00     0.00 -1 -5.52e-13      0.00 7.507e-01 2.488e-01 8.281e-05 2.411e-05 2.100e-04 -1.000 4.755e-04 -2.891 0.517 -0.727 -2.168 -2.923 -3.549 -4.430 -5.137 -5.230
0.00049103 -1.50000 10.11394 0.7903436422 2.4152998924    0.754  3.106  3.6275  0.671    3  0.000  0.526     0.00     0.00 -1 -6.34e-13      0.00 7.507e-01 2.488e-01 8.281e-05 2.411e-05 2.100e-04 -1.000 4.756e-04 -2.995 0.547 -0.761 -2.237 -3.009 -3.646 -4.542 -5.260 -5.355
0.00049103 -1.50000 10.11394 0.7903509140 2.4153025150    0.751  3.145  3.6245  0.618    3  0.000  0.526     0.00     0.00 -1 -7.23e-13      0.00 7.507e-01 2.488e-01 8.281e-05 2.411e-05 2.100e-04 -1.000 4.756e-04 -3.093 0.580 -0.790 -2.301 -3.090 -3.738 -4.649 -5.377 -5.474
0.00049103 -1.50000 10.11394 0.7903577089 2.4153051376    0.748  3.185  3.6217  0.566    3  0.000  0.526     0.00     0.00 -1 -8.24e-13      0.00 7.507e-01 2.488e-01 8.281e-05 2.411e-05 2.100e-04 -1.000 4.757e-04 -3.192 0.610 -0.820 -2.366 -3.171 -3.830 -4.755 -5.493 -5.593
0.00049103 -1.50000 10.11394 0.7903643250 2.4153075218    0.744  3.225  3.6187  0.511    3  0.000  0.526     0.00     0.00 -1 -9.42e-13      0.00 7.507e-01 2.488e-01 8.281e-05 2.411e-05 2.100e-04 -1.000 4.757e-04 -3.293 0.650 -0.846 -2.428 -3.251 -3.922 -4.863 -5.612 -5.714
0.00049103 -1.50000 10.11394 0.7903703451 2.4153096676    0.740  3.264  3.6159  0.459    3  0.000  0.526     0.00     0.00 -1 -1.07e-12      0.00 7.507e-01 2.488e-01 8.281e-05 2.411e-05 2.100e-04 -1.000 4.756e-04 -3.389 0.694 -0.862 -2.482 -3.326 -4.010 -4.967 -5.725 -5.831
0.00049103 -1.50000 10.11394 0.7903770208 2.4153120518    0.735  3.305  3.6129  0.403    3  0.000  0.526     0.00     0.00 -1 -1.23e-12      0.00 7.507e-01 2.488e-01 8.281e-05 2.411e-05 2.100e-04 -1.000 4.756e-04 -3.493 0.743 -0.877 -2.538 -3.405 -4.104 -5.078 -5.846 -5.955
0.00049103 -1.50000 10.11394 0.7903770208 2.4153120518    0.721  1.709  3.7858  2.682    4  0.000  0.525     0.00     0.00 -1    -1e-30      0.00 7.422e-01 2.573e-01 8.499e-05 2.500e-05 2.160e-04 -1.000 4.941e-04 0.498 0.925 0.990 0.573 0.268 -0.030 -0.409 -0.707 -0.740
0.00049103 -1.50000 10.11394 0.7903800607 2.4153130054    0.721  1.728  3.7804  2.641    4  0.000  0.525     0.00     0.00 -1    -1e-30      0.00 7.422e-01 2.573e-01 8.499e-05 2.500e-05 2.160e-04 -1.000 4.941e-04 0.449 0.897 0.967 0.533 0.217 -0.090 -0.482 -0.792 -0.827
0.00049103 -1.50000 10.11394 0.7904306054 2.4153313637    0.721  1.726  3.7818  2.649    4  0.000  0.525     0.00     0.00 -1    -1e-30      0.00 7.422e-01 2.573e-01 8.499e-05 2.500e-05 2.160e-04 -1.000 4.941e-04 0.454 0.897 0.965 0.535 0.223 -0.082 -0.471 -0.777 -0.812
0.00049103 -1.50000 10.11394 0.7904817462 2.4153497219    0.721  1.727  3.7825  2.651    4  0.000  0.525     0.00     0.00 -1    -1e-30      0.00 7.422e-01 2.573e-01 8.499e-05 2.500e-05 2.160e-04 -1.000 4.941e-04 0.452 0.892 0.959 0.531 0.220 -0.083 -0.470 -0.775 -0.810
0.00049103 -1.50000 10.11394 0.7905340195 2.4153685570    0.721  1.728  3.7838  2.656    4  0.000  0.525     0.00     0.00 -1    -1e-30      0.00 7.422e-01 2.573e-01 8.499e-05 2.500e-05 2.160e-04 -1.000 4.941e-04 0.451 0.886 0.951 0.528 0.220 -0.081 -0.465 -0.767 -0.801
0.00049103 -1.50000 10.11394 0.7905857563 2.4153871536    0.721  1.727  3.7859  2.664    4  0.000  0.525     0.00     0.00 -1    -1e-30      0.00 7.422e-01 2.573e-01 8.499e-05 2.500e-05 2.160e-04 -1.000 4.941e-04 0.452 0.879 0.942 0.525 0.221 -0.077 -0.455 -0.753 -0.786
0.00049103 -1.50000 10.11394 0.7906344533 2.4154045582    0.721  1.727  3.7883  2.674    4  0.000  0.525     0.00     0.00 -1    -1e-30      0.00 7.422e-01 2.573e-01 8.499e-05 2.500e-05 2.160e-04 -1.000 4.941e-04 0.453 0.871 0.931 0.522 0.223 -0.070 -0.443 -0.735 -0.767
0.00049103 -1.50000 10.11394 0.7906823158 2.4154217243    0.721  1.726  3.7911  2.686    4  0.000  0.525     0.00     0.00 -1    -1e-30      0.00 7.422e-01 2.573e-01 8.499e-05 2.500e-05 2.160e-04 -1.000 4.941e-04 0.455 0.863 0.919 0.519 0.226 -0.062 -0.428 -0.713 -0.745
0.00049103 -1.50000 10.11394 0.7907307744 2.4154391289    0.721  1.725  3.7943  2.701    4  0.000  0.525     0.00     0.00 -1    -1e-30      0.00 7.422e-01 2.573e-01 8.499e-05 2.500e-05 2.160e-04 -1.000 4.941e-04 0.458 0.854 0.906 0.516 0.230 -0.052 -0.410 -0.687 -0.718
0.00049103 -1.50000 10.11394 0.7907814384 2.4154572487    0.721  1.724  3.7981  2.717    4  0.000  0.525     0.00     0.00 -1    -1e-30      0.00 7.422e-01 2.573e-01 8.499e-05 2.500e-05 2.160e-04 -1.000 4.941e-04 0.461 0.844 0.891 0.513 0.234 -0.041 -0.389 -0.658 -0.687
0.00049103 -1.50000 10.11394 0.7908313274 2.4154753685    0.721  1.723  3.8017  2.732    4  0.000  0.525     0.00     0.00 -1    -1e-30      0.00 7.422e-01 2.573e-01 8.499e-05 2.500e-05 2.160e-04 -1.000 4.941e-04 0.463 0.834 0.876 0.510 0.238 -0.030 -0.369 -0.630 -0.658
0.00049103 -1.50000 10.11394 0.7908827662 2.4154937267    0.721  1.722  3.8050  2.747    4  0.000  0.525     0.00     0.00 -1    -1e-30      0.00 7.422e-01 2.573e-01 8.499e-05 2.500e-05 2.160e-04 -1.000 4.940e-04 0.466 0.826 0.863 0.507 0.242 -0.020 -0.351 -0.605 -0.631
0.00049103 -1.50000 10.11394 0.7909337282 2.4155120850    0.722  1.721  3.8079  2.759    4  0.000  0.525     0.00     0.00 -1    -1e-30      0.00 7.422e-01 2.573e-01 8.499e-05 2.500e-05 2.160e-04 -1.000 4.941e-04 0.467 0.820 0.851 0.504 0.245 -0.012 -0.336 -0.583 -0.608
0.00049103 -1.50000 10.11394 0.7909840941 2.4155302048    0.722  1.721  3.8101  2.768    4  0.000  0.525     0.00     0.00 -1    -1e-30      0.00 7.422e-01 2.573e-01 8.499e-05 2.500e-05 2.160e-04 -1.000 4.941e-04 0.469 0.814 0.842 0.502 0.247 -0.006 -0.324 -0.566 -0.591
0.00049103 -1.50000 10.11394 0.7910329103 2.4155476093    0.722  1.721  3.8111  2.772    4  0.000  0.525     0.00     0.00 -1    -1e-30      0.00 7.422e-01 2.573e-01 8.499e-05 2.500e-05 2.160e-04 -1.000 4.941e-04 0.469 0.811 0.838 0.500 0.248 -0.003 -0.319 -0.559 -0.584
0.00049103 -1.50000 10.11394 0.7910541892 2.4155552387    0.722  1.720  3.8119  2.775    4  0.000  0.525     0.00     0.00 -1    -1e-30      0.00 7.422e-01 2.573e-01 8.499e-05 2.500e-05 2.160e-04 -1.000 4.942e-04 0.469 0.810 0.835 0.499 0.249 -0.001 -0.315 -0.553 -0.577
0.00049103 -1.50000 10.11394 0.7910653949 2.4155592918    0.722  1.720  3.8119  2.775    4  0.000  0.525     0.00     0.00 -1    -1e-30      0.00 7.422e-01 2.573e-01 8.499e-05 2.500e-05 2.160e-04 -1.000 4.941e-04 0.469 0.809 0.834 0.499 0.249 -0.001 -0.315 -0.553 -0.577
0.00049103 -1.50000 10.11394 0.7911144495 2.4155769348    0.722  1.721  3.8119  2.775    4  0.000  0.525     0.00     0.00 -1    -1e-30      0.00 7.422e-01 2.573e-01 8.499e-05 2.500e-05 2.160e-04 -1.000 4.941e-04 0.467 0.808 0.833 0.498 0.247 -0.002 -0.316 -0.554 -0.579
0.00049103 -1.50000 10.11394 0.7911641598 2.4155948162    0.722  1.722  3.8111  2.771    4  0.000  0.525     0.00     0.00 -1    -1e-30      0.00 7.422e-01 2.573e-01 8.499e-05 2.500e-05 2.160e-04 -1.000 4.940e-04 0.465 0.808 0.834 0.497 0.245 -0.006 -0.322 -0.562 -0.587
0.00049103 -1.50000 10.11394 0.7912129760 2.4156122208    0.722  1.723  3.8095  2.763    4  0.000  0.525     0.00     0.00 -1    -1e-30      0.00 7.422e-01 2.573e-01 8.499e-05 2.500e-05 2.160e-04 -1.000 4.941e-04 0.462 0.809 0.838 0.496 0.240 -0.014 -0.334 -0.577 -0.602
0.00049103 -1.50000 10.11394 0.7912610769 2.4156293869    0.722  1.725  3.8071  2.752    4  0.000  0.525     0.00     0.00 -1    -1e-30      0.00 7.422e-01 2.573e-01 8.499e-05 2.500e-05 2.160e-04 -1.000 4.941e-04 0.457 0.812 0.845 0.495 0.235 -0.024 -0.350 -0.598 -0.624
0.00049103 -1.50000 10.11394 0.7913089991 2.4156467915    0.722  1.727  3.8039  2.737    4  0.000  0.525     0.00     0.00 -1    -1e-30      0.00 7.422e-01 2.573e-01 8.499e-05 2.500e-05 2.160e-04 -1.000 4.941e-04 0.452 0.817 0.854 0.494 0.227 -0.037 -0.371 -0.627 -0.654
0.00049103 -1.50000 10.11394 0.7913565636 2.4156637192    0.722  1.730  3.8000  2.719    4  0.000  0.525     0.00     0.00 -1    -1e-30      0.00 7.422e-01 2.573e-01 8.499e-05 2.500e-05 2.160e-04 -1.000 4.941e-04 0.445 0.822 0.865 0.494 0.219 -0.052 -0.396 -0.660 -0.688
0.00049103 -1.50000 10.11394 0.7914042473 2.4156808853    0.722  1.733  3.7957  2.698    4  0.000  0.525     0.00     0.00 -1    -1e-30      0.00 7.422e-01 2.573e-01 8.499e-05 2.500e-05 2.160e-04 -1.000 4.941e-04 0.438 0.829 0.879 0.494 0.210 -0.070 -0.424 -0.698 -0.728
0.00049103 -1.50000 10.11394 0.7914087176 2.4156825542    0.722  1.733  3.7952  2.696    4  0.000  0.525     0.00     0.00 -1    -1e-30      0.00 7.422e-01 2.573e-01 8.499e-05 2.500e-05 2.160e-04 -1.000 4.941e-04 0.437 0.830 0.880 0.493 0.209 -0.071 -0.427 -0.702 -0.732
0.00049103 -1.50000 10.11394 0.7914165258 2.4156851768    0.722  1.734  3.7945  2.693    4  0.000  0.525     0.00     0.00 -1    -1e-30      0.00 7.422e-01 2.573e-01 8.499e-05 2.500e-05 2.160e-04 -1.000 4.941e-04 0.435 0.831 0.882 0.493 0.207 -0.074 -0.431 -0.709 -0.739
0.00049103 -1.50000 10.11394 0.7914624214 2.4157016277    0.722  1.737  3.7903  2.672    4  0.000  0.525     0.00     0.00 -1    -1e-30      0.00 7.422e-01 2.573e-01 8.499e-05 2.500e-05 2.160e-04 -1.000 4.941e-04 0.427 0.837 0.894 0.492 0.197 -0.093 -0.460 -0.747 -0.779
0.00049103 -1.50000 10.11394 0.7915071249 2.4157176018    0.722  1.741  3.7860  2.652    4  0.000  0.525     0.00     0.00 -1    -1e-30      0.00 7.422e-01 2.573e-01 8.499e-05 2.500e-05 2.160e-04 -1.000 4.941e-04 0.417 0.844 0.905 0.490 0.186 -0.111 -0.489 -0.786 -0.819
0.00049103 -1.50000 10.11394 0.7915549874 2.4157347679    0.722  1.746  3.7818  2.630    4  0.000  0.525     0.00     0.00 -1    -1e-30      0.00 7.422e-01 2.573e-01 8.499e-05 2.500e-05 2.160e-04 -1.000 4.941e-04 0.406 0.849 0.915 0.486 0.173 -0.131 -0.520 -0.826 -0.861
0.00049103 -1.50000 10.11394 0.7916004658 2.4157512188    0.722  1.750  3.7780  2.610    4  0.000  0.525     0.00     0.00 -1    -1e-30      0.00 7.422e-01 2.573e-01 8.499e-05 2.500e-05 2.160e-04 -1.000 4.941e-04 0.394 0.855 0.923 0.481 0.161 -0.150 -0.549 -0.865 -0.901
0.00049103 -1.50000 10.11394 0.7916440368 2.4157667160    0.722  1.755  3.7744  2.591    4  0.000  0.525     0.00     0.00 -1    -1e-30      0.00 7.422e-01 2.573e-01 8.499e-05 2.500e-05 2.160e-04 -1.000 4.941e-04 0.382 0.862 0.930 0.476 0.149 -0.170 -0.578 -0.903 -0.940
0.00049103 -1.50000 10.11394 0.7916890383 2.4157829285    0.722  1.761  3.7710  2.572    4  0.000  0.525     0.00     0.00 -1    -1e-30      0.00 7.422e-01 2.573e-01 8.499e-05 2.500e-05 2.160e-04 -1.000 4.941e-04 0.368 0.865 0.934 0.468 0.134 -0.190 -0.608 -0.942 -0.980
0.00049103 -1.50000 10.11394 0.7917331457 2.4157986641    0.722  1.767  3.7680  2.554    4  0.000  0.525     0.00     0.00 -1    -1e-30      0.00 7.422e-01 2.573e-01 8.499e-05 2.500e-05 2.160e-04 -1.000 4.941e-04 0.354 0.866 0.935 0.459 0.119 -0.211 -0.636 -0.977 -1.017
0.00049103 -1.50000 10.11394 0.7917777300 2.4158146381    0.722  1.772  3.7656  2.539    4  0.000  0.525     0.00     0.00 -1    -1e-30      0.00 7.422e-01 2.573e-01 8.499e-05 2.500e-05 2.160e-04 -1.000 4.941e-04 0.339 0.865 0.934 0.450 0.105 -0.230 -0.662 -1.008 -1.049
0.00049103 -1.50000 10.11394 0.7918223739 2.4158306122    0.722  1.778  3.7632  2.523    4  0.000  0.525     0.00     0.00 -1    -1e-30      0.00 7.422e-01 2.573e-01 8.499e-05 2.500e-05 2.160e-04 -1.000 4.941e-04 0.324 0.861 0.931 0.439 0.089 -0.249 -0.687 -1.039 -1.082
0.00049103 -1.50000 10.11394 0.7918672562 2.4158468246    0.723  1.786  3.7607  2.506    4  0.000  0.525     0.00     0.00 -1    -1e-30      0.00 7.422e-01 2.573e-01 8.499e-05 2.500e-05 2.160e-04 -1.000 4.941e-04 0.304 0.855 0.925 0.424 0.070 -0.273 -0.718 -1.076 -1.119
0.00049103 -1.50000 10.11394 0.7918761969 2.4158499241    0.723  1.788  3.7602  2.502    4  0.000  0.525     0.00     0.00 -1    -1e-30      0.00 7.422e-01 2.573e-01 8.499e-05 2.500e-05 2.160e-04 -1.000 4.940e-04 0.301 0.853 0.924 0.421 0.066 -0.278 -0.724 -1.083 -1.127
0.00049103 -1.50000 10.11394 0.7919222713 2.4158663750    0.723  1.797  3.7572  2.480    4  0.000  0.525     0.00     0.00 -1    -1e-30      0.00 7.422e-01 2.573e-01 8.499e-05 2.500e-05 2.160e-04 -1.000 4.941e-04 0.276 0.848 0.917 0.403 0.041 -0.308 -0.762 -1.127 -1.173
0.00049103 -1.50000 10.11394 0.7919676304 2.4158825874    0.723  1.811  3.7538  2.453    4  0.000  0.525     0.00     0.00 -1    -1e-30      0.00 7.422e-01 2.573e-01 8.499e-05 2.500e-05 2.160e-04 -1.000 4.941e-04 0.244 0.838 0.904 0.377 0.009 -0.347 -0.810 -1.183 -1.230
0.00049103 -1.50000 10.11394 0.7920057774 2.4158964157    0.723  1.842  3.7467  2.394    4  0.000  0.525     0.00     0.00 -1    -1e-30      0.00 7.422e-01 2.573e-01 8.499e-05 2.500e-05 2.160e-04 -1.000 4.941e-04 0.164 0.805 0.864 0.312 -0.071 -0.439 -0.919 -1.308 -1.359
0.00049103 -1.50000 10.11394 0.7920264602 2.4159038067    0.723  1.884  3.7389  2.321    4  0.000  0.525     0.00     0.00 -1    -1e-30      0.00 7.422e-01 2.573e-01 8.499e-05 2.500e-05 2.160e-04 -1.000 4.941e-04 0.060 0.759 0.806 0.224 -0.174 -0.556 -1.057 -1.462 -1.518
0.00049103 -1.50000 10.11394 0.7920357585 2.4159071445    0.723  1.928  3.7318  2.249    4  0.000  0.525     0.00     0.00 -1    -1e-30      0.00 7.422e-01 2.573e-01 8.499e-05 2.500e-05 2.160e-04 -1.000 4.942e-04 -0.049 0.715 0.740 0.130 -0.282 -0.676 -1.196 -1.617 -1.677
0.00049103 -1.50000 10.11394 0.7920399308 2.4159085751    0.723  1.970  3.7258  2.182    4  0.000  0.525     0.00     0.00 -1    -1e-30      0.00 7.422e-01 2.573e-01 8.499e-05 2.500e-05 2.160e-04 -1.000 4.940e-04 -0.156 0.668 0.672 0.037 -0.387 -0.791 -1.328 -1.763 -1.826
0.00049103 -1.50000 10.11394 0.7920418978 2.4159092903    0.723  2.010  3.7210  2.123    4  0.000  0.525     0.00     0.00 -1    -1e-30      0.00 7.422e-01 2.573e-01 8.499e-05 2.500e-05 2.160e-04 -1.000 4.942e-04 -0.256 0.618 0.604 -0.051 -0.486 -0.899 -1.448 -1.894 -1.960
0.00049103 -1.50000 10.11394 0.7920427322 2.4159095287    0.723  2.035  3.7183  2.087    7  0.000  0.525     0.00     0.00 -1    -1e-30      0.00 7.422e-01 2.573e-01 8.499e-05 2.500e-05 2.160e-04 -1.000 4.941e-04 -0.318 0.587 0.560 -0.107 -0.547 -0.965 -1.522 -1.975 -2.041
0.00049103 -1.50000 10.11394 0.7920437455 2.4159100056    0.723  2.076  3.7145  2.030    7  0.000  0.525     0.00     0.00 -1    -1e-30      0.00 7.422e-01 2.573e-01 8.499e-05 2.500e-05 2.160e-04 -1.000 4.940e-04 -0.421 0.529 0.485 -0.199 -0.648 -1.072 -1.640 -2.102 -2.170
0.00049103 -1.50000 10.11394 0.7920446992 2.4159102440    0.723  2.112  3.7113  1.982    7  0.000  0.525     0.00     0.00 -1    -1e-30      0.00 7.422e-01 2.573e-01 8.499e-05 2.500e-05 2.160e-04 -1.000 4.941e-04 -0.510 0.479 0.419 -0.280 -0.735 -1.165 -1.742 -2.212 -2.282
0.00049103 -1.50000 10.11394 0.7920455337 2.4159104824    0.723  2.132  3.7097  1.956    7  0.000  0.525     0.00     0.00 -1    -1e-30      0.00 7.422e-01 2.573e-01 8.499e-05 2.500e-05 2.160e-04 -1.000 4.941e-04 -0.560 0.452 0.383 -0.325 -0.784 -1.217 -1.799 -2.273 -2.343
0.00049103 -1.50000 10.11394 0.7920464277 2.4159109592    0.723  2.147  3.7085  1.936    7  0.000  0.525     0.00     0.00 -1    -1e-30      0.00 7.422e-01 2.573e-01 8.499e-05 2.500e-05 2.160e-04 -1.000 4.941e-04 -0.597 0.432 0.355 -0.358 -0.820 -1.255 -1.841 -2.318 -2.389
0.00049103 -1.50000 10.11394 0.7920477390 2.4159114361    0.723  2.151  3.7081  1.931    7  0.000  0.525     0.00     0.00 -1    -1e-30      0.00 7.422e-01 2.573e-01 8.499e-05 2.500e-05 2.160e-04 -1.000 4.941e-04 -0.608 0.426 0.347 -0.368 -0.831 -1.266 -1.853 -2.331 -2.402
0.00049103 -1.50000 10.11394 0.7920502424 2.4159121513    0.723  2.149  3.7084  1.934    7  0.000  0.525     0.00     0.00 -1    -1e-30      0.00 7.422e-01 2.573e-01 8.499e-05 2.500e-05 2.160e-04 -1.000 4.942e-04 -0.602 0.429 0.351 -0.363 -0.825 -1.260 -1.847 -2.324 -2.395
0.00049103 -1.50000 10.11394 0.7920543551 2.4159135818    0.723  2.145  3.7087  1.939    7  0.000  0.525     0.00     0.00 -1    -1e-30      0.00 7.422e-01 2.573e-01 8.499e-05 2.500e-05 2.160e-04 -1.000 4.941e-04 -0.592 0.434 0.358 -0.354 -0.816 -1.251 -1.836 -2.312 -2.383
0.00049103 -1.50000 10.11394 0.7920793295 2.4159226418    0.723  2.155  3.7077  1.924    7  0.000  0.525     0.00     0.00 -1    -1e-30      0.00 7.422e-01 2.573e-01 8.499e-05 2.500e-05 2.160e-04 -1.000 4.941e-04 -0.618 0.423 0.341 -0.377 -0.841 -1.277 -1.866 -2.345 -2.416
0.00049103 -1.50000 10.11394 0.7920945287 2.4159281254    0.723  2.169  3.7063  1.906    7  0.000  0.525     0.00     0.00 -1    -1e-30      0.00 7.422e-01 2.573e-01 8.499e-05 2.500e-05 2.160e-04 -1.000 4.941e-04 -0.652 0.408 0.318 -0.407 -0.874 -1.313 -1.905 -2.388 -2.460
0.00049103 -1.50000 10.11394 0.7921130061 2.4159348011    0.723  2.210  3.7028  1.850    7  0.000  0.525     0.00     0.00 -1    -1e-30      0.00 7.422e-01 2.573e-01 8.499e-05 2.500e-05 2.160e-04 -1.000 4.941e-04 -0.755 0.357 0.244 -0.499 -0.974 -1.420 -2.023 -2.515 -2.588
0.00049103 -1.50000 10.11394 0.7921317220 2.4159414768    0.723  2.252  3.6995  1.796    7  0.000  0.525     0.00     0.00 -1    -1e-30      0.00 7.422e-01 2.573e-01 8.499e-05 2.500e-05 2.160e-04 -1.000 4.942e-04 -0.859 0.303 0.168 -0.592 -1.075 -1.527 -2.141 -2.641 -2.716
0.00049103 -1.50000 10.11394 0.7921486497 2.4159474373    0.723  2.294  3.6962  1.740    7  0.000  0.525     0.00     0.00 -1    -1e-30      0.00 7.422e-01 2.573e-01 8.499e-05 2.500e-05 2.160e-04 -1.000 4.942e-04 -0.964 0.252 0.093 -0.685 -1.176 -1.634 -2.259 -2.768 -2.845
0.00049103 -1.50000 10.11394 0.7921635509 2.4159526825    0.723  2.336  3.6930  1.686    7  0.000  0.525     0.00     0.00 -1    -1e-30      0.00 7.422e-01 2.573e-01 8.499e-05 2.500e-05 2.160e-04 -1.000 4.940e-04 -1.069 0.200 0.017 -0.778 -1.277 -1.741 -2.376 -2.895 -2.972
0.00049103 -1.50000 10.11394 0.7921768427 2.4159574509    0.723  2.377  3.6899  1.631    7  0.000  0.525     0.00     0.00 -1    -1e-30      0.00 7.422e-01 2.573e-01 8.498e-05 2.500e-05 2.160e-04 -1.000 4.940e-04 -1.173 0.148 -0.057 -0.870 -1.377 -1.848 -2.494 -3.021 -3.100
0.00049103 -1.50000 10.11394 0.7921884060 2.4159617424    0.723  2.419  3.6868  1.577    7  0.000  0.524     0.00     0.00 -1    -1e-30      0.00 7.422e-01 2.573e-01 8.494e-05 2.501e-05 2.160e-04 -1.000 4.940e-04 -1.277 0.101 -0.130 -0.961 -1.475 -1.953 -2.609 -3.147 -3.226
0.00049103 -1.50000 10.11394 0.7921987176 2.4159653187    0.723  2.460  3.6837  1.523    7  0.000  0.523     0.00     0.00 -1    -1e-30      0.00 7.422e-01 2.573e-01 8.477e-05 2.507e-05 2.160e-04 -1.000 4.939e-04 -1.381 0.114 -0.185 -1.058 -1.583 -2.065 -2.731 -3.276 -3.353
0.00049103 -1.50000 10.11394 0.7922080755 2.4159686565    0.723  2.503  3.6805  1.468    7  0.000  0.520     0.00     0.00 -1    -1e-30      0.00 7.422e-01 2.573e-01 8.422e-05 2.542e-05 2.160e-04 -1.000 4.941e-04 -1.487 0.054 -0.261 -1.147 -1.681 -2.169 -2.847 -3.402 -3.481
0.00049103 -1.50000 10.11394 0.7922166586 2.4159717560    0.723  2.545  3.6773  1.413    7  0.000  0.512     0.00     0.00 -1    -1e-30      0.00 7.422e-01 2.573e-01 8.295e-05 2.661e-05 2.160e-04 -1.000 4.941e-04 -1.593 0.048 -0.320 -1.239 -1.784 -2.279 -2.967 -3.531 -3.609
0.00049103 -1.50000 10.11394 0.7922245860 2.4159746170    0.723  2.588  3.6740  1.357    7  0.000  0.500     0.00     0.00 -1    -1e-30      0.00 7.422e-01 2.573e-01 8.094e-05 2.890e-05 2.160e-04 -1.000 4.940e-04 -1.700 0.050 -0.376 -1.330 -1.888 -2.390 -3.089 -3.661 -3.739
0.00049103 -1.50000 10.11394 0.7922320366 2.4159772396    0.723  2.631  3.6707  1.301    7  0.000  0.486     0.00     0.00 -1    -1e-30      0.00 7.422e-01 2.573e-01 7.880e-05 3.150e-05 2.159e-04 -1.000 4.924e-04 -1.808 0.062 -0.426 -1.421 -1.992 -2.502 -3.212 -3.792 -3.870
0.00049103 -1.50000 10.11394 0.7922391295 2.4159798622    0.723  2.675  3.6673  1.243    7  0.000  0.475     0.00     0.00 -1    -1e-30      0.00 7.421e-01 2.574e-01 7.687e-05 3.387e-05 2.159e-04 -1.000 4.939e-04 -1.917 0.084 -0.474 -1.511 -2.096 -2.614 -3.336 -3.926 -4.003
0.00049103 -1.50000 10.11394 0.7922458649 2.4159822464    0.723  2.718  3.6639  1.186    7  0.000  0.465     0.00     0.00 -1    -1e-30      0.00 7.421e-01 2.574e-01 7.524e-05 3.587e-05 2.159e-04 -1.000 4.941e-04 -2.025 0.115 -0.516 -1.598 -2.198 -2.725 -3.459 -4.057 -4.134
0.00049103 -1.50000 10.11394 0.7922523618 2.4159846306    0.723  2.761  3.6605  1.130    7  0.000  0.456     0.00     0.00 -1    -1e-30      0.00 7.420e-01 2.575e-01 7.386e-05 3.756e-05 2.159e-04 -1.000 4.940e-04 -2.133 0.158 -0.552 -1.683 -2.300 -2.835 -3.582 -4.189 -4.265
0.00049103 -1.50000 10.11394 0.7922582626 2.4159865379    0.723  2.803  3.6571  1.074    7  0.000  0.449     0.00     0.00 -1    -1e-30      0.00 7.420e-01 2.576e-01 7.267e-05 3.902e-05 2.158e-04 -1.000 4.941e-04 -2.238 0.201 -0.586 -1.762 -2.395 -2.940 -3.700 -4.317 -4.394
0.00049103 -1.50000 10.11394 0.7922631502 2.4159884453    0.723  2.843  3.6539  1.022    7  0.000  0.443     0.00     0.00 -1    -1e-30      0.00 7.419e-01 2.577e-01 7.169e-05 4.021e-05 2.158e-04 -1.000 4.941e-04 -2.338 0.211 -0.629 -1.837 -2.483 -3.036 -3.810 -4.438 -4.516
0.00049103 -1.50000 10.11394 0.7922672629 2.4159898758    0.723  2.882  3.6507  0.970    7  0.000  0.438     0.00     0.00 -1    -1e-30      0.00 7.418e-01 2.578e-01 7.085e-05 4.125e-05 2.157e-04 -1.000 4.941e-04 -2.436 0.228 -0.667 -1.908 -2.569 -3.131 -3.919 -4.557 -4.636
0.00049103 -1.50000 10.11394 0.7922707796 2.4159910679    0.723  2.923  3.6473  0.915    7  0.000  0.433     0.00     0.00 -1    -1e-30      0.00 7.416e-01 2.579e-01 7.008e-05 4.219e-05 2.156e-04 -1.000 4.925e-04 -2.538 0.256 -0.701 -1.979 -2.656 -3.229 -4.032 -4.680 -4.762
0.00049103 -1.50000 10.11394 0.7922741175 2.4159922600    0.723  2.969  3.6435  0.854    7  0.000  0.429     0.00     0.00 -1    -1e-30      0.00 7.415e-01 2.580e-01 6.936e-05 4.309e-05 2.155e-04 -1.000 4.940e-04 -2.652 0.294 -0.736 -2.056 -2.753 -3.338 -4.159 -4.819 -4.903
0.00049103 -1.50000 10.11394 0.7922774553 2.4159934521    0.723  3.018  3.6394  0.788    7  0.000  0.426     0.00     0.00 -1    -1e-30      0.00 7.414e-01 2.581e-01 6.880e-05 4.383e-05 2.153e-04 -1.000 4.941e-04 -2.776 0.339 -0.771 -2.138 -2.856 -3.455 -4.295 -4.969 -5.055
0.00049103 -1.50000 10.11394 0.7922804356 2.4159946442    0.723  3.063  3.6356  0.729    7  0.000  0.424     0.00     0.00 -1    -1e-30      0.00 7.413e-01 2.582e-01 6.837e-05 4.441e-05 2.150e-04 -1.000 4.941e-04 -2.886 0.382 -0.801 -2.210 -2.946 -3.559 -4.416 -5.103 -5.192
0.00049103 -1.50000 10.11394 0.7922814488 2.4159948826    0.723  3.092  3.6330  0.689    7  0.000  0.423     0.00     0.00 -1    -1e-30      0.00 7.412e-01 2.583e-01 6.812e-05 4.477e-05 2.149e-04 -1.000 4.941e-04 -2.961 0.415 -0.819 -2.256 -3.007 -3.628 -4.498 -5.194 -5.285
0.00049103 -1.50000 10.11394 0.7922816873 2.4159951210    0.723  3.100  3.6324  0.679    7  0.000  0.422     0.00     0.00 -1    -1e-30      0.00 7.412e-01 2.583e-01 6.806e-05 4.486e-05 2.149e-04 -1.000 4.941e-04 -2.980 0.423 -0.824 -2.268 -3.022 -3.645 -4.518 -5.217 -5.308
0.00049103 -1.50000 10.11394 0.7922819853 2.4159951210    0.723  3.112  3.6314  0.663    7  0.000  0.422     0.00     0.00 -1    -1e-30      0.00 7.412e-01 2.583e-01 6.797e-05 4.500e-05 2.148e-04 -1.000 4.942e-04 -3.009 0.436 -0.831 -2.286 -3.045 -3.672 -4.550 -5.252 -5.344
0.00049103 -1.50000 10.11394 0.7922824025 2.4159953594    0.723  3.135  3.6293  0.631    7  0.000  0.420     0.00     0.00 -1    -1e-30      0.00 7.411e-01 2.584e-01 6.767e-05 4.552e-05 2.145e-04 -1.000 4.942e-04 -3.067 0.464 -0.844 -2.322 -3.092 -3.726 -4.615 -5.323 -5.417
0.00049103 -1.50000 10.11394 0.7922826409 2.4159953594    0.723  3.414  3.6091  0.271    8  0.549  0.390    95.42    44.73  1 -1.41e-06      0.00 7.290e-01 2.706e-01 6.375e-05 5.931e-05 2.177e-04 -1.000 3.690e-04 -3.766 0.745 -0.991 -2.731 -3.640 -4.365 -5.364 -6.144 -6.258
0.00049103 -1.50000 10.11394 0.7922827005 2.4159953594    0.723  3.268  3.6180  0.453    8  0.549  0.390    64.47    31.88  1 -7.24e-07      0.00 7.290e-01 2.706e-01 6.375e-05 5.931e-05 2.177e-04 -1.000 3.690e-04 -3.400 0.632 -0.904 -2.513 -3.351 -4.028 -4.976 -5.725 -5.829
0.00049103 -1.50000 10.11394 0.7922827601 2.4159953594    0.723  3.122  3.6313  0.652    8  0.549  0.390    41.99    22.00  1 -3.64e-07      0.00 7.290e-01 2.706e-01 6.375e-05 5.931e-05 2.177e-04 -1.000 3.690e-04 -3.036 0.422 -0.852 -2.311 -3.072 -3.700 -4.579 -5.280 -5.372
0.00049103 -1.50000 10.11394 0.7922828794 2.4159953594    0.723  2.932  3.6487  0.912    8  0.549  0.390    23.95    13.54  1 -1.43e-07      0.00 7.290e-01 2.706e-01 6.375e-05 5.931e-05 2.177e-04 -1.000 3.690e-04 -2.559 0.204 -0.740 -2.010 -2.683 -3.254 -4.051 -4.694 -4.775
0.00049103 -1.50000 10.11394 0.7922831178 2.4159955978    0.723  2.938  3.6481  0.903    8  0.549  0.390    24.42    13.76  1 -1.47e-07      0.00 7.290e-01 2.706e-01 6.375e-05 5.931e-05 2.177e-04 -1.000 3.690e-04 -2.575 0.211 -0.744 -2.021 -2.697 -3.269 -4.069 -4.714 -4.795
0.00049103 -1.50000 10.11394 0.7922833562 2.4159955978    0.722  3.037  3.6391  0.769    8  0.550  0.390    32.65    17.68  1  -2.4e-07      0.00 7.290e-01 2.706e-01 6.375e-05 5.931e-05 2.177e-04 -1.000 3.690e-04 -2.821 0.320 -0.804 -2.179 -2.900 -3.501 -4.342 -5.017 -5.104
0.00049103 -1.50000 10.11394 0.7922836542 2.4159958363    0.722  3.187  3.6253  0.563    8  0.550  0.390    50.90    25.94  1 -4.97e-07      0.00 7.290e-01 2.706e-01 6.375e-05 5.931e-05 2.177e-04 -1.000 3.690e-04 -3.198 0.509 -0.881 -2.405 -3.198 -3.847 -4.755 -5.478 -5.575
0.00049103 -1.50000 10.11394 0.7922839522 2.4159958363    0.722  3.316  3.6136  0.387    8  0.550  0.390    74.43    36.01  1 -9.08e-07      0.00 7.290e-01 2.706e-01 6.375e-05 5.931e-05 2.177e-04 -1.000 3.690e-04 -3.520 0.718 -0.904 -2.567 -3.435 -4.134 -5.106 -5.871 -5.979
0.00049103 -1.50000 10.11394 0.7922843695 2.4159960747    0.722  3.401  3.6059  0.271    8  0.551  0.390    95.57    44.66  1 -1.34e-06      0.00 7.290e-01 2.706e-01 6.375e-05 5.931e-05 2.177e-04 -1.000 3.690e-04 -3.732 0.873 -0.900 -2.659 -3.582 -4.318 -5.333 -6.127 -6.244
0.00049103 -1.50000 10.11394 0.7922848463 2.4159960747    0.721  3.447  3.6016  0.207    8  0.551  0.390   109.71    50.28  1 -1.66e-06      0.00 7.290e-01 2.706e-01 6.375e-05 5.931e-05 2.177e-04 -1.000 3.690e-04 -3.848 0.961 -0.894 -2.706 -3.661 -4.417 -5.458 -6.268 -6.391
0.00049103 -1.50000 10.11394 0.7922853231 2.4159963131    0.721  3.471  3.5994  0.174    8  0.552  0.390   117.91    53.46  0 -1.85e-06      0.00 7.290e-01 2.706e-01 6.375e-05 5.931e-05 2.177e-04 -1.000 3.690e-04 -3.908 1.008 -0.889 -2.729 -3.701 -4.468 -5.522 -6.341 -6.467
0.00049103 -1.50000 10.11394 0.7922858596 2.4159965515    0.720  3.487  3.5984  0.154    8  0.552  0.390   123.22    55.48  0    -2e-06      0.00 7.290e-01 2.706e-01 6.375e-05 5.931e-05 2.177e-04 -1.000 3.690e-04 -3.948 1.023 -0.895 -2.750 -3.731 -4.504 -5.564 -6.386 -6.514
