Zini     MH   logAge Mini        int_IMF         Mass   logL    logTe  logg  label   McoreTP C_O  period0 period1 pmode  Mloss  tau1m   X   Y   Xc  Xn  Xo  Cexcess  Z 	 mbolmag  Umag    Bmag    Vmag    Rmag    Imag    Jmag    Hmag    Kmag
0.00049103 -1.50000 10.14613 0.0900000036 1.0816895962    0.090 -3.181  3.4753  5.427    1  0.000  0.545     0.00     0.00 -1 -4.83e-17      0.00 7.476e-01 2.519e-01 8.884e-05 2.397e-05 2.174e-04 -1.000 4.941e-04 12.723 20.128 17.387 15.386 13.683 12.052 10.736 10.424 10.322
0.00049103 -1.50000 10.14613 0.0936901644 1.1161261797    0.094 -3.071  3.4911  5.397    1  0.000  0.545     0.00     0.00 -1 -6.42e-17      0.00 7.468e-01 2.527e-01 8.884e-05 2.397e-05 2.174e-04 -1.000 4.940e-04 12.447 19.093 16.693 14.728 13.223 11.767 10.516 10.135 10.017
0.00049103 -1.50000 10.14613 0.1000000015 1.1711064577    0.100 -2.892  3.5165  5.348    1  0.000  0.545     0.00     0.00 -1  -5.7e-17      0.00 7.455e-01 2.540e-01 8.884e-05 2.397e-05 2.174e-04 -1.000 4.940e-04 12.000 17.584 15.646 13.800 12.519 11.311 10.155 9.693 9.551
0.00049103 -1.50000 10.14613 0.1199999973 1.3193154335    0.120 -2.606  3.5476  5.266    1  0.000  0.545     0.00     0.00 -1 -2.04e-16      0.00 7.424e-01 2.571e-01 8.884e-05 2.397e-05 2.174e-04 -1.000 4.942e-04 11.286 15.784 14.286 12.657 11.549 10.587 9.541 9.018 8.852
0.00049103 -1.50000 10.14613 0.1400000006 1.4384527206    0.140 -2.424  3.5630  5.211    1  0.000  0.545     0.00     0.00 -1 -2.02e-16      0.00 7.402e-01 2.594e-01 8.884e-05 2.397e-05 2.174e-04 -1.000 4.941e-04 10.829 14.865 13.548 12.032 10.992 10.127 9.134 8.591 8.415
0.00049103 -1.50000 10.14613 0.1599999964 1.5372931957    0.160 -2.280  3.5731  5.167    1  0.000  0.545     0.00     0.00 -1 -3.94e-16      0.00 7.387e-01 2.608e-01 8.884e-05 2.397e-05 2.174e-04 -1.000 4.940e-04 10.470 14.222 13.014 11.573 10.576 9.767 8.807 8.254 8.071
0.00049103 -1.50000 10.14613 0.2000000179 1.6938792467    0.200 -2.058  3.5863  5.094    1  0.000  0.545     0.00     0.00 -1 -6.98e-16      0.00 7.375e-01 2.620e-01 8.884e-05 2.397e-05 2.174e-04 -1.000 4.941e-04 9.914 13.324 12.249 10.899 9.961 9.209 8.291 7.728 7.538
0.00049103 -1.50000 10.14613 0.2388119847 1.8110721111    0.239 -1.897  3.5951  5.045    1  0.000  0.545     0.00     0.00 -1 -1.42e-18      0.00 7.376e-01 2.619e-01 8.884e-05 2.397e-05 2.174e-04 -1.000 4.941e-04 9.511 12.710 11.715 10.423 9.524 8.805 7.914 7.347 7.156
0.00049103 -1.50000 10.14613 0.2500000298 1.8403259516    0.250 -1.855  3.5974  5.032    1  0.000  0.545     0.00     0.00 -1 -2.52e-19      0.00 7.376e-01 2.619e-01 8.883e-05 2.397e-05 2.174e-04 -1.000 4.941e-04 9.407 12.554 11.579 10.301 9.412 8.700 7.816 7.249 7.058
0.00049103 -1.50000 10.14613 0.3000000417 1.9529141188    0.300 -1.701  3.6059  4.992    1  0.000  0.545     0.00     0.00 -1 -5.55e-20      0.00 7.379e-01 2.616e-01 8.882e-05 2.397e-05 2.174e-04 -1.000 4.941e-04 9.023 11.983 11.076 9.851 8.998 8.313 7.455 6.887 6.700
0.00049103 -1.50000 10.14613 0.3251351714 2.0006740093    0.325 -1.636  3.6098  4.977    1  0.000  0.545     0.00     0.00 -1 -2.98e-19      0.00 7.378e-01 2.617e-01 8.880e-05 2.397e-05 2.174e-04 -1.000 5.106e-04 8.860 11.739 10.862 9.659 8.823 8.149 7.303 6.734 6.549
0.00049103 -1.50000 10.14613 0.3500000238 2.0434176922    0.350 -1.576  3.6133  4.964    1  0.000  0.545     0.00     0.00 -1 -5.19e-18      0.00 7.377e-01 2.617e-01 8.878e-05 2.397e-05 2.174e-04 -1.000 5.108e-04 8.711 11.520 10.667 9.485 8.662 7.998 7.163 6.593 6.413
0.00049103 -1.50000 10.14613 0.3902968168 2.1049187183    0.390 -1.457  3.6228  4.929    1  0.000  0.545     0.00     0.00 -1 -3.12e-16      0.00 7.479e-01 2.516e-01 8.883e-05 2.397e-05 2.174e-04 -1.000 4.999e-04 8.413 11.038 10.251 9.120 8.336 7.699 6.890 6.320 6.150
0.00049103 -1.50000 10.14613 0.4000000358 2.1185026169    0.400 -1.430  3.6249  4.922    1  0.000  0.545     0.00     0.00 -1 -2.56e-15      0.00 7.503e-01 2.492e-01 8.884e-05 2.397e-05 2.174e-04 -1.000 4.941e-04 8.345 10.930 10.157 9.038 8.263 7.631 6.828 6.258 6.091
0.00049103 -1.50000 10.14613 0.4500000179 2.1822810173    0.450 -1.253  3.6442  4.872    1  0.000  0.545     0.00     0.00 -1 -5.51e-16      0.00 7.504e-01 2.491e-01 8.884e-05 2.397e-05 2.174e-04 -1.000 4.942e-04 7.902 10.129 9.488 8.468 7.768 7.188 6.437 5.875 5.732
0.00049103 -1.50000 10.14613 0.5000000000 2.2374541759    0.500 -1.052  3.6710  4.825    1  0.000  0.545     0.00     0.00 -1 -5.57e-15      0.00 7.504e-01 2.491e-01 8.884e-05 2.397e-05 2.174e-04 -1.000 4.942e-04 7.400 9.136 8.703 7.808 7.205 6.691 6.015 5.492 5.376
0.00049103 -1.50000 10.14613 0.5500000715 2.2836585045    0.550 -0.828  3.6965  4.744    1  0.000  0.544     0.00     0.00 -1  -8.4e-17      0.00 7.904e-01 2.091e-01 7.552e-05 2.039e-05 1.851e-04 -1.000 4.309e-04 6.841 8.132 7.921 7.128 6.606 6.144 5.545 5.078 4.980
0.00049103 -1.50000 10.14613 0.6000000238 2.3211214542    0.600 -0.607  3.7260  4.679    1  0.000  0.543     0.00     0.00 -1 -1.83e-14      0.00 8.029e-01 1.967e-01 7.159e-05 1.934e-05 1.757e-04 -1.000 3.960e-04 6.287 7.164 7.166 6.483 6.034 5.622 5.108 4.703 4.625
0.00049103 -1.50000 10.14613 0.6052032709 2.3246130943    0.605 -0.583  3.7293  4.672    1  0.000  0.543     0.00     0.00 -1 -1.95e-14      0.00 8.044e-01 1.952e-01 7.111e-05 1.921e-05 1.745e-04 -1.000 3.961e-04 6.227 7.062 7.085 6.414 5.972 5.566 5.061 4.664 4.587
0.00049103 -1.50000 10.14613 0.6148262024 2.3308920860    0.614 -0.538  3.7355  4.658    1  0.000  0.543     0.00     0.00 -1  -1.2e-25      0.00 8.072e-01 1.924e-01 7.022e-05 1.898e-05 1.724e-04 -1.000 3.959e-04 6.114 6.880 6.938 6.289 5.860 5.463 4.974 4.588 4.515
0.00049103 -1.50000 10.14613 0.6237712502 2.3365294933    0.623 -0.495  3.7411  4.644    1  0.000  0.543     0.00     0.00 -1  -9.8e-23      0.00 8.100e-01 1.896e-01 6.935e-05 1.875e-05 1.703e-04 -1.000 3.949e-04 6.008 6.714 6.801 6.173 5.755 5.367 4.892 4.516 4.447
0.00049103 -1.50000 10.14613 0.6324879527 2.3418467045    0.632 -0.454  3.7465  4.630    1  0.000  0.543     0.00     0.00 -1 -7.21e-20      0.00 8.128e-01 1.868e-01 6.847e-05 1.851e-05 1.682e-04 -1.000 3.946e-04 5.904 6.557 6.670 6.060 5.654 5.274 4.812 4.444 4.379
0.00049103 -1.50000 10.14613 0.6423999667 2.3476922512    0.642 -0.406  3.7525  4.613    1  0.000  0.542     0.00     0.00 -1  -1.2e-16      0.00 8.161e-01 1.836e-01 6.744e-05 1.824e-05 1.658e-04 -1.000 3.949e-04 5.784 6.380 6.519 5.932 5.538 5.169 4.720 4.360 4.300
0.00049103 -1.50000 10.14613 0.6499999762 2.3520355225    0.650 -0.368  3.7570  4.599    1  0.000  0.542     0.00     0.00 -1  -3.3e-14      0.00 8.186e-01 1.810e-01 6.662e-05 1.802e-05 1.638e-04 -1.000 3.947e-04 5.690 6.245 6.403 5.833 5.448 5.086 4.648 4.295 4.239
0.00049103 -1.50000 10.14613 0.6530266404 2.3537328243    0.653 -0.353  3.7586  4.592    1  0.000  0.542     0.00     0.00 -1 -3.42e-14      0.00 8.199e-01 1.797e-01 6.622e-05 1.792e-05 1.628e-04 -1.000 3.932e-04 5.653 6.192 6.357 5.793 5.412 5.053 4.618 4.268 4.213
0.00049103 -1.50000 10.14613 0.6631572843 2.3592846394    0.663 -0.301  3.7642  4.569    1  0.000  0.542     0.00     0.00 -1 -3.52e-14      0.00 8.244e-01 1.752e-01 6.481e-05 1.754e-05 1.594e-04 -1.000 3.688e-04 5.523 6.017 6.202 5.658 5.288 4.939 4.516 4.173 4.123
0.00049103 -1.50000 10.14613 0.6725954413 2.3642842770    0.672 -0.251  3.7692  4.546    1  0.000  0.542     0.00     0.00 -1 -5.34e-23      0.00 8.288e-01 1.709e-01 6.342e-05 1.717e-05 1.561e-04 -1.000 3.498e-04 5.399 5.854 6.055 5.530 5.170 4.828 4.416 4.080 4.034
0.00049103 -1.50000 10.14613 0.6813679934 2.3687889576    0.681 -0.203  3.7739  4.522    1  0.000  0.541     0.00     0.00 -1 -4.62e-20      0.00 8.331e-01 1.665e-01 6.207e-05 1.681e-05 1.529e-04 -1.000 3.333e-04 5.278 5.702 5.914 5.406 5.055 4.721 4.319 3.989 3.947
0.00049103 -1.50000 10.14613 0.6898955107 2.3730416298    0.690 -0.154  3.7783  4.496    1  0.000  0.541     0.00     0.00 -1 -3.21e-17      0.00 8.375e-01 1.622e-01 6.069e-05 1.645e-05 1.496e-04 -1.000 2.979e-04 5.156 5.550 5.773 5.281 4.939 4.612 4.219 3.895 3.856
0.00049103 -1.50000 10.14613 0.6972242594 2.3766009808    0.697 -0.110  3.7820  4.471    1  0.000  0.540     0.00     0.00 -1 -8.61e-15      0.00 8.414e-01 1.582e-01 5.944e-05 1.611e-05 1.466e-04 -1.000 3.605e-04 5.044 5.417 5.646 5.167 4.832 4.512 4.126 3.808 3.772
0.00049103 -1.50000 10.14613 0.6999999881 2.3779268265    0.700 -0.092  3.7834  4.461    1  0.000  0.540     0.00     0.00 -1 -7.11e-14      0.00 8.430e-01 1.567e-01 5.895e-05 1.598e-05 1.455e-04 -1.000 3.822e-04 5.001 5.367 5.597 5.123 4.791 4.473 4.090 3.774 3.739
0.00049103 -1.50000 10.14613 0.7063436508 2.3809118271    0.706 -0.051  3.7864  4.435    1  0.000  0.539     0.00     0.00 -1 -8.02e-14      0.00 8.469e-01 1.528e-01 5.768e-05 1.567e-05 1.427e-04 -1.000 3.812e-04 4.897 5.248 5.480 5.017 4.691 4.378 4.001 3.690 3.657
0.00049103 -1.50000 10.14613 0.7130061388 2.3839809895    0.713 -0.005  3.7895  4.405    1  0.000  0.537     0.00     0.00 -1  -8.8e-21      0.00 8.509e-01 1.488e-01 5.640e-05 1.535e-05 1.399e-04 -1.000 3.281e-04 4.782 5.119 5.353 4.900 4.580 4.272 3.902 3.595 3.565
0.00049103 -1.50000 10.14613 0.7196687460 2.3869853020    0.719  0.044  3.7923  4.372    1  0.000  0.536     0.00     0.00 -1 -7.38e-24      0.00 8.547e-01 1.450e-01 5.521e-05 1.506e-05 1.373e-04 -1.000 3.255e-04 4.660 4.985 5.218 4.776 4.462 4.158 3.794 3.493 3.464
0.00049103 -1.50000 10.14613 0.7273668647 2.3903775215    0.727  0.105  3.7954  4.328    1  0.000  0.534     0.00     0.00 -1 -3.45e-21      0.00 8.587e-01 1.410e-01 5.397e-05 1.476e-05 1.347e-04 -1.000 3.133e-04 4.509 4.823 5.054 4.622 4.314 4.016 3.658 3.362 3.335
0.00049103 -1.50000 10.14613 0.7345615625 2.3934741020    0.734  0.166  3.7978  4.281    1  0.000  0.533     0.00     0.00 -1 -1.07e-18      0.00 8.615e-01 1.382e-01 5.315e-05 1.457e-05 1.330e-04 -1.000 2.961e-04 4.356 4.662 4.889 4.466 4.164 3.870 3.518 3.226 3.201
0.00049103 -1.50000 10.14613 0.7396225929 2.3956110477    0.739  0.212  3.7991  4.243    1  0.000  0.532     0.00     0.00 -1 -6.12e-17      0.00 8.628e-01 1.369e-01 5.276e-05 1.449e-05 1.323e-04 -1.000 2.960e-04 4.239 4.542 4.766 4.348 4.048 3.757 3.408 3.119 3.094
0.00049103 -1.50000 10.14613 0.7440158725 2.3974387646    0.743  0.255  3.7999  4.205    1  0.000  0.531     0.00     0.00 -1 -2.07e-15      0.00 8.636e-01 1.361e-01 5.254e-05 1.444e-05 1.320e-04 -1.000 2.960e-04 4.132 4.433 4.654 4.239 3.941 3.652 3.304 3.016 2.992
0.00049103 -1.50000 10.14613 0.7450387478 2.3978610039    0.744  0.266  3.8000  4.196    1  0.000  0.531     0.00     0.00 -1  -4.7e-15      0.00 8.637e-01 1.360e-01 5.250e-05 1.444e-05 1.319e-04 -1.000 2.960e-04 4.106 4.407 4.627 4.213 3.916 3.626 3.279 2.992 2.968
0.00049103 -1.50000 10.14613 0.7465908527 2.3984987736    0.746  0.283  3.7999  4.179    1  0.000  0.530     0.00     0.00 -1 -1.64e-14      0.00 8.639e-01 1.358e-01 5.244e-05 1.443e-05 1.319e-04 -1.000 2.960e-04 4.062 4.364 4.583 4.169 3.871 3.582 3.234 2.947 2.923
0.00049103 -1.50000 10.14613 0.7500000000 2.3998889923    0.749  0.324  3.7989  4.136    1  0.000  0.530     0.00     0.00 -1  -2.6e-13      0.00 8.644e-01 1.353e-01 5.231e-05 1.440e-05 1.317e-04 -1.000 2.960e-04 3.960 4.268 4.482 4.067 3.768 3.477 3.127 2.839 2.814
0.00049103 -1.50000 10.14613 0.7513142228 2.4004211426    0.750  0.340  3.7986  4.120    1  0.000  0.530     0.00     0.00 -1 -2.73e-13      0.00 8.642e-01 1.355e-01 5.241e-05 1.443e-05 1.319e-04 -1.000 2.987e-04 3.921 4.231 4.444 4.028 3.729 3.438 3.087 2.798 2.773
0.00049103 -1.50000 10.14613 0.7551610470 2.4019663334    0.754  0.391  3.7962  4.061    1  0.000  0.530     0.00     0.00 -1 -3.29e-13      0.00 8.637e-01 1.360e-01 5.268e-05 1.451e-05 1.326e-04 -1.000 3.064e-04 3.794 4.115 4.323 3.901 3.598 3.304 2.947 2.654 2.628
0.00049103 -1.50000 10.14613 0.7558177710 2.4022283554    0.755  0.400  3.7955  4.050    1  0.000  0.530     0.00     0.00 -1 -3.41e-13      0.00 8.636e-01 1.361e-01 5.273e-05 1.452e-05 1.328e-04 -1.000 3.078e-04 3.770 4.094 4.301 3.878 3.574 3.278 2.921 2.626 2.600
0.00049103 -1.50000 10.14613 0.7564947605 2.4024977684    0.755  0.411  3.7946  4.036    2  0.000  0.530     0.00     0.00 -1 -3.56e-13      0.00 8.635e-01 1.362e-01 5.277e-05 1.453e-05 1.329e-04 -1.000 3.091e-04 3.743 4.071 4.278 3.852 3.546 3.249 2.889 2.593 2.566
0.00049103 -1.50000 10.14613 0.7587636709 2.4033970833    0.758  0.450  3.7902  3.980    2  0.000  0.529     0.00     0.00 -1 -4.13e-13      0.00 8.632e-01 1.365e-01 5.293e-05 1.458e-05 1.333e-04 -1.000 3.137e-04 3.646 3.992 4.195 3.757 3.444 3.140 2.770 2.465 2.436
0.00049103 -1.50000 10.14613 0.7604919076 2.4040780067    0.759  0.484  3.7850  3.927    2  0.000  0.530     0.00     0.00 -1 -4.73e-13      0.00 8.608e-01 1.389e-01 5.386e-05 1.483e-05 1.356e-04 -1.000 3.172e-04 3.561 3.932 4.129 3.676 3.353 3.041 2.659 2.346 2.314
0.00049103 -1.50000 10.14613 0.7618408203 2.4046070576    0.761  0.514  3.7791  3.874    2  0.000  0.530     0.00     0.00 -1 -5.39e-13      0.00 8.533e-01 1.464e-01 5.652e-05 1.556e-05 1.422e-04 -1.000 3.207e-04 3.485 3.884 4.076 3.605 3.272 2.950 2.555 2.231 2.195
0.00049103 -1.50000 10.14613 0.7629254460 2.4050307274    0.762  0.541  3.7731  3.823    2  0.000  0.531     0.00     0.00 -1 -6.08e-13      0.00 8.352e-01 1.645e-01 6.264e-05 1.722e-05 1.572e-04 -1.000 3.261e-04 3.417 3.851 4.033 3.543 3.198 2.867 2.458 2.124 2.084
0.00049103 -1.50000 10.14613 0.7638334036 2.4053843021    0.762  0.567  3.7666  3.771    2  0.000  0.533     0.00     0.00 -1 -6.85e-13      0.00 8.139e-01 1.857e-01 6.907e-05 1.896e-05 1.728e-04 -1.000 3.838e-04 3.352 3.826 3.996 3.485 3.128 2.787 2.362 2.016 1.972
0.00049103 -1.50000 10.14613 0.7646328211 2.4056949615    0.763  0.594  3.7599  3.718    2  0.000  0.534     0.00     0.00 -1  -1.8e-20      0.00 7.981e-01 2.015e-01 7.369e-05 2.019e-05 1.839e-04 -1.000 4.380e-04 3.285 3.800 3.959 3.425 3.056 2.704 2.264 1.906 1.858
0.00049103 -1.50000 10.14613 0.7653408647 2.4059693813    0.764  0.624  3.7539  3.665    2  0.000  0.535     0.00     0.00 -1 -7.79e-25      0.00 7.869e-01 2.126e-01 7.689e-05 2.105e-05 1.915e-04 -1.000 4.387e-04 3.210 3.770 3.913 3.359 2.978 2.616 2.162 1.794 1.741
0.00049103 -1.50000 10.14613 0.7660409212 2.4062402248    0.765  0.662  3.7482  3.604    2  0.000  0.536     0.00     0.00 -1 -1.45e-24      0.00 7.792e-01 2.204e-01 7.911e-05 2.165e-05 1.969e-04 -1.000 4.121e-04 3.114 3.714 3.845 3.271 2.880 2.509 2.041 1.663 1.606
0.00049103 -1.50000 10.14613 0.7665927410 2.4064533710    0.765  0.701  3.7444  3.551    2  0.000  0.536     0.00     0.00 -1  -2.4e-24      0.00 7.748e-01 2.248e-01 8.034e-05 2.197e-05 1.998e-04 -1.000 4.380e-04 3.018 3.648 3.768 3.182 2.784 2.407 1.929 1.544 1.485
0.00049103 -1.50000 10.14613 0.7669695616 2.4065985680    0.765  0.730  3.7421  3.512    2  0.000  0.536     0.00     0.00 -1  -3.4e-24      0.00 7.723e-01 2.273e-01 8.102e-05 2.215e-05 2.014e-04 -1.000 3.960e-04 2.945 3.591 3.706 3.113 2.710 2.329 1.846 1.457 1.396
0.00049103 -1.50000 10.14613 0.7671362162 2.4066627026    0.766  0.745  3.7413  3.494    2  0.000  0.536     0.00     0.00 -1 -3.98e-24      0.00 7.714e-01 2.281e-01 8.124e-05 2.221e-05 2.020e-04 -1.000 4.283e-04 2.908 3.561 3.673 3.077 2.674 2.291 1.806 1.415 1.353
0.00049103 -1.50000 10.14613 0.7675836682 2.4068350792    0.766  0.786  3.7391  3.445    3  0.000  0.536     0.00     0.00 -1 -6.09e-24      0.00 7.691e-01 2.304e-01 8.181e-05 2.236e-05 2.033e-04 -1.000 4.832e-04 2.806 3.477 3.582 2.979 2.572 2.186 1.695 1.299 1.236
0.00049103 -1.50000 10.14613 0.7680733800 2.4070231915    0.767  0.834  3.7371  3.389    3  0.000  0.537     0.00     0.00 -1 -9.78e-24      0.00 7.667e-01 2.328e-01 8.233e-05 2.250e-05 2.045e-04 -1.000 4.496e-04 2.685 3.376 3.473 2.863 2.452 2.062 1.565 1.164 1.100
0.00049103 -1.50000 10.14613 0.7684895396 2.4071829319    0.767  0.878  3.7354  3.338    3  0.000  0.537     0.00     0.00 -1 -1.47e-23      0.00 7.649e-01 2.347e-01 8.270e-05 2.260e-05 2.054e-04 -1.000 4.413e-04 2.575 3.281 3.371 2.756 2.342 1.950 1.448 1.043 0.978
0.00049103 -1.50000 10.14613 0.7688874602 2.4073355198    0.767  0.923  3.7339  3.288    3  0.000  0.537     0.00     0.00 -1 -2.19e-23      0.00 7.632e-01 2.364e-01 8.301e-05 2.269e-05 2.062e-04 -1.000 4.821e-04 2.463 3.183 3.267 2.647 2.230 1.836 1.329 0.919 0.855
0.00049103 -1.50000 10.14613 0.7692919970 2.4074902534    0.768  0.972  3.7324  3.232    3  0.000  0.537     0.00     0.00 -1 -3.31e-23      0.00 7.615e-01 2.381e-01 8.327e-05 2.276e-05 2.068e-04 -1.000 4.817e-04 2.339 3.073 3.151 2.526 2.107 1.711 1.199 0.786 0.720
0.00049103 -1.50000 10.14613 0.7696639895 2.4076325893    0.768  1.021  3.7309  3.178    3  0.000  0.537     0.00     0.00 -1 -4.87e-23      0.00 7.599e-01 2.396e-01 8.347e-05 2.283e-05 2.074e-04 -1.000 4.489e-04 2.217 2.964 3.036 2.407 1.986 1.586 1.070 0.653 0.587
0.00049103 -1.50000 10.14613 0.7699981332 2.4077603817    0.768  1.069  3.7295  3.124    3  0.000  0.536     0.00     0.00 -1 -6.94e-23      0.00 7.586e-01 2.410e-01 8.359e-05 2.288e-05 2.078e-04 -1.000 4.297e-04 2.097 2.857 2.924 2.291 1.867 1.465 0.944 0.523 0.457
0.00049103 -1.50000 10.14613 0.7702904344 2.4078719616    0.769  1.114  3.7281  3.074    3  0.000  0.536     0.00     0.00 -1 -9.53e-23      0.00 7.573e-01 2.422e-01 8.365e-05 2.294e-05 2.082e-04 -1.000 4.456e-04 1.984 2.757 2.819 2.181 1.755 1.351 0.826 0.401 0.334
0.00049103 -1.50000 10.14613 0.7705753446 2.4079804420    0.769  1.162  3.7267  3.020    3  0.000  0.535     0.00     0.00 -1 -1.31e-22      0.00 7.562e-01 2.433e-01 8.365e-05 2.301e-05 2.085e-04 -1.000 4.929e-04 1.864 2.650 2.706 2.064 1.636 1.230 0.700 0.271 0.204
0.00049103 -1.50000 10.14613 0.7708487511 2.4080846310    0.769  1.213  3.7252  2.964    3  0.000  0.534     0.00     0.00 -1 -1.79e-22      0.00 7.552e-01 2.444e-01 8.360e-05 2.309e-05 2.087e-04 -1.000 4.732e-04 1.738 2.540 2.589 1.941 1.510 1.102 0.567 0.134 0.066
0.00049103 -1.50000 10.14613 0.7710781693 2.4081721306    0.769  1.259  3.7237  2.912    3  0.000  0.533     0.00     0.00 -1 -2.35e-22      0.00 7.544e-01 2.451e-01 8.351e-05 2.319e-05 2.088e-04 -1.000 4.418e-04 1.622 2.439 2.481 1.829 1.395 0.985 0.446 0.009 -0.060
0.00049103 -1.50000 10.14613 0.7712874413 2.4082517624    0.769  1.305  3.7223  2.860    3  0.000  0.532     0.00     0.00 -1 -3.02e-22      0.00 7.538e-01 2.458e-01 8.341e-05 2.329e-05 2.090e-04 -1.000 4.633e-04 1.507 2.338 2.374 1.717 1.281 0.868 0.324 -0.116 -0.185
0.00049103 -1.50000 10.14613 0.7714843154 2.4083266258    0.769  1.352  3.7207  2.807    3  0.000  0.531     0.00     0.00 -1 -3.87e-22      0.00 7.532e-01 2.463e-01 8.330e-05 2.340e-05 2.091e-04 -1.000 4.940e-04 1.389 2.236 2.265 1.602 1.163 0.748 0.200 -0.245 -0.314
0.00049103 -1.50000 10.14613 0.7716584206 2.4083926678    0.770  1.398  3.7192  2.755    3  0.000  0.530     0.00     0.00 -1 -4.85e-22      0.00 7.529e-01 2.467e-01 8.320e-05 2.350e-05 2.092e-04 -1.000 4.941e-04 1.275 2.138 2.161 1.492 1.050 0.632 0.079 -0.370 -0.440
0.00049103 -1.50000 10.14613 0.7718240619 2.4084556103    0.770  1.446  3.7175  2.701    3  0.000  0.530     0.00     0.00 -1 -6.05e-22      0.00 7.526e-01 2.469e-01 8.313e-05 2.358e-05 2.092e-04 -1.000 4.941e-04 1.156 2.037 2.052 1.377 0.933 0.512 -0.046 -0.499 -0.570
0.00049103 -1.50000 10.14613 0.7719700933 2.4085111618    0.770  1.491  3.7159  2.648    3  0.000  0.529     0.00     0.00 -1 -7.42e-22      0.00 7.524e-01 2.471e-01 8.308e-05 2.362e-05 2.093e-04 -1.000 4.919e-04 1.041 1.941 1.948 1.267 0.820 0.396 -0.168 -0.625 -0.697
0.00049103 -1.50000 10.14613 0.7721001506 2.4085605145    0.770  1.536  3.7142  2.597    3  0.000  0.529     0.00     0.00 -1 -8.95e-22      0.00 7.523e-01 2.472e-01 8.306e-05 2.365e-05 2.093e-04 -1.000 4.719e-04 0.930 1.847 1.847 1.160 0.710 0.283 -0.286 -0.748 -0.820
0.00049103 -1.50000 10.14613 0.7722240090 2.4086074829    0.770  1.583  3.7125  2.544    3  0.000  0.529     0.00     0.00 -1 -1.08e-21      0.00 7.523e-01 2.472e-01 8.305e-05 2.366e-05 2.093e-04 -1.000 4.404e-04 0.814 1.749 1.742 1.049 0.595 0.166 -0.409 -0.876 -0.948
0.00049103 -1.50000 10.14613 0.7723361850 2.4086499214    0.770  1.628  3.7107  2.491    3  0.000  0.529     0.00     0.00 -1 -1.29e-21      0.00 7.523e-01 2.472e-01 8.305e-05 2.367e-05 2.093e-04 -1.000 4.406e-04 0.699 1.655 1.639 0.939 0.482 0.050 -0.530 -1.002 -1.075
0.00049103 -1.50000 10.14613 0.7724350095 2.4086873531    0.770  1.672  3.7090  2.440    3  0.000  0.529     0.00     0.00 -1 -1.51e-21      0.00 7.523e-01 2.473e-01 8.304e-05 2.367e-05 2.093e-04 -1.000 4.408e-04 0.590 1.569 1.542 0.834 0.373 -0.062 -0.647 -1.123 -1.197
0.00049103 -1.50000 10.14613 0.7725257277 2.4087219238    0.770  1.716  3.7072  2.389    3  0.000  0.529     0.00     0.00 -1 -1.26e-21      0.00 7.523e-01 2.473e-01 8.304e-05 2.367e-05 2.093e-04 -1.000 4.410e-04 0.480 1.484 1.445 0.729 0.265 -0.174 -0.764 -1.244 -1.319
0.00049103 -1.50000 10.14613 0.7726135254 2.4087550640    0.770  1.762  3.7052  2.335    3  0.000  0.529     0.00     0.00 -1 -1.27e-21      0.00 7.523e-01 2.473e-01 8.304e-05 2.367e-05 2.093e-04 -1.000 4.412e-04 0.365 1.397 1.344 0.620 0.151 -0.291 -0.887 -1.372 -1.447
0.00049103 -1.50000 10.14613 0.7726904750 2.4087841511    0.770  1.806  3.7034  2.284    3  0.000  0.529     0.00     0.00 -1 -1.46e-21      0.00 7.523e-01 2.473e-01 8.304e-05 2.367e-05 2.093e-04 -1.000 4.413e-04 0.256 1.314 1.249 0.515 0.043 -0.403 -1.004 -1.494 -1.570
0.00049103 -1.50000 10.14613 0.7727612257 2.4088110924    0.770  1.849  3.7015  2.233    3  0.000  0.529     0.00     0.00 -1 -1.68e-21      0.00 7.523e-01 2.473e-01 8.304e-05 2.368e-05 2.093e-04 -1.000 4.415e-04 0.147 1.232 1.155 0.412 -0.065 -0.513 -1.120 -1.614 -1.691
0.00049103 -1.50000 10.14613 0.7728282213 2.4088363647    0.769  1.893  3.6995  2.181    3  0.000  0.529     0.00     0.00 -1 -1.92e-21      0.00 7.523e-01 2.473e-01 8.304e-05 2.368e-05 2.093e-04 -1.000 4.417e-04 0.037 1.150 1.060 0.308 -0.173 -0.625 -1.239 -1.738 -1.815
0.00049103 -1.50000 10.14613 0.7728871703 2.4088587761    0.769  1.935  3.6977  2.132    3  0.000  0.529     0.00     0.00 -1 -2.17e-21      0.00 7.523e-01 2.473e-01 8.304e-05 2.368e-05 2.093e-04 -1.000 4.418e-04 -0.066 1.075 0.972 0.211 -0.274 -0.730 -1.349 -1.853 -1.931
0.00049103 -1.50000 10.14613 0.7729439735 2.4088802338    0.769  1.975  3.6958  2.085    3  0.000  0.529     0.00     0.00 -1 -2.44e-21      0.00 7.523e-01 2.473e-01 8.304e-05 2.368e-05 2.093e-04 -1.000 4.418e-04 -0.167 1.003 0.887 0.117 -0.373 -0.832 -1.457 -1.966 -2.045
0.00049103 -1.50000 10.14613 0.7730029821 2.4089026451    0.769  2.010  3.6942  2.042    3  0.000  0.529     0.00     0.00 -1 -2.74e-21      0.00 7.522e-01 2.473e-01 8.304e-05 2.368e-05 2.093e-04 -1.000 4.419e-04 -0.256 0.939 0.812 0.034 -0.460 -0.922 -1.552 -2.066 -2.145
0.00049103 -1.50000 10.14613 0.7730556726 2.4089224339    0.769  2.037  3.6930  2.011    3  0.000  0.529     0.00     0.00 -1 -3.01e-21      0.00 7.522e-01 2.473e-01 8.304e-05 2.368e-05 2.093e-04 -1.000 4.420e-04 -0.322 0.890 0.756 -0.028 -0.525 -0.989 -1.623 -2.139 -2.219
0.00049103 -1.50000 10.14613 0.7730963230 2.4089379311    0.769  2.025  3.6939  2.026    3  0.000  0.529     0.00     0.00 -1 -3.06e-21      0.00 7.522e-01 2.473e-01 8.304e-05 2.368e-05 2.093e-04 -1.000 4.421e-04 -0.293 0.907 0.777 -0.002 -0.497 -0.960 -1.590 -2.105 -2.184
0.00049103 -1.50000 10.14613 0.7731047273 2.4089410305    0.769  2.033  3.6935  2.017    3  0.000  0.529     0.00     0.00 -1 -3.13e-21      0.00 7.522e-01 2.473e-01 8.304e-05 2.368e-05 2.093e-04 -1.000 4.420e-04 -0.312 0.893 0.761 -0.020 -0.515 -0.979 -1.611 -2.126 -2.206
0.00049103 -1.50000 10.14613 0.7731477022 2.4089572430    0.769  2.075  3.6914  1.966    3  0.000  0.529     0.00     0.00 -1 -3.49e-21      0.00 7.522e-01 2.473e-01 8.304e-05 2.369e-05 2.093e-04 -1.000 4.422e-04 -0.419 0.821 0.673 -0.120 -0.620 -1.087 -1.726 -2.247 -2.327
0.00049103 -1.50000 10.14613 0.7731873989 2.4089722633    0.768  2.117  3.6893  1.915    3  0.000  0.529     0.00     0.00 -1 -3.89e-21      0.00 7.522e-01 2.473e-01 8.303e-05 2.369e-05 2.093e-04 -1.000 4.422e-04 -0.523 0.755 0.588 -0.216 -0.722 -1.193 -1.840 -2.367 -2.448
0.00049103 -1.50000 10.14613 0.7732255459 2.4089868069    0.768  2.161  3.6872  1.863    3  0.000  0.529     0.00     0.00 -1 -4.35e-21      0.00 7.522e-01 2.473e-01 8.303e-05 2.369e-05 2.093e-04 -1.000 4.423e-04 -0.632 0.687 0.500 -0.316 -0.827 -1.303 -1.957 -2.491 -2.573
0.00049103 -1.50000 10.14613 0.7732577324 2.4089989662    0.768  2.201  3.6850  1.815    3  0.000  0.529     0.00     0.00 -1 -4.81e-21      0.00 7.522e-01 2.473e-01 8.303e-05 2.369e-05 2.093e-04 -1.000 4.425e-04 -0.731 0.648 0.427 -0.409 -0.926 -1.405 -2.066 -2.607 -2.688
0.00049103 -1.50000 10.14613 0.7732887864 2.4090106487    0.768  2.242  3.6828  1.764    3  0.000  0.529     0.00     0.00 -1 -5.33e-21      0.00 7.522e-01 2.473e-01 8.303e-05 2.369e-05 2.093e-04 -1.000 4.425e-04 -0.835 0.610 0.353 -0.506 -1.030 -1.512 -2.181 -2.728 -2.808
0.00049103 -1.50000 10.14613 0.7733164430 2.4090211391    0.767  2.282  3.6806  1.716    3  0.000  0.529     0.00     0.00 -1 -5.87e-21      0.00 7.522e-01 2.473e-01 8.303e-05 2.369e-05 2.093e-04 -1.000 4.425e-04 -0.934 0.575 0.283 -0.598 -1.129 -1.615 -2.290 -2.844 -2.923
0.00049103 -1.50000 10.14613 0.7733422518 2.4090309143    0.767  2.321  3.6784  1.667    3  0.000  0.529     0.00     0.00 -1 -6.46e-21      0.00 7.522e-01 2.473e-01 8.303e-05 2.369e-05 2.093e-04 -1.000 4.425e-04 -1.034 0.544 0.215 -0.689 -1.227 -1.717 -2.400 -2.960 -3.038
0.00049103 -1.50000 10.14613 0.7733663917 2.4090399742    0.767  2.361  3.6761  1.618    3  0.000  0.529     0.00     0.00 -1 -7.09e-21      0.00 7.522e-01 2.473e-01 8.303e-05 2.369e-05 2.093e-04 -1.000 4.427e-04 -1.133 0.517 0.148 -0.779 -1.325 -1.820 -2.510 -3.076 -3.154
0.00049103 -1.50000 10.14613 0.7733931541 2.4090502262    0.766  2.409  3.6733  1.559    3  0.000  0.529     0.00     0.00 -1 -7.91e-21      0.00 7.522e-01 2.473e-01 8.303e-05 2.369e-05 2.093e-04 -1.000 4.427e-04 -1.253 0.490 0.072 -0.886 -1.442 -1.942 -2.642 -3.216 -3.293
0.00049103 -1.50000 10.14613 0.7734133601 2.4090578556    0.766  2.448  3.6710  1.510    3  0.000  0.529     0.00     0.00 -1 -8.64e-21      0.00 7.522e-01 2.473e-01 8.303e-05 2.369e-05 2.093e-04 -1.000 4.428e-04 -1.350 0.473 0.012 -0.973 -1.537 -2.042 -2.750 -3.330 -3.406
0.00049103 -1.50000 10.14613 0.7734357119 2.4090662003    0.766  2.494  3.6682  1.453    3  0.000  0.529     0.00     0.00 -1 -9.59e-21      0.00 7.522e-01 2.473e-01 8.303e-05 2.369e-05 2.093e-04 -1.000 4.428e-04 -1.466 0.412 -0.071 -1.070 -1.643 -2.155 -2.874 -3.463 -3.541
0.00049103 -1.50000 10.14613 0.7734563947 2.4090740681    0.765  2.541  3.6653  1.394    3  0.000  0.529     0.00     0.00 -1 -1.06e-20      0.00 7.522e-01 2.473e-01 8.303e-05 2.369e-05 2.093e-04 -1.000 4.428e-04 -1.582 0.409 -0.134 -1.169 -1.755 -2.273 -3.002 -3.599 -3.677
0.00049103 -1.50000 10.14613 0.7734761834 2.4090814590    0.764  2.589  3.6625  1.335    3  0.000  0.529     0.00     0.00 -1 -1.18e-20      0.00 7.522e-01 2.473e-01 8.303e-05 2.369e-05 2.093e-04 -1.000 4.428e-04 -1.702 0.408 -0.198 -1.271 -1.870 -2.396 -3.135 -3.740 -3.817
0.00049103 -1.50000 10.14613 0.7734925747 2.4090876579    0.764  2.632  3.6596  1.280    3  0.000  0.529     0.00     0.00 -1 -1.29e-20      0.00 7.522e-01 2.474e-01 8.303e-05 2.369e-05 2.093e-04 -1.000 4.430e-04 -1.809 0.426 -0.245 -1.359 -1.971 -2.505 -3.255 -3.868 -3.945
0.00049103 -1.50000 10.14613 0.7735089660 2.4090938568    0.763  2.678  3.6566  1.221    3  0.000  0.529     0.00     0.00 -1 -1.43e-20      0.00 7.522e-01 2.474e-01 8.303e-05 2.370e-05 2.093e-04 -1.000 4.429e-04 -1.925 0.433 -0.301 -1.453 -2.078 -2.620 -3.382 -4.004 -4.081
0.00049103 -1.50000 10.14613 0.7735233307 2.4090993404    0.762  2.722  3.6537  1.165    3  0.000  0.529     0.00     0.00 -1 -1.57e-20      0.00 7.522e-01 2.474e-01 8.303e-05 2.370e-05 2.093e-04 -1.000 4.429e-04 -2.035 0.425 -0.359 -1.540 -2.178 -2.728 -3.502 -4.133 -4.212
0.00049103 -1.50000 10.14613 0.7735366821 2.4091043472    0.762  2.766  3.6507  1.109    3  0.000  0.529     0.00     0.00 -1 -1.72e-20      0.00 7.522e-01 2.474e-01 8.303e-05 2.370e-05 2.093e-04 -1.000 4.430e-04 -2.145 0.421 -0.415 -1.626 -2.277 -2.835 -3.622 -4.262 -4.342
0.00049103 -1.50000 10.14613 0.7735491991 2.4091091156    0.761  2.810  3.6478  1.052    3  0.000  0.529     0.00     0.00 -1 -1.88e-20      0.00 7.522e-01 2.474e-01 8.303e-05 2.370e-05 2.093e-04 -1.000 4.430e-04 -2.255 0.417 -0.472 -1.712 -2.375 -2.942 -3.742 -4.392 -4.473
0.00049103 -1.50000 10.14613 0.7735601664 2.4091131687    0.760  2.852  3.6448  0.998    3  0.000  0.529     0.00     0.00 -1 -2.05e-20      0.00 7.522e-01 2.474e-01 8.303e-05 2.370e-05 2.093e-04 -1.000 4.431e-04 -2.360 0.421 -0.521 -1.791 -2.467 -3.042 -3.855 -4.515 -4.598
0.00049103 -1.50000 10.14613 0.7735709548 2.4091174603    0.759  2.896  3.6418  0.942    3  0.000  0.529     0.00     0.00 -1 -2.25e-20      0.00 7.522e-01 2.474e-01 8.303e-05 2.370e-05 2.093e-04 -1.000 4.431e-04 -2.469 0.438 -0.565 -1.870 -2.562 -3.148 -3.974 -4.643 -4.729
0.00049103 -1.50000 10.14613 0.7735803723 2.4091207981    0.758  2.937  3.6389  0.888    3  0.000  0.529     0.00     0.00 -1 -2.44e-20      0.00 7.522e-01 2.474e-01 8.303e-05 2.370e-05 2.093e-04 -1.000 4.430e-04 -2.572 0.459 -0.604 -1.943 -2.651 -3.246 -4.086 -4.765 -4.852
0.00049103 -1.50000 10.14613 0.7735891938 2.4091241360    0.756  2.978  3.6360  0.835    3  0.000  0.529     0.00     0.00 -1 -2.65e-20      0.00 7.522e-01 2.474e-01 8.303e-05 2.370e-05 2.093e-04 -1.000 4.430e-04 -2.674 0.484 -0.640 -2.014 -2.737 -3.343 -4.197 -4.886 -4.975
0.00049103 -1.50000 10.14613 0.7735978961 2.4091274738    0.755  3.021  3.6329  0.779    3  0.000  0.529     0.00     0.00 -1  -2.9e-20      0.00 7.522e-01 2.474e-01 8.303e-05 2.370e-05 2.093e-04 -1.000 4.431e-04 -2.783 0.510 -0.678 -2.088 -2.829 -3.446 -4.315 -5.013 -5.105
0.00049103 -1.50000 10.14613 0.7736052871 2.4091303349    0.753  3.060  3.6300  0.727    3  0.000  0.529     0.00     0.00 -1 -3.13e-20      0.00 7.522e-01 2.474e-01 8.303e-05 2.370e-05 2.093e-04 -1.000 4.431e-04 -2.879 0.539 -0.709 -2.153 -2.910 -3.537 -4.420 -5.128 -5.222
0.00049103 -1.50000 10.14613 0.7736128569 2.4091331959    0.752  3.102  3.6270  0.672    3  0.000  0.529     0.00     0.00 -1 -3.41e-20      0.00 7.522e-01 2.474e-01 8.303e-05 2.370e-05 2.093e-04 -1.000 4.431e-04 -2.985 0.567 -0.745 -2.224 -2.998 -3.636 -4.534 -5.253 -5.349
0.00049103 -1.50000 10.14613 0.7736196518 2.4091358185    0.750  3.143  3.6240  0.619    3  0.000  0.529     0.00     0.00 -1 -3.69e-20      0.00 7.522e-01 2.474e-01 8.303e-05 2.370e-05 2.093e-04 -1.000 4.431e-04 -3.086 0.600 -0.775 -2.289 -3.080 -3.730 -4.643 -5.372 -5.471
0.00049103 -1.50000 10.14613 0.7736260295 2.4091382027    0.748  3.183  3.6211  0.566    3  0.000  0.529     0.00     0.00 -1    -4e-20      0.00 7.522e-01 2.474e-01 8.303e-05 2.370e-05 2.093e-04 -1.000 4.431e-04 -3.188 0.632 -0.806 -2.355 -3.163 -3.824 -4.751 -5.491 -5.592
0.00049103 -1.50000 10.14613 0.7736321688 2.4091405869    0.746  3.224  3.6182  0.511    3  0.000  0.529     0.00     0.00 -1 -4.34e-20      0.00 7.522e-01 2.474e-01 8.303e-05 2.370e-05 2.093e-04 -1.000 4.432e-04 -3.291 0.669 -0.834 -2.419 -3.245 -3.918 -4.862 -5.612 -5.716
0.00049103 -1.50000 10.14613 0.7736378312 2.4091427326    0.743  3.264  3.6152  0.458    3  0.000  0.529     0.00     0.00 -1 -4.69e-20      0.00 7.522e-01 2.474e-01 8.303e-05 2.370e-05 2.093e-04 -1.000 4.431e-04 -3.390 0.714 -0.851 -2.475 -3.322 -4.008 -4.968 -5.729 -5.835
0.00049103 -1.50000 10.14613 0.7736440897 2.4091448784    0.740  3.306  3.6122  0.402    3  0.000  0.529     0.00     0.00 -1 -5.11e-20      0.00 7.522e-01 2.474e-01 8.303e-05 2.370e-05 2.093e-04 -1.000 4.432e-04 -3.496 0.761 -0.868 -2.533 -3.404 -4.105 -5.082 -5.853 -5.962
0.00049103 -1.50000 10.14613 0.7736440897 2.4091448784    0.702  1.690  3.8259  2.850    4  0.000  0.525     0.00     0.00 -1    -1e-30      0.00 7.422e-01 2.573e-01 8.499e-05 2.500e-05 2.160e-04 -1.000 4.941e-04 0.544 0.847 0.853 0.557 0.334 0.111 -0.170 -0.377 -0.399
0.00049103 -1.50000 10.14613 0.7736471295 2.4091460705    0.702  1.705  3.8159  2.795    4  0.000  0.525     0.00     0.00 -1    -1e-30      0.00 7.422e-01 2.573e-01 8.499e-05 2.500e-05 2.160e-04 -1.000 4.941e-04 0.507 0.836 0.856 0.532 0.290 0.048 -0.257 -0.486 -0.509
0.00049103 -1.50000 10.14613 0.7736976147 2.4091651440    0.702  1.708  3.8186  2.803    4  0.000  0.525     0.00     0.00 -1    -1e-30      0.00 7.422e-01 2.573e-01 8.499e-05 2.500e-05 2.160e-04 -1.000 4.940e-04 0.499 0.822 0.837 0.521 0.284 0.047 -0.251 -0.474 -0.497
0.00049103 -1.50000 10.14613 0.7737486959 2.4091844559    0.703  1.709  3.8201  2.808    4  0.000  0.525     0.00     0.00 -1    -1e-30      0.00 7.422e-01 2.573e-01 8.499e-05 2.500e-05 2.160e-04 -1.000 4.940e-04 0.498 0.817 0.829 0.517 0.284 0.049 -0.245 -0.465 -0.488
0.00049103 -1.50000 10.14613 0.7738009095 2.4092042446    0.703  1.709  3.8224  2.817    4  0.000  0.525     0.00     0.00 -1    -1e-30      0.00 7.422e-01 2.573e-01 8.499e-05 2.500e-05 2.160e-04 -1.000 4.941e-04 0.498 0.811 0.820 0.514 0.285 0.055 -0.234 -0.448 -0.471
0.00049103 -1.50000 10.14613 0.7738527060 2.4092237949    0.703  1.708  3.8253  2.830    4  0.000  0.525     0.00     0.00 -1    -1e-30      0.00 7.422e-01 2.573e-01 8.499e-05 2.500e-05 2.160e-04 -1.000 4.942e-04 0.499 0.804 0.809 0.512 0.289 0.064 -0.218 -0.426 -0.448
0.00049103 -1.50000 10.14613 0.7739013433 2.4092421532    0.703  1.708  3.8284  2.843    4  0.000  0.525     0.00     0.00 -1    -1e-30      0.00 7.422e-01 2.573e-01 8.499e-05 2.500e-05 2.160e-04 -1.000 4.941e-04 0.501 0.798 0.799 0.510 0.293 0.074 -0.200 -0.401 -0.423
0.00049103 -1.50000 10.14613 0.7739491463 2.4092602730    0.703  1.707  3.8317  2.857    4  0.000  0.525     0.00     0.00 -1    -1e-30      0.00 7.422e-01 2.573e-01 8.499e-05 2.500e-05 2.160e-04 -1.000 4.941e-04 0.503 0.793 0.788 0.508 0.298 0.086 -0.181 -0.375 -0.396
0.00049103 -1.50000 10.14613 0.7739975452 2.4092783928    0.703  1.706  3.8351  2.872    4  0.000  0.525     0.00     0.00 -1    -1e-30      0.00 7.422e-01 2.573e-01 8.499e-05 2.500e-05 2.160e-04 -1.000 4.941e-04 0.506 0.789 0.778 0.507 0.304 0.098 -0.161 -0.347 -0.368
0.00049103 -1.50000 10.14613 0.7740482092 2.4092974663    0.703  1.704  3.8386  2.887    4  0.000  0.525     0.00     0.00 -1    -1e-30      0.00 7.422e-01 2.573e-01 8.499e-05 2.500e-05 2.160e-04 -1.000 4.941e-04 0.509 0.784 0.768 0.506 0.310 0.111 -0.140 -0.319 -0.339
0.00049103 -1.50000 10.14613 0.7740980983 2.4093163013    0.703  1.703  3.8415  2.900    4  0.000  0.525     0.00     0.00 -1    -1e-30      0.00 7.422e-01 2.573e-01 8.499e-05 2.500e-05 2.160e-04 -1.000 4.941e-04 0.511 0.781 0.760 0.506 0.315 0.122 -0.122 -0.295 -0.315
0.00049103 -1.50000 10.14613 0.7741494775 2.4093358517    0.703  1.703  3.8440  2.910    4  0.000  0.525     0.00     0.00 -1    -1e-30      0.00 7.422e-01 2.573e-01 8.499e-05 2.500e-05 2.160e-04 -1.000 4.941e-04 0.513 0.778 0.753 0.505 0.320 0.131 -0.107 -0.275 -0.294
0.00049103 -1.50000 10.14613 0.7742004395 2.4093549252    0.703  1.702  3.8461  2.919    4  0.000  0.525     0.00     0.00 -1    -1e-30      0.00 7.422e-01 2.573e-01 8.499e-05 2.500e-05 2.160e-04 -1.000 4.941e-04 0.515 0.775 0.747 0.505 0.324 0.139 -0.095 -0.258 -0.277
0.00049103 -1.50000 10.14613 0.7742508054 2.4093739986    0.703  1.702  3.8474  2.925    4  0.000  0.525     0.00     0.00 -1    -1e-30      0.00 7.422e-01 2.573e-01 8.499e-05 2.500e-05 2.160e-04 -1.000 4.941e-04 0.516 0.774 0.743 0.504 0.326 0.143 -0.087 -0.248 -0.267
0.00049103 -1.50000 10.14613 0.7742995620 2.4093923569    0.703  1.702  3.8477  2.926    4  0.000  0.525     0.00     0.00 -1    -1e-30      0.00 7.422e-01 2.573e-01 8.499e-05 2.500e-05 2.160e-04 -1.000 4.941e-04 0.515 0.773 0.741 0.503 0.326 0.144 -0.086 -0.246 -0.265
0.00049103 -1.50000 10.14613 0.7743208408 2.4094004631    0.703  1.702  3.8477  2.926    4  0.000  0.525     0.00     0.00 -1    -1e-30      0.00 7.422e-01 2.573e-01 8.499e-05 2.500e-05 2.160e-04 -1.000 4.940e-04 0.515 0.772 0.741 0.503 0.325 0.143 -0.086 -0.246 -0.265
0.00049103 -1.50000 10.14613 0.7743479013 2.4094104767    0.703  1.702  3.8475  2.925    4  0.000  0.525     0.00     0.00 -1    -1e-30      0.00 7.422e-01 2.573e-01 8.499e-05 2.500e-05 2.160e-04 -1.000 4.941e-04 0.514 0.772 0.741 0.502 0.324 0.142 -0.088 -0.249 -0.268
0.00049103 -1.50000 10.14613 0.7743959427 2.4094285965    0.703  1.703  3.8466  2.920    4  0.000  0.525     0.00     0.00 -1    -1e-30      0.00 7.422e-01 2.573e-01 8.499e-05 2.500e-05 2.160e-04 -1.000 4.941e-04 0.512 0.772 0.742 0.501 0.321 0.137 -0.095 -0.257 -0.277
0.00049103 -1.50000 10.14613 0.7744448781 2.4094471931    0.703  1.705  3.8447  2.911    4  0.000  0.525     0.00     0.00 -1    -1e-30      0.00 7.422e-01 2.573e-01 8.499e-05 2.500e-05 2.160e-04 -1.000 4.941e-04 0.509 0.772 0.745 0.499 0.316 0.128 -0.109 -0.275 -0.294
0.00049103 -1.50000 10.14613 0.7744956017 2.4094662666    0.703  1.706  3.8419  2.898    4  0.000  0.525     0.00     0.00 -1    -1e-30      0.00 7.422e-01 2.573e-01 8.499e-05 2.500e-05 2.160e-04 -1.000 4.941e-04 0.504 0.773 0.751 0.497 0.308 0.115 -0.128 -0.300 -0.320
0.00049103 -1.50000 10.14613 0.7745479941 2.4094860554    0.703  1.709  3.8381  2.881    4  0.000  0.525     0.00     0.00 -1    -1e-30      0.00 7.422e-01 2.573e-01 8.499e-05 2.500e-05 2.160e-04 -1.000 4.941e-04 0.498 0.774 0.758 0.495 0.298 0.098 -0.154 -0.334 -0.354
0.00049103 -1.50000 10.14613 0.7745980024 2.4095048904    0.703  1.712  3.8335  2.859    4  0.000  0.525     0.00     0.00 -1    -1e-30      0.00 7.422e-01 2.573e-01 8.499e-05 2.500e-05 2.160e-04 -1.000 4.941e-04 0.490 0.776 0.768 0.493 0.286 0.077 -0.185 -0.375 -0.396
0.00049103 -1.50000 10.14613 0.7746484280 2.4095237255    0.704  1.715  3.8280  2.834    4  0.000  0.525     0.00     0.00 -1    -1e-30      0.00 7.422e-01 2.573e-01 8.499e-05 2.500e-05 2.160e-04 -1.000 4.941e-04 0.482 0.780 0.780 0.490 0.273 0.053 -0.222 -0.424 -0.445
0.00049103 -1.50000 10.14613 0.7746770382 2.4095344543    0.704  1.718  3.8246  2.818    4  0.000  0.525     0.00     0.00 -1    -1e-30      0.00 7.422e-01 2.573e-01 8.499e-05 2.500e-05 2.160e-04 -1.000 4.941e-04 0.476 0.783 0.788 0.489 0.265 0.039 -0.244 -0.454 -0.476
0.00049103 -1.50000 10.14613 0.7747288346 2.4095540047    0.704  1.722  3.8183  2.789    4  0.000  0.525     0.00     0.00 -1    -1e-30      0.00 7.422e-01 2.573e-01 8.499e-05 2.500e-05 2.160e-04 -1.000 4.941e-04 0.466 0.789 0.803 0.487 0.249 0.012 -0.287 -0.510 -0.533
0.00049103 -1.50000 10.14613 0.7747805715 2.4095735550    0.704  1.727  3.8112  2.755    4  0.000  0.525     0.00     0.00 -1    -1e-30      0.00 7.422e-01 2.573e-01 8.499e-05 2.500e-05 2.160e-04 -1.000 4.941e-04 0.454 0.797 0.821 0.484 0.233 -0.018 -0.334 -0.573 -0.598
0.00049103 -1.50000 10.14613 0.7748305202 2.4095923901    0.704  1.731  3.8042  2.723    4  0.000  0.525     0.00     0.00 -1    -1e-30      0.00 7.422e-01 2.573e-01 8.499e-05 2.500e-05 2.160e-04 -1.000 4.941e-04 0.442 0.806 0.841 0.483 0.217 -0.047 -0.380 -0.635 -0.662
0.00049103 -1.50000 10.14613 0.7748827934 2.4096119404    0.704  1.737  3.7958  2.683    4  0.000  0.525     0.00     0.00 -1    -1e-30      0.00 7.422e-01 2.573e-01 8.499e-05 2.500e-05 2.160e-04 -1.000 4.941e-04 0.427 0.819 0.866 0.482 0.198 -0.081 -0.434 -0.708 -0.738
0.00049103 -1.50000 10.14613 0.7749327421 2.4096307755    0.704  1.743  3.7885  2.648    4  0.000  0.525     0.00     0.00 -1    -1e-30      0.00 7.422e-01 2.573e-01 8.499e-05 2.500e-05 2.160e-04 -1.000 4.941e-04 0.411 0.830 0.887 0.479 0.180 -0.112 -0.484 -0.774 -0.807
0.00049103 -1.50000 10.14613 0.7749820948 2.4096493721    0.704  1.750  3.7826  2.618    4  0.000  0.525     0.00     0.00 -1    -1e-30      0.00 7.422e-01 2.573e-01 8.499e-05 2.500e-05 2.160e-04 -1.000 4.941e-04 0.396 0.837 0.900 0.474 0.163 -0.140 -0.526 -0.831 -0.865
0.00049103 -1.50000 10.14613 0.7750321031 2.4096682072    0.704  1.757  3.7771  2.589    4  0.000  0.525     0.00     0.00 -1    -1e-30      0.00 7.422e-01 2.573e-01 8.499e-05 2.500e-05 2.160e-04 -1.000 4.941e-04 0.378 0.844 0.911 0.466 0.145 -0.168 -0.569 -0.887 -0.923
0.00049103 -1.50000 10.14613 0.7750815153 2.4096868038    0.704  1.764  3.7728  2.565    4  0.000  0.525     0.00     0.00 -1    -1e-30      0.00 7.422e-01 2.573e-01 8.499e-05 2.500e-05 2.160e-04 -1.000 4.941e-04 0.361 0.850 0.916 0.457 0.127 -0.194 -0.607 -0.936 -0.974
0.00049103 -1.50000 10.14613 0.7751341462 2.4097065926    0.704  1.772  3.7686  2.540    4  0.000  0.525     0.00     0.00 -1    -1e-30      0.00 7.422e-01 2.573e-01 8.499e-05 2.500e-05 2.160e-04 -1.000 4.941e-04 0.340 0.850 0.917 0.444 0.105 -0.224 -0.648 -0.987 -1.027
0.00049103 -1.50000 10.14613 0.7751836181 2.4097251892    0.704  1.783  3.7645  2.513    4  0.000  0.525     0.00     0.00 -1    -1e-30      0.00 7.422e-01 2.573e-01 8.499e-05 2.500e-05 2.160e-04 -1.000 4.941e-04 0.313 0.845 0.913 0.425 0.078 -0.258 -0.693 -1.042 -1.084
0.00049103 -1.50000 10.14613 0.7752297521 2.4097425938    0.704  1.774  3.7699  2.543    4  0.000  0.525     0.00     0.00 -1    -1e-30      0.00 7.422e-01 2.573e-01 8.499e-05 2.500e-05 2.160e-04 -1.000 4.941e-04 0.334 0.838 0.904 0.436 0.099 -0.227 -0.648 -0.984 -1.023
0.00049103 -1.50000 10.14613 0.7752376199 2.4097454548    0.704  1.771  3.7692  2.544    4  0.000  0.525     0.00     0.00 -1    -1e-30      0.00 7.422e-01 2.573e-01 8.499e-05 2.500e-05 2.160e-04 -1.000 4.941e-04 0.343 0.850 0.917 0.445 0.108 -0.220 -0.642 -0.980 -1.019
0.00049103 -1.50000 10.14613 0.7752890587 2.4097647667    0.704  1.788  3.7622  2.498    4  0.000  0.525     0.00     0.00 -1    -1e-30      0.00 7.422e-01 2.573e-01 8.499e-05 2.500e-05 2.160e-04 -1.000 4.941e-04 0.299 0.843 0.911 0.416 0.064 -0.276 -0.717 -1.071 -1.114
0.00049103 -1.50000 10.14613 0.7753378749 2.4097831249    0.704  1.812  3.7555  2.448    4  0.000  0.525     0.00     0.00 -1    -1e-30      0.00 7.422e-01 2.573e-01 8.499e-05 2.500e-05 2.160e-04 -1.000 4.941e-04 0.240 0.824 0.889 0.369 0.004 -0.348 -0.806 -1.175 -1.222
0.00049103 -1.50000 10.14613 0.7753710151 2.4097955227    0.704  1.842  3.7486  2.390    4  0.000  0.525     0.00     0.00 -1    -1e-30      0.00 7.422e-01 2.573e-01 8.499e-05 2.500e-05 2.160e-04 -1.000 4.941e-04 0.164 0.794 0.853 0.308 -0.071 -0.436 -0.912 -1.296 -1.346
0.00049103 -1.50000 10.14613 0.7753889561 2.4098024368    0.704  1.874  3.7421  2.332    4  0.000  0.525     0.00     0.00 -1    -1e-30      0.00 7.422e-01 2.573e-01 8.499e-05 2.500e-05 2.160e-04 -1.000 4.942e-04 0.084 0.760 0.811 0.242 -0.150 -0.526 -1.019 -1.417 -1.472
0.00049103 -1.50000 10.14613 0.7753985524 2.4098060131    0.704  1.910  3.7357  2.271    4  0.000  0.525     0.00     0.00 -1    -1e-30      0.00 7.422e-01 2.573e-01 8.499e-05 2.500e-05 2.160e-04 -1.000 4.940e-04 -0.005 0.725 0.760 0.166 -0.239 -0.626 -1.136 -1.548 -1.606
0.00049103 -1.50000 10.14613 0.7754030824 2.4098076820    0.704  1.944  3.7303  2.215    4  0.000  0.525     0.00     0.00 -1    -1e-30      0.00 7.422e-01 2.573e-01 8.499e-05 2.500e-05 2.160e-04 -1.000 4.941e-04 -0.091 0.688 0.707 0.091 -0.324 -0.721 -1.245 -1.669 -1.730
0.00049103 -1.50000 10.14613 0.7754055858 2.4098086357    0.704  1.980  3.7253  2.159    4  0.000  0.525     0.00     0.00 -1    -1e-30      0.00 7.422e-01 2.573e-01 8.499e-05 2.500e-05 2.160e-04 -1.000 4.941e-04 -0.181 0.650 0.650 0.013 -0.413 -0.818 -1.356 -1.792 -1.855
0.00049103 -1.50000 10.14613 0.7754070163 2.4098091125    0.704  2.017  3.7209  2.105    4  0.000  0.525     0.00     0.00 -1    -1e-30      0.00 7.422e-01 2.573e-01 8.499e-05 2.500e-05 2.160e-04 -1.000 4.941e-04 -0.272 0.604 0.588 -0.068 -0.503 -0.915 -1.465 -1.911 -1.977
0.00049103 -1.50000 10.14613 0.7754074335 2.4098093510    0.704  2.033  3.7192  2.082    7  0.000  0.525     0.00     0.00 -1    -1e-30      0.00 7.422e-01 2.573e-01 8.499e-05 2.500e-05 2.160e-04 -1.000 4.941e-04 -0.312 0.584 0.560 -0.103 -0.542 -0.958 -1.512 -1.963 -2.029
0.00049103 -1.50000 10.14613 0.7754081488 2.4098095894    0.704  2.062  3.7163  2.041    7  0.000  0.525     0.00     0.00 -1    -1e-30      0.00 7.422e-01 2.573e-01 8.499e-05 2.500e-05 2.160e-04 -1.000 4.941e-04 -0.385 0.544 0.507 -0.169 -0.614 -1.034 -1.597 -2.055 -2.122
0.00049103 -1.50000 10.14613 0.7754089832 2.4098098278    0.704  2.097  3.7131  1.993    7  0.000  0.525     0.00     0.00 -1    -1e-30      0.00 7.422e-01 2.573e-01 8.499e-05 2.500e-05 2.160e-04 -1.000 4.941e-04 -0.472 0.496 0.444 -0.247 -0.698 -1.125 -1.697 -2.162 -2.231
0.00049103 -1.50000 10.14613 0.7754097581 2.4098103046    0.704  2.126  3.7105  1.954    7  0.000  0.525     0.00     0.00 -1    -1e-30      0.00 7.422e-01 2.573e-01 8.499e-05 2.500e-05 2.160e-04 -1.000 4.942e-04 -0.546 0.456 0.390 -0.314 -0.771 -1.202 -1.782 -2.254 -2.324
0.00049103 -1.50000 10.14613 0.7754105926 2.4098105431    0.704  2.134  3.7100  1.944    7  0.000  0.525     0.00     0.00 -1    -1e-30      0.00 7.422e-01 2.573e-01 8.499e-05 2.500e-05 2.160e-04 -1.000 4.941e-04 -0.565 0.445 0.375 -0.331 -0.790 -1.222 -1.804 -2.276 -2.347
0.00049103 -1.50000 10.14613 0.7754117250 2.4098110199    0.704  2.134  3.7101  1.945    7  0.000  0.525     0.00     0.00 -1    -1e-30      0.00 7.422e-01 2.573e-01 8.499e-05 2.500e-05 2.160e-04 -1.000 4.941e-04 -0.564 0.444 0.375 -0.331 -0.789 -1.221 -1.802 -2.275 -2.345
0.00049103 -1.50000 10.14613 0.7754139304 2.4098117352    0.704  2.130  3.7105  1.949    7  0.000  0.525     0.00     0.00 -1    -1e-30      0.00 7.422e-01 2.573e-01 8.499e-05 2.500e-05 2.160e-04 -1.000 4.941e-04 -0.556 0.447 0.380 -0.324 -0.781 -1.213 -1.792 -2.264 -2.334
0.00049103 -1.50000 10.14613 0.7754173279 2.4098129272    0.704  2.128  3.7107  1.953    7  0.000  0.525     0.00     0.00 -1    -1e-30      0.00 7.422e-01 2.573e-01 8.499e-05 2.500e-05 2.160e-04 -1.000 4.941e-04 -0.550 0.451 0.385 -0.318 -0.775 -1.206 -1.785 -2.256 -2.326
0.00049103 -1.50000 10.14613 0.7754391432 2.4098212719    0.704  2.135  3.7097  1.942    7  0.000  0.525     0.00     0.00 -1    -1e-30      0.00 7.422e-01 2.573e-01 8.499e-05 2.500e-05 2.160e-04 -1.000 4.941e-04 -0.568 0.445 0.374 -0.333 -0.792 -1.225 -1.807 -2.281 -2.351
0.00049103 -1.50000 10.14613 0.7754530907 2.4098265171    0.704  2.160  3.7075  1.908    7  0.000  0.525     0.00     0.00 -1    -1e-30      0.00 7.422e-01 2.573e-01 8.499e-05 2.500e-05 2.160e-04 -1.000 4.941e-04 -0.629 0.416 0.331 -0.388 -0.852 -1.289 -1.878 -2.357 -2.428
0.00049103 -1.50000 10.14613 0.7754736543 2.4098341465    0.704  2.210  3.7032  1.840    7  0.000  0.525     0.00     0.00 -1    -1e-30      0.00 7.422e-01 2.573e-01 8.499e-05 2.500e-05 2.160e-04 -1.000 4.941e-04 -0.756 0.352 0.240 -0.501 -0.976 -1.421 -2.023 -2.513 -2.587
0.00049103 -1.50000 10.14613 0.7754904628 2.4098405838    0.704  2.267  3.6986  1.765    7  0.000  0.525     0.00     0.00 -1    -1e-30      0.00 7.422e-01 2.573e-01 8.499e-05 2.500e-05 2.160e-04 -1.000 4.942e-04 -0.897 0.282 0.139 -0.626 -1.112 -1.566 -2.183 -2.686 -2.761
0.00049103 -1.50000 10.14613 0.7755055428 2.4098460674    0.704  2.324  3.6940  1.690    7  0.000  0.525     0.00     0.00 -1    -1e-30      0.00 7.422e-01 2.573e-01 8.499e-05 2.500e-05 2.160e-04 -1.000 4.941e-04 -1.041 0.214 0.036 -0.754 -1.250 -1.713 -2.345 -2.861 -2.938
0.00049103 -1.50000 10.14613 0.7755188346 2.4098510742    0.704  2.370  3.6905  1.630    7  0.000  0.525     0.00     0.00 -1    -1e-30      0.00 7.422e-01 2.573e-01 8.498e-05 2.500e-05 2.160e-04 -1.000 4.942e-04 -1.155 0.158 -0.045 -0.855 -1.360 -1.830 -2.473 -2.999 -3.077
0.00049103 -1.50000 10.14613 0.7755306959 2.4098556042    0.704  2.414  3.6871  1.572    7  0.000  0.524     0.00     0.00 -1    -1e-30      0.00 7.422e-01 2.573e-01 8.494e-05 2.500e-05 2.160e-04 -1.000 4.941e-04 -1.265 0.108 -0.122 -0.951 -1.465 -1.941 -2.596 -3.133 -3.212
0.00049103 -1.50000 10.14613 0.7755410671 2.4098594189    0.704  2.457  3.6839  1.517    7  0.000  0.523     0.00     0.00 -1    -1e-30      0.00 7.422e-01 2.573e-01 8.476e-05 2.507e-05 2.160e-04 -1.000 4.940e-04 -1.372 0.118 -0.179 -1.049 -1.574 -2.055 -2.720 -3.264 -3.341
0.00049103 -1.50000 10.14613 0.7755502462 2.4098629951    0.705  2.498  3.6808  1.463    7  0.000  0.520     0.00     0.00 -1    -1e-30      0.00 7.422e-01 2.573e-01 8.420e-05 2.543e-05 2.160e-04 -1.000 4.940e-04 -1.474 0.060 -0.252 -1.136 -1.668 -2.157 -2.833 -3.387 -3.466
0.00049103 -1.50000 10.14613 0.7755587101 2.4098660946    0.705  2.539  3.6776  1.409    7  0.000  0.512     0.00     0.00 -1    -1e-30      0.00 7.422e-01 2.573e-01 8.290e-05 2.665e-05 2.160e-04 -1.000 4.941e-04 -1.578 0.054 -0.310 -1.225 -1.769 -2.264 -2.951 -3.513 -3.592
0.00049103 -1.50000 10.14613 0.7755663991 2.4098689556    0.705  2.580  3.6745  1.355    7  0.000  0.499     0.00     0.00 -1    -1e-30      0.00 7.422e-01 2.573e-01 8.091e-05 2.891e-05 2.160e-04 -1.000 4.941e-04 -1.681 0.056 -0.363 -1.314 -1.869 -2.371 -3.068 -3.639 -3.717
0.00049103 -1.50000 10.14613 0.7755736113 2.4098718166    0.705  2.622  3.6712  1.301    7  0.000  0.486     0.00     0.00 -1    -1e-30      0.00 7.422e-01 2.573e-01 7.873e-05 3.152e-05 2.159e-04 -1.000 4.940e-04 -1.786 0.067 -0.413 -1.402 -1.970 -2.479 -3.187 -3.766 -3.844
0.00049103 -1.50000 10.14613 0.7755804062 2.4098742008    0.705  2.664  3.6680  1.246    7  0.000  0.474     0.00     0.00 -1    -1e-30      0.00 7.421e-01 2.574e-01 7.676e-05 3.393e-05 2.159e-04 -1.000 4.936e-04 -1.889 0.088 -0.458 -1.487 -2.069 -2.586 -3.305 -3.893 -3.970
0.00049103 -1.50000 10.14613 0.7755868435 2.4098768234    0.705  2.705  3.6647  1.192    7  0.000  0.464     0.00     0.00 -1    -1e-30      0.00 7.421e-01 2.574e-01 7.511e-05 3.596e-05 2.159e-04 -1.000 4.941e-04 -1.992 0.117 -0.498 -1.569 -2.166 -2.690 -3.422 -4.018 -4.094
0.00049103 -1.50000 10.14613 0.7755929828 2.4098789692    0.705  2.745  3.6616  1.139    7  0.000  0.455     0.00     0.00 -1    -1e-30      0.00 7.420e-01 2.575e-01 7.373e-05 3.765e-05 2.159e-04 -1.000 4.941e-04 -2.092 0.155 -0.533 -1.649 -2.261 -2.793 -3.536 -4.141 -4.217
0.00049103 -1.50000 10.14613 0.7755988240 2.4098811150    0.705  2.785  3.6583  1.086    7  0.000  0.448     0.00     0.00 -1    -1e-30      0.00 7.419e-01 2.576e-01 7.250e-05 3.916e-05 2.159e-04 -1.000 4.941e-04 -2.193 0.205 -0.562 -1.726 -2.354 -2.895 -3.651 -4.264 -4.340
0.00049103 -1.50000 10.14613 0.7756040096 2.4098832607    0.705  2.826  3.6551  1.033    7  0.000  0.441     0.00     0.00 -1    -1e-30      0.00 7.418e-01 2.577e-01 7.139e-05 4.052e-05 2.158e-04 -1.000 4.941e-04 -2.294 0.221 -0.603 -1.801 -2.444 -2.994 -3.763 -4.387 -4.464
0.00049103 -1.50000 10.14613 0.7756082416 2.4098846912    0.705  2.864  3.6519  0.981    7  0.000  0.435     0.00     0.00 -1    -1e-30      0.00 7.417e-01 2.578e-01 7.047e-05 4.165e-05 2.157e-04 -1.000 4.942e-04 -2.390 0.235 -0.642 -1.872 -2.528 -3.087 -3.870 -4.503 -4.583
0.00049103 -1.50000 10.14613 0.7756118774 2.4098861217    0.705  2.904  3.6486  0.928    7  0.000  0.430     0.00     0.00 -1    -1e-30      0.00 7.416e-01 2.579e-01 6.961e-05 4.271e-05 2.157e-04 -1.000 4.939e-04 -2.491 0.260 -0.677 -1.943 -2.615 -3.185 -3.982 -4.626 -4.707
0.00049103 -1.50000 10.14613 0.7756149769 2.4098873138    0.705  2.945  3.6452  0.874    7  0.000  0.426     0.00     0.00 -1    -1e-30      0.00 7.415e-01 2.580e-01 6.888e-05 4.361e-05 2.155e-04 -1.000 4.936e-04 -2.593 0.292 -0.709 -2.013 -2.701 -3.282 -4.094 -4.749 -4.832
0.00049103 -1.50000 10.14613 0.7756181359 2.4098885059    0.705  2.989  3.6415  0.815    7  0.000  0.423     0.00     0.00 -1    -1e-30      0.00 7.414e-01 2.581e-01 6.827e-05 4.437e-05 2.154e-04 -1.000 4.941e-04 -2.702 0.332 -0.741 -2.086 -2.793 -3.386 -4.215 -4.882 -4.967
0.00049103 -1.50000 10.14613 0.7756208181 2.4098894596    0.705  3.030  3.6381  0.760    7  0.000  0.420     0.00     0.00 -1    -1e-30      0.00 7.413e-01 2.582e-01 6.785e-05 4.492e-05 2.152e-04 -1.000 4.941e-04 -2.805 0.370 -0.769 -2.153 -2.878 -3.482 -4.328 -5.006 -5.093
0.00049103 -1.50000 10.14613 0.7756236196 2.4098904133    0.705  3.088  3.6330  0.682    7  0.000  0.418     0.00     0.00 -1    -1e-30      0.00 7.412e-01 2.583e-01 6.733e-05 4.563e-05 2.149e-04 -1.000 4.941e-04 -2.951 0.432 -0.806 -2.245 -2.997 -3.618 -4.488 -5.184 -5.275
0.00049103 -1.50000 10.14613 0.7756237984 2.4098906517    0.705  3.094  3.6325  0.674    7  0.000  0.417     0.00     0.00 -1    -1e-30      0.00 7.412e-01 2.583e-01 6.727e-05 4.572e-05 2.149e-04 -1.000 4.942e-04 -2.965 0.439 -0.809 -2.254 -3.008 -3.631 -4.504 -5.201 -5.293
0.00049103 -1.50000 10.14613 0.7756240368 2.4098906517    0.705  3.101  3.6319  0.664    7  0.000  0.417     0.00     0.00 -1    -1e-30      0.00 7.412e-01 2.583e-01 6.719e-05 4.582e-05 2.148e-04 -1.000 4.941e-04 -2.983 0.447 -0.813 -2.265 -3.023 -3.648 -4.524 -5.224 -5.315
0.00049103 -1.50000 10.14613 0.7756241560 2.4098906517    0.705  3.133  3.6291  0.622    7  0.000  0.414     0.00     0.00 -1    -1e-30      0.00 7.410e-01 2.585e-01 6.666e-05 4.667e-05 2.144e-04 -1.000 4.941e-04 -3.061 0.485 -0.830 -2.313 -3.085 -3.720 -4.609 -5.319 -5.413
0.00049103 -1.50000 10.14613 0.7756243348 2.4098908901    0.705  3.171  3.6256  0.569    7  0.000  0.412     0.00     0.00 -1    -1e-30      0.00 7.408e-01 2.587e-01 6.614e-05 4.767e-05 2.138e-04 -1.000 4.942e-04 -3.158 0.534 -0.849 -2.369 -3.160 -3.808 -4.714 -5.436 -5.533
0.00049103 -1.50000 10.14613 0.7756246328 2.4098908901    0.705  3.200  3.6230  0.530    7  0.000  0.411     0.00     0.00 -1    -1e-30      0.00 7.407e-01 2.588e-01 6.584e-05 4.837e-05 2.134e-04 -1.000 4.940e-04 -3.230 0.574 -0.861 -2.410 -3.216 -3.873 -4.793 -5.525 -5.623
0.00049103 -1.50000 10.14613 0.7756250501 2.4098911285    0.705  3.226  3.6207  0.494    7  0.000  0.411     0.00     0.00 -1    -1e-30      0.00 7.406e-01 2.589e-01 6.561e-05 4.892e-05 2.130e-04 -1.000 4.941e-04 -3.296 0.611 -0.872 -2.448 -3.266 -3.933 -4.864 -5.604 -5.705
0.00049103 -1.50000 10.14613 0.7756254077 2.4098911285    0.705  3.241  3.6195  0.475    7  0.549  0.410     0.00     0.00 -1    -1e-30      0.00 7.405e-01 2.590e-01 6.544e-05 4.929e-05 2.128e-04 -1.000 4.941e-04 -3.332 0.631 -0.876 -2.467 -3.294 -3.965 -4.903 -5.647 -5.749
0.00049103 -1.50000 10.14613 0.7756254673 2.4098911285    0.705  3.414  3.6091  0.260    8  0.549  0.390    98.04    45.09  1 -1.53e-06      0.00 7.290e-01 2.706e-01 6.375e-05 5.931e-05 2.177e-04 -1.000 3.690e-04 -3.766 0.760 -0.982 -2.727 -3.639 -4.365 -5.365 -6.144 -6.259
0.00049103 -1.50000 10.14613 0.7756255269 2.4098911285    0.705  3.268  3.6176  0.440    8  0.549  0.390    66.47    32.23  1 -7.85e-07      0.00 7.290e-01 2.706e-01 6.375e-05 5.931e-05 2.177e-04 -1.000 3.690e-04 -3.400 0.659 -0.888 -2.505 -3.347 -4.027 -4.977 -5.728 -5.832
0.00049103 -1.50000 10.14613 0.7756255865 2.4098913670    0.705  3.121  3.6310  0.641    8  0.549  0.390    43.06    22.14  1 -3.91e-07      0.00 7.290e-01 2.706e-01 6.375e-05 5.931e-05 2.177e-04 -1.000 3.690e-04 -3.032 0.443 -0.839 -2.303 -3.066 -3.695 -4.575 -5.277 -5.370
0.00049103 -1.50000 10.14613 0.7756257057 2.4098913670    0.705  2.932  3.6483  0.899    8  0.549  0.390    24.69    13.69  1 -1.55e-07      0.00 7.290e-01 2.706e-01 6.375e-05 5.931e-05 2.177e-04 -1.000 3.690e-04 -2.559 0.226 -0.730 -2.006 -2.682 -3.254 -4.052 -4.697 -4.778
0.00049103 -1.50000 10.14613 0.7756259441 2.4098913670    0.705  2.938  3.6476  0.890    8  0.549  0.390    25.19    13.92  1  -1.6e-07      0.00 7.290e-01 2.706e-01 6.375e-05 5.931e-05 2.177e-04 -1.000 3.690e-04 -2.576 0.232 -0.734 -2.017 -2.696 -3.269 -4.071 -4.717 -4.799
0.00049103 -1.50000 10.14613 0.7756261826 2.4098916054    0.705  3.038  3.6386  0.754    8  0.550  0.390    33.75    17.93  1 -2.62e-07      0.00 7.290e-01 2.706e-01 6.375e-05 5.931e-05 2.177e-04 -1.000 3.690e-04 -2.824 0.343 -0.794 -2.176 -2.900 -3.504 -4.347 -5.023 -5.110
0.00049103 -1.50000 10.14613 0.7756264806 2.4098916054    0.705  3.188  3.6249  0.549    8  0.550  0.390    52.59    26.29  1  -5.4e-07      0.00 7.290e-01 2.706e-01 6.375e-05 5.931e-05 2.177e-04 -1.000 3.690e-04 -3.201 0.534 -0.869 -2.401 -3.198 -3.848 -4.760 -5.484 -5.582
0.00049103 -1.50000 10.14613 0.7756267786 2.4098916054    0.705  3.317  3.6131  0.374    8  0.550  0.390    76.77    36.44  1 -9.83e-07      0.00 7.290e-01 2.706e-01 6.375e-05 5.931e-05 2.177e-04 -1.000 3.690e-04 -3.522 0.746 -0.889 -2.560 -3.433 -4.134 -5.109 -5.875 -5.985
0.00049103 -1.50000 10.14613 0.7756271958 2.4098918438    0.705  3.401  3.6055  0.259    8  0.551  0.390    98.42    45.15  1 -1.45e-06      0.00 7.290e-01 2.706e-01 6.375e-05 5.931e-05 2.177e-04 -1.000 3.690e-04 -3.732 0.900 -0.884 -2.651 -3.579 -4.317 -5.335 -6.130 -6.248
0.00049103 -1.50000 10.14613 0.7756276727 2.4098920822    0.705  3.447  3.6012  0.196    8  0.551  0.390   112.83    50.79  1 -1.79e-06      0.00 7.290e-01 2.706e-01 6.375e-05 5.931e-05 2.177e-04 -1.000 3.690e-04 -3.848 0.987 -0.879 -2.698 -3.657 -4.416 -5.459 -6.270 -6.394
0.00049103 -1.50000 10.14613 0.7756281495 2.4098923206    0.705  3.471  3.5990  0.163    8  0.552  0.390   121.16    53.98  0 -1.99e-06      0.00 7.290e-01 2.706e-01 6.375e-05 5.931e-05 2.177e-04 -1.000 3.690e-04 -3.908 1.034 -0.874 -2.721 -3.697 -4.466 -5.523 -6.343 -6.470
0.00049103 -1.50000 10.14613 0.7756286860 2.4098923206    0.705  3.487  3.5984  0.144    8  0.552  0.390   126.14    55.85  0 -2.14e-06      0.00 7.290e-01 2.706e-01 6.375e-05 5.931e-05 2.177e-04 -1.000 3.690e-04 -3.948 1.036 -0.887 -2.746 -3.729 -4.503 -5.565 -6.386 -6.514
