Zini     MH   logAge Mini        int_IMF         Mass   logL    logTe  logg  label   McoreTP C_O  period0 period1 pmode  Mloss  tau1m   X   Y   Xc  Xn  Xo  Cexcess  Z 	 mbolmag  Umag    Bmag    Vmag    Rmag    Imag    Jmag    Hmag    Kmag
0.00049103 -1.50000 10.20412 0.0900000036 1.0816895962    0.090 -3.179  3.4757  5.426    1  0.000  0.545     0.00     0.00 -1  -1.1e-28      0.00 7.472e-01 2.523e-01 8.884e-05 2.397e-05 2.174e-04 -1.000 4.941e-04 12.719 20.109 17.375 15.375 13.675 12.048 10.733 10.420 10.317
0.00049103 -1.50000 10.20412 0.0916949362 1.0977303982    0.092 -3.128  3.4829  5.412    1  0.000  0.545     0.00     0.00 -1 -1.76e-28      0.00 7.467e-01 2.528e-01 8.884e-05 2.397e-05 2.174e-04 -1.000 4.940e-04 12.591 19.634 17.056 15.069 13.463 11.915 10.630 10.285 10.174
0.00049103 -1.50000 10.20412 0.1000000015 1.1711064577    0.100 -2.891  3.5168  5.348    1  0.000  0.545     0.00     0.00 -1  -2.6e-27      0.00 7.447e-01 2.548e-01 8.884e-05 2.397e-05 2.174e-04 -1.000 4.939e-04 11.997 17.571 15.637 13.793 12.513 11.308 10.152 9.690 9.547
0.00049103 -1.50000 10.20412 0.1199999973 1.3193154335    0.120 -2.605  3.5478  5.265    1  0.000  0.545     0.00     0.00 -1 -3.73e-28      0.00 7.412e-01 2.583e-01 8.884e-05 2.397e-05 2.174e-04 -1.000 4.941e-04 11.282 15.774 14.279 12.651 11.544 10.583 9.538 9.014 8.849
0.00049103 -1.50000 10.20412 0.1400000006 1.4384527206    0.140 -2.421  3.5632  5.210    1  0.000  0.545     0.00     0.00 -1 -2.05e-28      0.00 7.387e-01 2.608e-01 8.884e-05 2.397e-05 2.174e-04 -1.000 4.942e-04 10.823 14.852 13.537 12.023 10.984 10.121 9.128 8.585 8.409
0.00049103 -1.50000 10.20412 0.1599999964 1.5372931957    0.160 -2.276  3.5733  5.164    1  0.000  0.545     0.00     0.00 -1    -1e-30      0.00 7.372e-01 2.623e-01 8.884e-05 2.397e-05 2.174e-04 -1.000 4.941e-04 10.461 14.206 13.001 11.561 10.566 9.757 8.798 8.245 8.061
0.00049103 -1.50000 10.20412 0.2000000179 1.6938792467    0.200 -2.054  3.5864  5.090    1  0.000  0.545     0.00     0.00 -1 -3.91e-27      0.00 7.361e-01 2.634e-01 8.884e-05 2.397e-05 2.174e-04 -1.000 4.941e-04 9.904 13.310 12.236 10.887 9.950 9.199 8.281 7.718 7.528
0.00049103 -1.50000 10.20412 0.2500000298 1.8403259516    0.250 -1.852  3.5975  5.030    1  0.000  0.545     0.00     0.00 -1 -4.56e-27      0.00 7.364e-01 2.631e-01 8.883e-05 2.397e-05 2.174e-04 -1.000 4.941e-04 9.400 12.544 11.570 10.293 9.405 8.693 7.810 7.242 7.052
0.00049103 -1.50000 10.20412 0.3000000417 1.9529141188    0.300 -1.699  3.6061  4.991    1  0.000  0.545     0.00     0.00 -1 -3.17e-27      0.00 7.365e-01 2.630e-01 8.881e-05 2.397e-05 2.174e-04 -1.000 4.942e-04 9.019 11.976 11.070 9.845 8.994 8.308 7.451 6.883 6.696
0.00049103 -1.50000 10.20412 0.3317345083 2.0124230385    0.332 -1.618  3.6109  4.973    1  0.000  0.545     0.00     0.00 -1 -5.61e-29      0.00 7.363e-01 2.631e-01 8.879e-05 2.397e-05 2.174e-04 -1.000 5.424e-04 8.816 11.672 10.803 9.607 8.775 8.104 7.262 6.692 6.509
0.00049103 -1.50000 10.20412 0.3500000238 2.0434176922    0.350 -1.575  3.6135  4.963    1  0.000  0.544     0.00     0.00 -1 -1.12e-29      0.00 7.362e-01 2.632e-01 8.877e-05 2.397e-05 2.174e-04 -1.000 5.687e-04 8.708 11.513 10.662 9.480 8.659 7.995 7.160 6.591 6.411
0.00049103 -1.50000 10.20412 0.3813471794 2.0919950008    0.381 -1.479  3.6211  4.935    1  0.000  0.545     0.00     0.00 -1 -4.71e-29      0.00 7.452e-01 2.543e-01 8.882e-05 2.397e-05 2.174e-04 -1.000 5.206e-04 8.468 11.125 10.326 9.187 8.396 7.754 6.941 6.371 6.199
0.00049103 -1.50000 10.20412 0.4000000358 2.1185026169    0.400 -1.426  3.6253  4.919    1  0.000  0.545     0.00     0.00 -1 -3.22e-29      0.00 7.503e-01 2.492e-01 8.884e-05 2.397e-05 2.174e-04 -1.000 4.941e-04 8.334 10.910 10.141 9.024 8.250 7.620 6.818 6.248 6.081
0.00049103 -1.50000 10.20412 0.4500000179 2.1822810173    0.450 -1.245  3.6451  4.869    1  0.000  0.545     0.00     0.00 -1    -1e-30      0.00 7.504e-01 2.491e-01 8.884e-05 2.397e-05 2.174e-04 -1.000 4.941e-04 7.883 10.092 9.458 8.443 7.746 7.169 6.420 5.860 5.717
0.00049103 -1.50000 10.20412 0.5000000000 2.2374541759    0.500 -1.040  3.6728  4.820    1  0.000  0.545     0.00     0.00 -1 -4.91e-29      0.00 7.504e-01 2.491e-01 8.884e-05 2.397e-05 2.174e-04 -1.000 4.941e-04 7.369 9.072 8.655 7.768 7.171 6.661 5.990 5.470 5.355
0.00049103 -1.50000 10.20412 0.5500000715 2.2836585045    0.550 -0.806  3.6988  4.731    1  0.000  0.544     0.00     0.00 -1    -1e-30      0.00 7.960e-01 2.036e-01 7.369e-05 1.990e-05 1.806e-04 -1.000 3.955e-04 6.784 8.037 7.846 7.062 6.547 6.089 5.497 5.035 4.939
0.00049103 -1.50000 10.20412 0.5760839581 2.3041348457    0.576 -0.681  3.7156  4.693    1  0.000  0.544     0.00     0.00 -1    -1e-30      0.00 8.034e-01 1.962e-01 7.134e-05 1.927e-05 1.750e-04 -1.000 3.952e-04 6.472 7.482 7.417 6.695 6.222 5.792 5.249 4.824 4.738
0.00049103 -1.50000 10.20412 0.6000000238 2.3211214542    0.600 -0.571  3.7303  4.660    1  0.000  0.543     0.00     0.00 -1    -1e-30      0.00 8.100e-01 1.896e-01 6.927e-05 1.872e-05 1.700e-04 -1.000 3.949e-04 6.197 7.020 7.049 6.382 5.943 5.538 5.035 4.639 4.563
0.00049103 -1.50000 10.20412 0.6082543135 2.3266286850    0.608 -0.529  3.7357  4.646    1  0.000  0.543     0.00     0.00 -1 -6.51e-28      0.00 8.127e-01 1.869e-01 6.842e-05 1.849e-05 1.680e-04 -1.000 3.942e-04 6.093 6.857 6.916 6.268 5.840 5.443 4.955 4.569 4.496
0.00049103 -1.50000 10.20412 0.6177960038 2.3327846527    0.617 -0.481  3.7419  4.629    1  0.000  0.543     0.00     0.00 -1 -1.06e-24      0.00 8.159e-01 1.837e-01 6.739e-05 1.822e-05 1.656e-04 -1.000 3.944e-04 5.972 6.670 6.761 6.136 5.720 5.333 4.860 4.485 4.416
0.00049103 -1.50000 10.20412 0.6270065904 2.3385229111    0.627 -0.433  3.7478  4.612    1  0.000  0.543     0.00     0.00 -1 -1.24e-21      0.00 8.192e-01 1.804e-01 6.636e-05 1.795e-05 1.631e-04 -1.000 3.828e-04 5.853 6.494 6.613 6.008 5.604 5.227 4.767 4.401 4.337
0.00049103 -1.50000 10.20412 0.6358035207 2.3438253403    0.635 -0.387  3.7533  4.593    1  0.000  0.542     0.00     0.00 -1 -6.96e-21      0.00 8.225e-01 1.772e-01 6.534e-05 1.768e-05 1.607e-04 -1.000 3.239e-04 5.737 6.326 6.469 5.885 5.492 5.124 4.677 4.319 4.259
0.00049103 -1.50000 10.20412 0.6438575387 2.3485343456    0.643 -0.343  3.7582  4.575    1  0.000  0.542     0.00     0.00 -1 -1.29e-30      0.00 8.255e-01 1.742e-01 6.438e-05 1.742e-05 1.583e-04 -1.000 3.186e-04 5.629 6.171 6.335 5.770 5.388 5.028 4.592 4.241 4.186
0.00049103 -1.50000 10.20412 0.6499999762 2.3520355225    0.650 -0.309  3.7618  4.559    1  0.000  0.542     0.00     0.00 -1 -1.03e-30      0.00 8.279e-01 1.717e-01 6.362e-05 1.722e-05 1.566e-04 -1.000 3.944e-04 5.543 6.055 6.232 5.681 5.306 4.953 4.525 4.178 4.126
0.00049103 -1.50000 10.20412 0.6560344696 2.3554017544    0.656 -0.275  3.7653  4.542    1  0.000  0.541     0.00     0.00 -1 -1.23e-28      0.00 8.309e-01 1.688e-01 6.268e-05 1.697e-05 1.544e-04 -1.000 3.829e-04 5.457 5.942 6.130 5.591 5.223 4.875 4.455 4.113 4.063
0.00049103 -1.50000 10.20412 0.6642450690 2.3598692417    0.664 -0.225  3.7699  4.517    1  0.000  0.541     0.00     0.00 -1 -8.23e-26      0.00 8.351e-01 1.646e-01 6.136e-05 1.662e-05 1.512e-04 -1.000 2.979e-04 5.333 5.784 5.986 5.464 5.106 4.765 4.354 4.018 3.973
0.00049103 -1.50000 10.20412 0.6713014841 2.3636083603    0.671 -0.180  3.7738  4.492    1  0.000  0.541     0.00     0.00 -1 -2.12e-23      0.00 8.388e-01 1.608e-01 6.017e-05 1.631e-05 1.483e-04 -1.000 3.792e-04 5.221 5.645 5.857 5.349 4.999 4.665 4.262 3.932 3.889
0.00049103 -1.50000 10.20412 0.6781767011 2.3671658039    0.678 -0.134  3.7776  4.466    1  0.000  0.540     0.00     0.00 -1  -4.6e-21      0.00 8.427e-01 1.569e-01 5.896e-05 1.598e-05 1.455e-04 -1.000 3.921e-04 5.106 5.505 5.725 5.231 4.888 4.560 4.165 3.841 3.802
0.00049103 -1.50000 10.20412 0.6866612434 2.3714430332    0.686 -0.073  3.7821  4.428    1  0.000  0.540     0.00     0.00 -1 -4.62e-25      0.00 8.477e-01 1.520e-01 5.740e-05 1.556e-05 1.417e-04 -1.000 3.299e-04 4.953 5.326 5.553 5.076 4.742 4.422 4.036 3.718 3.682
0.00049103 -1.50000 10.20412 0.6946367025 2.3753542900    0.694 -0.011  3.7860  4.386    1  0.000  0.540     0.00     0.00 -1    -1e-30      0.00 8.525e-01 1.471e-01 5.586e-05 1.515e-05 1.380e-04 -1.000 3.375e-04 4.797 5.151 5.380 4.917 4.591 4.277 3.900 3.588 3.555
0.00049103 -1.50000 10.20412 0.6999999881 2.3779268265    0.700  0.034  3.7885  4.355    1  0.000  0.539     0.00     0.00 -1    -1e-30      0.00 8.558e-01 1.439e-01 5.482e-05 1.488e-05 1.356e-04 -1.000 3.350e-04 4.685 5.028 5.257 4.803 4.482 4.172 3.800 3.492 3.461
0.00049103 -1.50000 10.20412 0.7010683417 2.3784339428    0.701  0.043  3.7889  4.348    1  0.000  0.539     0.00     0.00 -1 -2.39e-30      0.00 8.564e-01 1.432e-01 5.462e-05 1.483e-05 1.351e-04 -1.000 3.328e-04 4.662 5.003 5.233 4.780 4.460 4.151 3.780 3.472 3.442
0.00049103 -1.50000 10.20412 0.7080018520 2.3816819191    0.707  0.106  3.7918  4.301    1  0.000  0.538     0.00     0.00 -1 -6.88e-28      0.00 8.584e-01 1.413e-01 5.401e-05 1.470e-05 1.340e-04 -1.000 2.960e-04 4.506 4.835 5.063 4.621 4.306 4.003 3.637 3.335 3.306
0.00049103 -1.50000 10.20412 0.7128791213 2.3839232922    0.712  0.154  3.7934  4.263    1  0.000  0.537     0.00     0.00 -1 -3.67e-26      0.00 8.593e-01 1.404e-01 5.377e-05 1.465e-05 1.336e-04 -1.000 2.960e-04 4.386 4.711 4.936 4.500 4.189 3.888 3.526 3.226 3.198
0.00049103 -1.50000 10.20412 0.7171128988 2.3858404160    0.716  0.198  3.7943  4.224    1  0.000  0.536     0.00     0.00 -1 -1.16e-24      0.00 8.599e-01 1.398e-01 5.359e-05 1.462e-05 1.334e-04 -1.000 2.960e-04 4.274 4.597 4.819 4.387 4.078 3.779 3.419 3.121 3.094
0.00049103 -1.50000 10.20412 0.7180987000 2.3862831593    0.717  0.209  3.7945  4.215    1  0.000  0.536     0.00     0.00 -1  -2.6e-24      0.00 8.600e-01 1.397e-01 5.355e-05 1.461e-05 1.333e-04 -1.000 2.961e-04 4.247 4.569 4.790 4.359 4.051 3.752 3.392 3.095 3.068
0.00049103 -1.50000 10.20412 0.7195595503 2.3869364262    0.719  0.227  3.7944  4.198    1  0.000  0.535     0.00     0.00 -1 -8.62e-24      0.00 8.603e-01 1.395e-01 5.349e-05 1.460e-05 1.332e-04 -1.000 2.960e-04 4.203 4.526 4.746 4.315 4.007 3.708 3.348 3.051 3.024
0.00049103 -1.50000 10.20412 0.7236621380 2.3887553215    0.723  0.280  3.7935  4.143    1  0.000  0.535     0.00     0.00 -1  -2.5e-22      0.00 8.608e-01 1.389e-01 5.333e-05 1.458e-05 1.330e-04 -1.000 2.960e-04 4.070 4.398 4.613 4.181 3.872 3.573 3.210 2.912 2.884
0.00049103 -1.50000 10.20412 0.7268531919 2.3901536465    0.726  0.327  3.7914  4.089    1  0.000  0.534     0.00     0.00 -1  -3.5e-21      0.00 8.612e-01 1.385e-01 5.323e-05 1.456e-05 1.329e-04 -1.000 2.960e-04 3.951 4.290 4.501 4.064 3.751 3.449 3.082 2.779 2.750
0.00049103 -1.50000 10.20412 0.7280863523 2.3906903267    0.727  0.346  3.7902  4.066    1  0.000  0.534     0.00     0.00 -1 -9.77e-21      0.00 8.612e-01 1.384e-01 5.324e-05 1.457e-05 1.330e-04 -1.000 3.381e-04 3.904 4.247 4.457 4.017 3.703 3.398 3.029 2.724 2.695
0.00049103 -1.50000 10.20412 0.7292497754 2.3911948204    0.728  0.367  3.7883  4.038    2  0.000  0.533     0.00     0.00 -1  -2.6e-20      0.00 8.610e-01 1.387e-01 5.336e-05 1.461e-05 1.334e-04 -1.000 3.083e-04 3.852 4.205 4.412 3.967 3.649 3.341 2.967 2.659 2.628
0.00049103 -1.50000 10.20412 0.7315548062 2.3921885490    0.731  0.413  3.7827  3.971    2  0.000  0.533     0.00     0.00 -1 -1.84e-19      0.00 8.586e-01 1.411e-01 5.432e-05 1.488e-05 1.358e-04 -1.000 2.961e-04 3.738 4.117 4.318 3.856 3.528 3.212 2.825 2.507 2.473
0.00049103 -1.50000 10.20412 0.7332450151 2.3929128647    0.732  0.452  3.7763  3.907    2  0.000  0.533     0.00     0.00 -1 -7.91e-19      0.00 8.496e-01 1.501e-01 5.757e-05 1.577e-05 1.439e-04 -1.000 2.966e-04 3.639 4.053 4.244 3.762 3.423 3.097 2.695 2.366 2.328
0.00049103 -1.50000 10.20412 0.7345387936 2.3934645653    0.734  0.488  3.7695  3.845    2  0.000  0.534     0.00     0.00 -1 -2.48e-18      0.00 8.303e-01 1.694e-01 6.419e-05 1.757e-05 1.603e-04 -1.000 3.214e-04 3.550 4.004 4.183 3.679 3.327 2.990 2.573 2.232 2.190
0.00049103 -1.50000 10.20412 0.7355899811 2.3939111233    0.735  0.523  3.7617  3.779    2  0.000  0.536     0.00     0.00 -1 -1.01e-19      0.00 8.078e-01 1.918e-01 7.104e-05 1.942e-05 1.769e-04 -1.000 3.968e-04 3.461 3.965 4.129 3.600 3.233 2.884 2.448 2.094 2.046
0.00049103 -1.50000 10.20412 0.7365112305 2.3943014145    0.735  0.563  3.7538  3.709    2  0.000  0.537     0.00     0.00 -1 -3.65e-28      0.00 7.923e-01 2.072e-01 7.553e-05 2.062e-05 1.876e-04 -1.000 4.373e-04 3.363 3.923 4.068 3.512 3.131 2.769 2.315 1.947 1.894
0.00049103 -1.50000 10.20412 0.7372328043 2.3946063519    0.736  0.603  3.7479  3.645    2  0.000  0.537     0.00     0.00 -1 -1.85e-30      0.00 7.835e-01 2.161e-01 7.807e-05 2.130e-05 1.937e-04 -1.000 4.109e-04 3.261 3.866 3.995 3.419 3.027 2.655 2.187 1.809 1.751
0.00049103 -1.50000 10.20412 0.7377954125 2.3948435783    0.737  0.643  3.7439  3.590    2  0.000  0.538     0.00     0.00 -1 -1.88e-30      0.00 7.784e-01 2.212e-01 7.951e-05 2.169e-05 1.972e-04 -1.000 4.154e-04 3.162 3.798 3.916 3.327 2.927 2.549 2.070 1.685 1.625
0.00049103 -1.50000 10.20412 0.7382676601 2.3950421810    0.737  0.682  3.7410  3.540    2  0.000  0.538     0.00     0.00 -1 -1.89e-30      0.00 7.750e-01 2.246e-01 8.046e-05 2.194e-05 1.995e-04 -1.000 4.036e-04 3.066 3.723 3.834 3.236 2.831 2.447 1.962 1.571 1.509
0.00049103 -1.50000 10.20412 0.7383501530 2.3950769901    0.737  0.689  3.7405  3.531    2  0.000  0.538     0.00     0.00 -1  -1.9e-30      0.00 7.744e-01 2.252e-01 8.061e-05 2.198e-05 1.998e-04 -1.000 3.960e-04 3.048 3.709 3.819 3.219 2.813 2.429 1.942 1.550 1.488
0.00049103 -1.50000 10.20412 0.7384306788 2.3951108456    0.737  0.696  3.7401  3.522    2  0.000  0.538     0.00     0.00 -1  -1.9e-30      0.00 7.739e-01 2.256e-01 8.073e-05 2.202e-05 2.001e-04 -1.000 4.176e-04 3.029 3.693 3.802 3.201 2.794 2.410 1.922 1.529 1.466
0.00049103 -1.50000 10.20412 0.7389423847 2.3953258991    0.738  0.746  3.7376  3.463    3  0.000  0.538     0.00     0.00 -1 -1.92e-30      0.00 7.711e-01 2.284e-01 8.142e-05 2.220e-05 2.018e-04 -1.000 4.664e-04 2.906 3.591 3.691 3.082 2.671 2.283 1.788 1.390 1.326
0.00049103 -1.50000 10.20412 0.7394230366 2.3955273628    0.738  0.796  3.7357  3.405    3  0.000  0.538     0.00     0.00 -1 -1.94e-30      0.00 7.687e-01 2.309e-01 8.196e-05 2.235e-05 2.031e-04 -1.000 4.562e-04 2.780 3.484 3.576 2.960 2.546 2.154 1.654 1.250 1.186
0.00049103 -1.50000 10.20412 0.7398691773 2.3957142830    0.739  0.846  3.7340  3.348    3  0.000  0.538     0.00     0.00 -1 -1.96e-30      0.00 7.665e-01 2.330e-01 8.238e-05 2.247e-05 2.041e-04 -1.000 4.570e-04 2.654 3.373 3.459 2.838 2.421 2.026 1.520 1.112 1.047
0.00049103 -1.50000 10.20412 0.7402414680 2.3958699703    0.739  0.892  3.7326  3.297    3  0.000  0.538     0.00     0.00 -1 -1.98e-30      0.00 7.649e-01 2.346e-01 8.269e-05 2.255e-05 2.049e-04 -1.000 4.782e-04 2.541 3.273 3.353 2.727 2.308 1.912 1.401 0.990 0.924
0.00049103 -1.50000 10.20412 0.7406205535 2.3960285187    0.739  0.941  3.7312  3.242    3  0.000  0.538     0.00     0.00 -1    -2e-30      0.00 7.633e-01 2.363e-01 8.295e-05 2.263e-05 2.056e-04 -1.000 4.583e-04 2.416 3.161 3.235 2.606 2.184 1.786 1.271 0.855 0.789
0.00049103 -1.50000 10.20412 0.7409648895 2.3961720467    0.740  0.991  3.7298  3.188    3  0.000  0.538     0.00     0.00 -1 -2.02e-30      0.00 7.618e-01 2.378e-01 8.316e-05 2.269e-05 2.061e-04 -1.000 4.162e-04 2.293 3.050 3.120 2.486 2.062 1.661 1.142 0.722 0.656
0.00049103 -1.50000 10.20412 0.7412769198 2.3963022232    0.740  1.039  3.7284  3.134    3  0.000  0.538     0.00     0.00 -1 -2.03e-30      0.00 7.605e-01 2.391e-01 8.331e-05 2.274e-05 2.066e-04 -1.000 4.334e-04 2.172 2.942 3.006 2.368 1.942 1.539 1.015 0.592 0.525
0.00049103 -1.50000 10.20412 0.7415660620 2.3964226246    0.740  1.089  3.7271  3.079    3  0.000  0.537     0.00     0.00 -1 -2.05e-30      0.00 7.593e-01 2.402e-01 8.342e-05 2.279e-05 2.070e-04 -1.000 4.732e-04 2.049 2.832 2.890 2.248 1.819 1.414 0.886 0.459 0.391
0.00049103 -1.50000 10.20412 0.7418254614 2.3965306282    0.741  1.137  3.7257  3.026    3  0.000  0.537     0.00     0.00 -1 -2.06e-30      0.00 7.583e-01 2.412e-01 8.349e-05 2.284e-05 2.073e-04 -1.000 4.915e-04 1.928 2.724 2.777 2.130 1.700 1.292 0.760 0.329 0.261
0.00049103 -1.50000 10.20412 0.7420719266 2.3966331482    0.741  1.187  3.7243  2.970    3  0.000  0.537     0.00     0.00 -1 -2.08e-30      0.00 7.574e-01 2.421e-01 8.352e-05 2.288e-05 2.075e-04 -1.000 4.766e-04 1.802 2.613 2.659 2.008 1.575 1.165 0.628 0.193 0.124
0.00049103 -1.50000 10.20412 0.7422807813 2.3967199326    0.741  1.234  3.7229  2.917    3  0.000  0.536     0.00     0.00 -1 -2.09e-30      0.00 7.567e-01 2.428e-01 8.352e-05 2.291e-05 2.076e-04 -1.000 4.551e-04 1.685 2.510 2.550 1.894 1.458 1.046 0.505 0.066 -0.003
0.00049103 -1.50000 10.20412 0.7424677610 2.3967976570    0.741  1.280  3.7215  2.866    3  0.000  0.536     0.00     0.00 -1  -2.1e-30      0.00 7.561e-01 2.434e-01 8.351e-05 2.295e-05 2.078e-04 -1.000 4.658e-04 1.570 2.410 2.443 1.782 1.344 0.930 0.384 -0.058 -0.128
0.00049103 -1.50000 10.20412 0.7426517606 2.3968739510    0.741  1.330  3.7198  2.810    3  0.000  0.535     0.00     0.00 -1 -2.12e-30      0.00 7.557e-01 2.439e-01 8.349e-05 2.298e-05 2.079e-04 -1.000 4.940e-04 1.446 2.302 2.328 1.661 1.221 0.804 0.253 -0.194 -0.264
0.00049103 -1.50000 10.20412 0.7428070307 2.3969383240    0.742  1.376  3.7183  2.758    3  0.000  0.535     0.00     0.00 -1 -2.13e-30      0.00 7.554e-01 2.442e-01 8.346e-05 2.301e-05 2.080e-04 -1.000 4.886e-04 1.331 2.204 2.223 1.550 1.107 0.687 0.132 -0.319 -0.389
0.00049103 -1.50000 10.20412 0.7429471016 2.3969964981    0.742  1.421  3.7168  2.706    3  0.000  0.535     0.00     0.00 -1 -2.14e-30      0.00 7.551e-01 2.444e-01 8.344e-05 2.303e-05 2.080e-04 -1.000 4.838e-04 1.218 2.107 2.119 1.441 0.995 0.573 0.012 -0.443 -0.514
0.00049103 -1.50000 10.20412 0.7430768609 2.3970503807    0.742  1.467  3.7151  2.654    3  0.000  0.535     0.00     0.00 -1 -2.15e-30      0.00 7.550e-01 2.445e-01 8.343e-05 2.304e-05 2.081e-04 -1.000 4.776e-04 1.103 2.010 2.014 1.330 0.881 0.456 -0.109 -0.569 -0.640
0.00049103 -1.50000 10.20412 0.7431955934 2.3970994949    0.742  1.513  3.7135  2.601    3  0.000  0.535     0.00     0.00 -1 -2.16e-30      0.00 7.550e-01 2.446e-01 8.343e-05 2.305e-05 2.081e-04 -1.000 4.377e-04 0.987 1.913 1.910 1.219 0.767 0.339 -0.232 -0.696 -0.768
0.00049103 -1.50000 10.20412 0.7432986498 2.3971421719    0.742  1.557  3.7119  2.551    3  0.000  0.535     0.00     0.00 -1 -2.17e-30      0.00 7.549e-01 2.446e-01 8.343e-05 2.305e-05 2.081e-04 -1.000 4.088e-04 0.878 1.821 1.811 1.115 0.660 0.229 -0.347 -0.816 -0.888
0.00049103 -1.50000 10.20412 0.7433964610 2.3971827030    0.742  1.602  3.7101  2.499    3  0.000  0.535     0.00     0.00 -1 -2.18e-30      0.00 7.549e-01 2.447e-01 8.342e-05 2.305e-05 2.081e-04 -1.000 4.086e-04 0.765 1.726 1.710 1.007 0.549 0.115 -0.467 -0.940 -1.013
0.00049103 -1.50000 10.20412 0.7434835434 2.3972187042    0.742  1.646  3.7084  2.449    3  0.000  0.535     0.00     0.00 -1 -1.82e-30      0.00 7.549e-01 2.447e-01 8.342e-05 2.305e-05 2.081e-04 -1.000 4.084e-04 0.656 1.642 1.613 0.902 0.440 0.004 -0.583 -1.060 -1.134
0.00049103 -1.50000 10.20412 0.7435632348 2.3972516060    0.742  1.689  3.7067  2.398    3  0.000  0.535     0.00     0.00 -1 -1.18e-30      0.00 7.549e-01 2.447e-01 8.342e-05 2.305e-05 2.081e-04 -1.000 4.083e-04 0.547 1.558 1.517 0.798 0.333 -0.107 -0.699 -1.180 -1.255
0.00049103 -1.50000 10.20412 0.7436355948 2.3972816467    0.742  1.732  3.7049  2.348    3  0.000  0.534     0.00     0.00 -1    -1e-30      0.00 7.549e-01 2.447e-01 8.342e-05 2.306e-05 2.081e-04 -1.000 4.082e-04 0.441 1.476 1.423 0.696 0.227 -0.216 -0.813 -1.299 -1.375
0.00049103 -1.50000 10.20412 0.7437022924 2.3973093033    0.742  1.774  3.7031  2.298    3  0.000  0.534     0.00     0.00 -1    -1e-30      0.00 7.549e-01 2.447e-01 8.342e-05 2.306e-05 2.081e-04 -1.000 4.080e-04 0.334 1.395 1.330 0.595 0.121 -0.325 -0.927 -1.417 -1.494
0.00049103 -1.50000 10.20412 0.7437628508 2.3973343372    0.742  1.816  3.7013  2.250    3  0.000  0.534     0.00     0.00 -1    -1e-30      0.00 7.549e-01 2.447e-01 8.342e-05 2.306e-05 2.081e-04 -1.000 4.079e-04 0.229 1.315 1.239 0.496 0.018 -0.431 -1.039 -1.534 -1.610
0.00049103 -1.50000 10.20412 0.7438192368 2.3973577023    0.743  1.858  3.6994  2.201    3  0.000  0.534     0.00     0.00 -1    -1e-30      0.00 7.549e-01 2.447e-01 8.342e-05 2.306e-05 2.081e-04 -1.000 4.078e-04 0.125 1.238 1.149 0.397 -0.084 -0.537 -1.150 -1.650 -1.727
0.00049103 -1.50000 10.20412 0.7438697815 2.3973784447    0.743  1.898  3.6976  2.154    3  0.000  0.534     0.00     0.00 -1    -1e-30      0.00 7.549e-01 2.447e-01 8.342e-05 2.306e-05 2.081e-04 -1.000 4.077e-04 0.026 1.166 1.065 0.304 -0.182 -0.638 -1.257 -1.761 -1.839
0.00049103 -1.50000 10.20412 0.7439184189 2.3973987103    0.743  1.937  3.6958  2.107    3  0.000  0.534     0.00     0.00 -1    -1e-30      0.00 7.549e-01 2.447e-01 8.342e-05 2.306e-05 2.081e-04 -1.000 4.075e-04 -0.073 1.095 0.981 0.211 -0.279 -0.738 -1.363 -1.872 -1.951
0.00049103 -1.50000 10.20412 0.7439675331 2.3974189758    0.743  1.972  3.6942  2.066    3  0.000  0.534     0.00     0.00 -1    -1e-30      0.00 7.549e-01 2.447e-01 8.342e-05 2.306e-05 2.081e-04 -1.000 4.075e-04 -0.159 1.032 0.908 0.130 -0.363 -0.825 -1.455 -1.969 -2.048
0.00049103 -1.50000 10.20412 0.7440246940 2.3974425793    0.743  2.008  3.6927  2.024    3  0.000  0.534     0.00     0.00 -1    -1e-30      0.00 7.549e-01 2.447e-01 8.342e-05 2.306e-05 2.081e-04 -1.000 4.075e-04 -0.249 0.967 0.831 0.045 -0.452 -0.917 -1.551 -2.069 -2.149
0.00049103 -1.50000 10.20412 0.7440310121 2.3974452019    0.743  2.006  3.6928  2.026    3  0.000  0.534     0.00     0.00 -1    -1e-30      0.00 7.549e-01 2.447e-01 8.342e-05 2.306e-05 2.081e-04 -1.000 4.074e-04 -0.246 0.969 0.834 0.049 -0.448 -0.913 -1.547 -2.065 -2.145
0.00049103 -1.50000 10.20412 0.7440544367 2.3974547386    0.743  2.001  3.6932  2.033    3  0.000  0.534     0.00     0.00 -1    -1e-30      0.00 7.549e-01 2.447e-01 8.342e-05 2.306e-05 2.081e-04 -1.000 4.074e-04 -0.232 0.976 0.844 0.061 -0.435 -0.899 -1.532 -2.048 -2.128
0.00049103 -1.50000 10.20412 0.7441345453 2.3974878788    0.743  2.086  3.6891  1.931    3  0.000  0.534     0.00     0.00 -1    -1e-30      0.00 7.549e-01 2.447e-01 8.341e-05 2.306e-05 2.081e-04 -1.000 4.072e-04 -0.445 0.834 0.668 -0.137 -0.643 -1.115 -1.761 -2.289 -2.370
0.00049103 -1.50000 10.20412 0.7441713214 2.3975031376    0.743  2.134  3.6868  1.874    3  0.000  0.534     0.00     0.00 -1    -1e-30      0.00 7.549e-01 2.447e-01 8.341e-05 2.306e-05 2.081e-04 -1.000 4.071e-04 -0.564 0.759 0.571 -0.247 -0.758 -1.235 -1.890 -2.425 -2.507
0.00049103 -1.50000 10.20412 0.7442010641 2.3975152969    0.743  2.175  3.6845  1.823    3  0.000  0.534     0.00     0.00 -1    -1e-30      0.00 7.549e-01 2.447e-01 8.341e-05 2.306e-05 2.081e-04 -1.000 4.071e-04 -0.669 0.720 0.495 -0.345 -0.863 -1.343 -2.006 -2.548 -2.629
0.00049103 -1.50000 10.20412 0.7442281842 2.3975265026    0.743  2.217  3.6823  1.774    3  0.000  0.534     0.00     0.00 -1    -1e-30      0.00 7.549e-01 2.447e-01 8.341e-05 2.306e-05 2.081e-04 -1.000 4.071e-04 -0.772 0.680 0.420 -0.441 -0.966 -1.449 -2.119 -2.668 -2.748
0.00049103 -1.50000 10.20412 0.7442536950 2.3975372314    0.743  2.259  3.6800  1.722    3  0.000  0.534     0.00     0.00 -1    -1e-30      0.00 7.549e-01 2.447e-01 8.341e-05 2.306e-05 2.081e-04 -1.000 4.070e-04 -0.877 0.642 0.346 -0.539 -1.071 -1.558 -2.236 -2.791 -2.870
0.00049103 -1.50000 10.20412 0.7442765236 2.3975465298    0.743  2.300  3.6778  1.672    3  0.000  0.534     0.00     0.00 -1    -1e-30      0.00 7.549e-01 2.447e-01 8.341e-05 2.306e-05 2.081e-04 -1.000 4.069e-04 -0.979 0.610 0.276 -0.632 -1.172 -1.663 -2.348 -2.910 -2.988
0.00049103 -1.50000 10.20412 0.7442981601 2.3975555897    0.743  2.341  3.6754  1.622    3  0.000  0.534     0.00     0.00 -1    -1e-30      0.00 7.549e-01 2.447e-01 8.341e-05 2.306e-05 2.081e-04 -1.000 4.069e-04 -1.083 0.581 0.207 -0.726 -1.274 -1.769 -2.462 -3.030 -3.108
0.00049103 -1.50000 10.20412 0.7443196177 2.3975644112    0.743  2.386  3.6728  1.567    3  0.000  0.534     0.00     0.00 -1    -1e-30      0.00 7.549e-01 2.447e-01 8.341e-05 2.306e-05 2.081e-04 -1.000 4.069e-04 -1.194 0.556 0.136 -0.825 -1.382 -1.883 -2.585 -3.160 -3.237
0.00049103 -1.50000 10.20412 0.7443391085 2.3975722790    0.743  2.429  3.6703  1.513    3  0.000  0.534     0.00     0.00 -1    -1e-30      0.00 7.549e-01 2.447e-01 8.341e-05 2.306e-05 2.081e-04 -1.000 4.068e-04 -1.304 0.536 0.068 -0.923 -1.490 -1.996 -2.706 -3.288 -3.364
0.00049103 -1.50000 10.20412 0.7443576455 2.3975801468    0.743  2.474  3.6675  1.457    3  0.000  0.534     0.00     0.00 -1    -1e-30      0.00 7.548e-01 2.447e-01 8.341e-05 2.306e-05 2.081e-04 -1.000 4.067e-04 -1.416 0.480 -0.011 -1.016 -1.592 -2.105 -2.826 -3.418 -3.496
0.00049103 -1.50000 10.20412 0.7443750501 2.3975872993    0.743  2.520  3.6647  1.400    3  0.000  0.534     0.00     0.00 -1    -1e-30      0.00 7.548e-01 2.447e-01 8.341e-05 2.306e-05 2.081e-04 -1.000 4.067e-04 -1.529 0.477 -0.073 -1.114 -1.701 -2.221 -2.952 -3.551 -3.629
0.00049103 -1.50000 10.20412 0.7443901300 2.3975934982    0.743  2.562  3.6623  1.348    3  0.000  0.534     0.00     0.00 -1    -1e-30      0.00 7.548e-01 2.447e-01 8.341e-05 2.306e-05 2.081e-04 -1.000 4.067e-04 -1.635 0.474 -0.130 -1.204 -1.802 -2.328 -3.069 -3.674 -3.752
0.00049103 -1.50000 10.20412 0.7444046140 2.3975994587    0.743  2.606  3.6592  1.292    3  0.000  0.534     0.00     0.00 -1    -1e-30      0.00 7.548e-01 2.447e-01 8.341e-05 2.306e-05 2.081e-04 -1.000 4.067e-04 -1.745 0.494 -0.178 -1.293 -1.906 -2.440 -3.191 -3.805 -3.882
0.00049103 -1.50000 10.20412 0.7444178462 2.3976049423    0.743  2.649  3.6566  1.238    3  0.000  0.534     0.00     0.00 -1    -1e-30      0.00 7.548e-01 2.447e-01 8.341e-05 2.306e-05 2.081e-04 -1.000 4.067e-04 -1.853 0.495 -0.233 -1.381 -2.006 -2.547 -3.310 -3.932 -4.009
0.00049103 -1.50000 10.20412 0.7444297671 2.3976097107    0.743  2.691  3.6538  1.185    3  0.000  0.534     0.00     0.00 -1    -1e-30      0.00 7.548e-01 2.448e-01 8.341e-05 2.306e-05 2.081e-04 -1.000 4.066e-04 -1.958 0.488 -0.288 -1.464 -2.101 -2.650 -3.424 -4.055 -4.134
0.00049103 -1.50000 10.20412 0.7444407344 2.3976142406    0.743  2.733  3.6510  1.132    3  0.000  0.534     0.00     0.00 -1    -1e-30      0.00 7.548e-01 2.448e-01 8.341e-05 2.306e-05 2.081e-04 -1.000 4.066e-04 -2.062 0.482 -0.342 -1.546 -2.194 -2.751 -3.537 -4.176 -4.257
0.00049103 -1.50000 10.20412 0.7444500923 2.3976182938    0.743  2.770  3.6485  1.085    3  0.000  0.534     0.00     0.00 -1    -1e-30      0.00 7.548e-01 2.448e-01 8.341e-05 2.306e-05 2.082e-04 -1.000 4.066e-04 -2.156 0.477 -0.391 -1.620 -2.279 -2.843 -3.639 -4.287 -4.368
0.00049103 -1.50000 10.20412 0.7444592714 2.3976218700    0.743  2.810  3.6458  1.034    3  0.000  0.534     0.00     0.00 -1    -1e-30      0.00 7.548e-01 2.448e-01 8.341e-05 2.306e-05 2.082e-04 -1.000 4.066e-04 -2.255 0.477 -0.440 -1.695 -2.366 -2.938 -3.746 -4.403 -4.486
0.00049103 -1.50000 10.20412 0.7444680333 2.3976256847    0.743  2.850  3.6430  0.983    3  0.000  0.534     0.00     0.00 -1    -1e-30      0.00 7.548e-01 2.448e-01 8.341e-05 2.306e-05 2.082e-04 -1.000 4.066e-04 -2.355 0.484 -0.485 -1.770 -2.454 -3.035 -3.855 -4.521 -4.606
0.00049103 -1.50000 10.20412 0.7444751859 2.3976285458    0.743  2.885  3.6406  0.939    3  0.000  0.534     0.00     0.00 -1    -1e-30      0.00 7.548e-01 2.448e-01 8.341e-05 2.306e-05 2.082e-04 -1.000 4.065e-04 -2.442 0.498 -0.520 -1.834 -2.530 -3.119 -3.950 -4.624 -4.710
0.00049103 -1.50000 10.20412 0.7444822788 2.3976314068    0.743  2.921  3.6380  0.892    3  0.000  0.534     0.00     0.00 -1    -1e-30      0.00 7.548e-01 2.448e-01 8.341e-05 2.306e-05 2.082e-04 -1.000 4.066e-04 -2.534 0.519 -0.553 -1.897 -2.608 -3.205 -4.050 -4.732 -4.820
0.00049103 -1.50000 10.20412 0.7444894314 2.3976345062    0.743  2.961  3.6351  0.841    3  0.000  0.534     0.00     0.00 -1    -1e-30      0.00 7.548e-01 2.448e-01 8.341e-05 2.306e-05 2.082e-04 -1.000 4.065e-04 -2.632 0.544 -0.587 -1.964 -2.690 -3.298 -4.156 -4.848 -4.938
0.00049103 -1.50000 10.20412 0.7444957495 2.3976371288    0.743  2.998  3.6326  0.794    3  0.000  0.534     0.00     0.00 -1    -1e-30      0.00 7.548e-01 2.448e-01 8.341e-05 2.306e-05 2.082e-04 -1.000 4.065e-04 -2.724 0.563 -0.621 -2.029 -2.769 -3.386 -4.256 -4.957 -5.048
0.00049103 -1.50000 10.20412 0.7445016503 2.3976395130    0.743  3.034  3.6299  0.747    3  0.000  0.534     0.00     0.00 -1    -1e-30      0.00 7.548e-01 2.448e-01 8.341e-05 2.306e-05 2.082e-04 -1.000 4.065e-04 -2.815 0.589 -0.651 -2.090 -2.845 -3.471 -4.355 -5.065 -5.158
0.00049103 -1.50000 10.20412 0.7445066571 2.3976414204    0.743  3.066  3.6275  0.705    3  0.000  0.534     0.00     0.00 -1    -1e-30      0.00 7.548e-01 2.448e-01 8.341e-05 2.306e-05 2.082e-04 -1.000 4.064e-04 -2.896 0.612 -0.677 -2.143 -2.911 -3.547 -4.442 -5.160 -5.255
0.00049103 -1.50000 10.20412 0.7445114851 2.3976435661    0.743  3.099  3.6252  0.663    3  0.000  0.534     0.00     0.00 -1    -1e-30      0.00 7.548e-01 2.448e-01 8.341e-05 2.306e-05 2.082e-04 -1.000 4.065e-04 -2.978 0.633 -0.705 -2.198 -2.980 -3.623 -4.530 -5.257 -5.354
0.00049103 -1.50000 10.20412 0.7445166111 2.3976457119    0.743  3.136  3.6225  0.615    3  0.000  0.534     0.00     0.00 -1    -1e-30      0.00 7.548e-01 2.448e-01 8.341e-05 2.306e-05 2.082e-04 -1.000 4.065e-04 -3.069 0.662 -0.733 -2.257 -3.054 -3.708 -4.628 -5.364 -5.464
0.00049103 -1.50000 10.20412 0.7445212007 2.3976476192    0.743  3.171  3.6199  0.570    3  0.000  0.534     0.00     0.00 -1    -1e-30      0.00 7.548e-01 2.448e-01 8.341e-05 2.306e-05 2.082e-04 -1.000 4.065e-04 -3.157 0.691 -0.758 -2.313 -3.125 -3.789 -4.723 -5.468 -5.569
0.00049103 -1.50000 10.20412 0.7445254326 2.3976492882    0.743  3.204  3.6175  0.527    3  0.000  0.534     0.00     0.00 -1    -1e-30      0.00 7.548e-01 2.448e-01 8.341e-05 2.306e-05 2.082e-04 -1.000 4.064e-04 -3.241 0.720 -0.781 -2.365 -3.192 -3.865 -4.811 -5.565 -5.669
0.00049103 -1.50000 10.20412 0.7445294261 2.3976509571    0.743  3.237  3.6151  0.484    3  0.000  0.534     0.00     0.00 -1    -1e-30      0.00 7.548e-01 2.448e-01 8.341e-05 2.306e-05 2.082e-04 -1.000 4.064e-04 -3.323 0.752 -0.800 -2.414 -3.257 -3.940 -4.900 -5.662 -5.768
0.00049103 -1.50000 10.20412 0.7445331216 2.3976523876    0.743  3.269  3.6128  0.443    3  0.000  0.534     0.00     0.00 -1    -1e-30      0.00 7.548e-01 2.448e-01 8.341e-05 2.306e-05 2.082e-04 -1.000 4.064e-04 -3.403 0.789 -0.812 -2.457 -3.317 -4.012 -4.985 -5.756 -5.864
0.00049103 -1.50000 10.20412 0.7445365787 2.3976538181    0.743  3.298  3.6108  0.406    3  0.000  0.534     0.00     0.00 -1    -1e-30      0.00 7.548e-01 2.448e-01 8.341e-05 2.306e-05 2.082e-04 -1.000 4.064e-04 -3.475 0.819 -0.824 -2.497 -3.373 -4.078 -5.062 -5.840 -5.951
0.00049103 -1.50000 10.20412 0.7445381284 2.3976545334    0.743  3.310  3.6099  0.390    3  0.000  0.534     0.00     0.00 -1    -1e-30      0.00 7.548e-01 2.448e-01 8.341e-05 2.306e-05 2.082e-04 -1.000 4.064e-04 -3.506 0.832 -0.830 -2.514 -3.397 -4.106 -5.096 -5.876 -5.988
0.00049103 -1.50000 10.20412 0.7445381284 2.3976545334    0.670  1.651  3.9153  3.226    4  0.000  0.525     0.00     0.00 -1    -1e-30      0.00 7.422e-01 2.573e-01 8.499e-05 2.500e-05 2.160e-04 -1.000 4.941e-04 0.642 0.800 0.705 0.642 0.589 0.524 0.430 0.382 0.371
0.00049103 -1.50000 10.20412 0.7445389032 2.3976547718    0.670  1.664  3.9083  3.186    4  0.000  0.525     0.00     0.00 -1    -1e-30      0.00 7.422e-01 2.573e-01 8.499e-05 2.500e-05 2.160e-04 -1.000 4.941e-04 0.611 0.776 0.677 0.600 0.537 0.463 0.357 0.300 0.288
0.00049103 -1.50000 10.20412 0.7445880771 2.3976750374    0.670  1.668  3.9082  3.181    4  0.000  0.525     0.00     0.00 -1    -1e-30      0.00 7.422e-01 2.573e-01 8.499e-05 2.500e-05 2.160e-04 -1.000 4.941e-04 0.600 0.764 0.666 0.589 0.526 0.452 0.345 0.289 0.277
0.00049103 -1.50000 10.20412 0.7446388602 2.3976960182    0.670  1.668  3.9098  3.188    4  0.000  0.525     0.00     0.00 -1    -1e-30      0.00 7.422e-01 2.573e-01 8.499e-05 2.500e-05 2.160e-04 -1.000 4.941e-04 0.600 0.763 0.664 0.591 0.531 0.458 0.355 0.300 0.289
0.00049103 -1.50000 10.20412 0.7446900010 2.3977172375    0.671  1.667  3.9114  3.195    4  0.000  0.525     0.00     0.00 -1    -1e-30      0.00 7.422e-01 2.573e-01 8.499e-05 2.500e-05 2.160e-04 -1.000 4.941e-04 0.602 0.763 0.665 0.595 0.537 0.467 0.367 0.314 0.302
0.00049103 -1.50000 10.20412 0.7447416186 2.3977384567    0.671  1.667  3.9133  3.203    4  0.000  0.525     0.00     0.00 -1    -1e-30      0.00 7.422e-01 2.573e-01 8.499e-05 2.500e-05 2.160e-04 -1.000 4.941e-04 0.604 0.763 0.666 0.600 0.545 0.477 0.380 0.330 0.318
0.00049103 -1.50000 10.20412 0.7447935343 2.3977599144    0.671  1.666  3.9152  3.212    4  0.000  0.525     0.00     0.00 -1    -1e-30      0.00 7.422e-01 2.573e-01 8.499e-05 2.500e-05 2.160e-04 -1.000 4.941e-04 0.606 0.763 0.668 0.606 0.553 0.488 0.394 0.346 0.335
0.00049103 -1.50000 10.20412 0.7448418736 2.3977797031    0.671  1.665  3.9168  3.219    4  0.000  0.525     0.00     0.00 -1    -1e-30      0.00 7.422e-01 2.573e-01 8.499e-05 2.500e-05 2.160e-04 -1.000 4.941e-04 0.608 0.764 0.670 0.611 0.560 0.498 0.407 0.360 0.350
0.00049103 -1.50000 10.20412 0.7448900342 2.3977997303    0.671  1.664  3.9183  3.226    4  0.000  0.525     0.00     0.00 -1    -1e-30      0.00 7.422e-01 2.573e-01 8.499e-05 2.500e-05 2.160e-04 -1.000 4.941e-04 0.610 0.765 0.671 0.615 0.566 0.506 0.418 0.373 0.363
0.00049103 -1.50000 10.20412 0.7449381351 2.3978195190    0.671  1.663  3.9195  3.231    4  0.000  0.525     0.00     0.00 -1    -1e-30      0.00 7.422e-01 2.573e-01 8.499e-05 2.500e-05 2.160e-04 -1.000 4.941e-04 0.612 0.765 0.673 0.619 0.572 0.513 0.427 0.384 0.373
0.00049103 -1.50000 10.20412 0.7449873090 2.3978397846    0.671  1.663  3.9202  3.235    4  0.000  0.525     0.00     0.00 -1    -1e-30      0.00 7.422e-01 2.573e-01 8.499e-05 2.500e-05 2.160e-04 -1.000 4.941e-04 0.613 0.766 0.674 0.621 0.575 0.518 0.433 0.390 0.380
0.00049103 -1.50000 10.20412 0.7450368404 2.3978600502    0.671  1.663  3.9206  3.237    4  0.000  0.525     0.00     0.00 -1    -1e-30      0.00 7.422e-01 2.573e-01 8.499e-05 2.500e-05 2.160e-04 -1.000 4.941e-04 0.614 0.766 0.674 0.622 0.577 0.520 0.435 0.393 0.383
0.00049103 -1.50000 10.20412 0.7450888753 2.3978815079    0.671  1.663  3.9204  3.236    4  0.000  0.525     0.00     0.00 -1    -1e-30      0.00 7.422e-01 2.573e-01 8.499e-05 2.500e-05 2.160e-04 -1.000 4.941e-04 0.613 0.766 0.674 0.622 0.576 0.519 0.434 0.392 0.381
0.00049103 -1.50000 10.20412 0.7451399565 2.3979024887    0.671  1.663  3.9196  3.232    4  0.000  0.525     0.00     0.00 -1    -1e-30      0.00 7.422e-01 2.573e-01 8.499e-05 2.500e-05 2.160e-04 -1.000 4.941e-04 0.612 0.765 0.672 0.619 0.572 0.513 0.427 0.384 0.374
0.00049103 -1.50000 10.20412 0.7451887727 2.3979227543    0.671  1.664  3.9182  3.225    4  0.000  0.525     0.00     0.00 -1    -1e-30      0.00 7.422e-01 2.573e-01 8.499e-05 2.500e-05 2.160e-04 -1.000 4.941e-04 0.609 0.764 0.670 0.614 0.565 0.505 0.416 0.371 0.361
0.00049103 -1.50000 10.20412 0.7452118993 2.3979322910    0.671  1.665  3.9174  3.221    4  0.000  0.525     0.00     0.00 -1    -1e-30      0.00 7.422e-01 2.573e-01 8.499e-05 2.500e-05 2.160e-04 -1.000 4.941e-04 0.608 0.763 0.669 0.611 0.561 0.500 0.409 0.364 0.353
0.00049103 -1.50000 10.20412 0.7452389002 2.3979432583    0.671  1.666  3.9161  3.215    4  0.000  0.525     0.00     0.00 -1    -1e-30      0.00 7.422e-01 2.573e-01 8.499e-05 2.500e-05 2.160e-04 -1.000 4.941e-04 0.606 0.762 0.667 0.607 0.555 0.492 0.399 0.352 0.341
0.00049103 -1.50000 10.20412 0.7452932000 2.3979656696    0.671  1.668  3.9131  3.201    4  0.000  0.525     0.00     0.00 -1    -1e-30      0.00 7.422e-01 2.573e-01 8.499e-05 2.500e-05 2.160e-04 -1.000 4.941e-04 0.600 0.759 0.663 0.596 0.540 0.473 0.375 0.324 0.313
0.00049103 -1.50000 10.20412 0.7453425527 2.3979859352    0.671  1.670  3.9097  3.185    4  0.000  0.525     0.00     0.00 -1    -1e-30      0.00 7.422e-01 2.573e-01 8.499e-05 2.500e-05 2.160e-04 -1.000 4.941e-04 0.594 0.757 0.658 0.585 0.524 0.452 0.348 0.294 0.282
0.00049103 -1.50000 10.20412 0.7453917861 2.3980062008    0.671  1.673  3.9058  3.167    4  0.000  0.525     0.00     0.00 -1    -1e-30      0.00 7.422e-01 2.573e-01 8.499e-05 2.500e-05 2.160e-04 -1.000 4.941e-04 0.587 0.754 0.655 0.573 0.506 0.428 0.317 0.257 0.245
0.00049103 -1.50000 10.20412 0.7454447150 2.3980281353    0.671  1.677  3.9008  3.143    4  0.000  0.525     0.00     0.00 -1    -1e-30      0.00 7.422e-01 2.573e-01 8.499e-05 2.500e-05 2.160e-04 -1.000 4.941e-04 0.578 0.751 0.650 0.558 0.484 0.398 0.278 0.212 0.199
0.00049103 -1.50000 10.20412 0.7454945445 2.3980484009    0.671  1.681  3.8952  3.117    4  0.000  0.525     0.00     0.00 -1    -1e-30      0.00 7.422e-01 2.573e-01 8.499e-05 2.500e-05 2.160e-04 -1.000 4.941e-04 0.568 0.748 0.650 0.543 0.459 0.365 0.234 0.160 0.146
0.00049103 -1.50000 10.20412 0.7455441952 2.3980689049    0.671  1.685  3.8892  3.088    4  0.000  0.525     0.00     0.00 -1    -1e-30      0.00 7.422e-01 2.573e-01 8.499e-05 2.500e-05 2.160e-04 -1.000 4.941e-04 0.557 0.746 0.650 0.528 0.434 0.329 0.187 0.104 0.090
0.00049103 -1.50000 10.20412 0.7455743551 2.3980813026    0.672  1.688  3.8853  3.070    4  0.000  0.525     0.00     0.00 -1    -1e-30      0.00 7.422e-01 2.573e-01 8.499e-05 2.500e-05 2.160e-04 -1.000 4.941e-04 0.550 0.745 0.654 0.520 0.418 0.307 0.157 0.068 0.053
0.00049103 -1.50000 10.20412 0.7455948591 2.3980898857    0.672  1.690  3.8824  3.057    4  0.000  0.525     0.00     0.00 -1    -1e-30      0.00 7.422e-01 2.573e-01 8.499e-05 2.500e-05 2.160e-04 -1.000 4.941e-04 0.545 0.744 0.656 0.514 0.407 0.291 0.135 0.041 0.026
0.00049103 -1.50000 10.20412 0.7456466556 2.3981111050    0.672  1.696  3.8750  3.021    4  0.000  0.525     0.00     0.00 -1    -1e-30      0.00 7.422e-01 2.573e-01 8.499e-05 2.500e-05 2.160e-04 -1.000 4.941e-04 0.531 0.743 0.664 0.501 0.379 0.250 0.079 -0.028 -0.044
0.00049103 -1.50000 10.20412 0.7456961274 2.3981313705    0.672  1.701  3.8674  2.986    4  0.000  0.525     0.00     0.00 -1    -1e-30      0.00 7.422e-01 2.573e-01 8.499e-05 2.500e-05 2.160e-04 -1.000 4.941e-04 0.517 0.741 0.674 0.489 0.352 0.209 0.022 -0.098 -0.114
0.00049103 -1.50000 10.20412 0.7457446456 2.3981513977    0.672  1.707  3.8598  2.950    4  0.000  0.525     0.00     0.00 -1    -1e-30      0.00 7.422e-01 2.573e-01 8.499e-05 2.500e-05 2.160e-04 -1.000 4.941e-04 0.503 0.739 0.684 0.479 0.327 0.169 -0.034 -0.168 -0.185
0.00049103 -1.50000 10.20412 0.7457944751 2.3981719017    0.672  1.713  3.8514  2.910    4  0.000  0.525     0.00     0.00 -1    -1e-30      0.00 7.422e-01 2.573e-01 8.499e-05 2.500e-05 2.160e-04 -1.000 4.941e-04 0.488 0.738 0.697 0.470 0.301 0.127 -0.094 -0.246 -0.264
0.00049103 -1.50000 10.20412 0.7458433509 2.3981919289    0.672  1.720  3.8426  2.868    4  0.000  0.525     0.00     0.00 -1    -1e-30      0.00 7.422e-01 2.573e-01 8.499e-05 2.500e-05 2.160e-04 -1.000 4.941e-04 0.471 0.739 0.712 0.462 0.275 0.084 -0.157 -0.327 -0.347
0.00049103 -1.50000 10.20412 0.7458919883 2.3982119560    0.672  1.726  3.8342  2.828    4  0.000  0.525     0.00     0.00 -1    -1e-30      0.00 7.422e-01 2.573e-01 8.499e-05 2.500e-05 2.160e-04 -1.000 4.941e-04 0.455 0.740 0.726 0.455 0.251 0.044 -0.217 -0.404 -0.425
0.00049103 -1.50000 10.20412 0.7459417582 2.3982324600    0.672  1.733  3.8258  2.788    4  0.000  0.525     0.00     0.00 -1    -1e-30      0.00 7.422e-01 2.573e-01 8.499e-05 2.500e-05 2.160e-04 -1.000 4.941e-04 0.438 0.743 0.742 0.447 0.226 0.003 -0.277 -0.483 -0.505
0.00049103 -1.50000 10.20412 0.7459911108 2.3982527256    0.672  1.740  3.8173  2.747    4  0.000  0.525     0.00     0.00 -1    -1e-30      0.00 7.422e-01 2.573e-01 8.499e-05 2.500e-05 2.160e-04 -1.000 4.941e-04 0.420 0.748 0.758 0.440 0.202 -0.037 -0.337 -0.562 -0.585
0.00049103 -1.50000 10.20412 0.7460396290 2.3982725143    0.672  1.748  3.8088  2.704    4  0.000  0.525     0.00     0.00 -1    -1e-30      0.00 7.422e-01 2.573e-01 8.499e-05 2.500e-05 2.160e-04 -1.000 4.941e-04 0.400 0.752 0.775 0.432 0.176 -0.078 -0.400 -0.643 -0.669
0.00049103 -1.50000 10.20412 0.7460907698 2.3982934952    0.672  1.759  3.7988  2.654    4  0.000  0.525     0.00     0.00 -1    -1e-30      0.00 7.422e-01 2.573e-01 8.499e-05 2.500e-05 2.160e-04 -1.000 4.941e-04 0.373 0.757 0.794 0.421 0.144 -0.129 -0.475 -0.741 -0.770
0.00049103 -1.50000 10.20412 0.7461406589 2.3983139992    0.672  1.773  3.7886  2.599    4  0.000  0.525     0.00     0.00 -1    -1e-30      0.00 7.422e-01 2.573e-01 8.499e-05 2.500e-05 2.160e-04 -1.000 4.941e-04 0.339 0.760 0.810 0.404 0.106 -0.185 -0.557 -0.847 -0.879
0.00049103 -1.50000 10.20412 0.7461812496 2.3983306885    0.672  1.791  3.7769  2.534    4  0.000  0.525     0.00     0.00 -1    -1e-30      0.00 7.422e-01 2.573e-01 8.499e-05 2.500e-05 2.160e-04 -1.000 4.941e-04 0.293 0.763 0.824 0.380 0.058 -0.255 -0.656 -0.974 -1.010
0.00049103 -1.50000 10.20412 0.7462068200 2.3983411789    0.672  1.812  3.7665  2.471    4  0.000  0.525     0.00     0.00 -1    -1e-30      0.00 7.422e-01 2.573e-01 8.499e-05 2.500e-05 2.160e-04 -1.000 4.941e-04 0.239 0.764 0.825 0.345 0.003 -0.330 -0.759 -1.102 -1.143
0.00049103 -1.50000 10.20412 0.7462204695 2.3983469009    0.672  1.830  3.7596  2.425    4  0.000  0.525     0.00     0.00 -1    -1e-30      0.00 7.422e-01 2.573e-01 8.499e-05 2.500e-05 2.160e-04 -1.000 4.941e-04 0.194 0.756 0.818 0.314 -0.043 -0.388 -0.835 -1.194 -1.238
0.00049103 -1.50000 10.20412 0.7462278008 2.3983497620    0.672  1.845  3.7549  2.392    4  0.000  0.525     0.00     0.00 -1    -1e-30      0.00 7.422e-01 2.573e-01 8.499e-05 2.500e-05 2.160e-04 -1.000 4.941e-04 0.157 0.750 0.808 0.286 -0.080 -0.433 -0.892 -1.261 -1.308
0.00049103 -1.50000 10.20412 0.7462325692 2.3983516693    0.672  1.858  3.7513  2.365    4  0.000  0.525     0.00     0.00 -1    -1e-30      0.00 7.422e-01 2.573e-01 8.499e-05 2.500e-05 2.160e-04 -1.000 4.941e-04 0.126 0.741 0.797 0.262 -0.111 -0.470 -0.939 -1.316 -1.365
0.00049103 -1.50000 10.20412 0.7462354302 2.3983528614    0.672  1.866  3.7490  2.347    4  0.000  0.525     0.00     0.00 -1    -1e-30      0.00 7.422e-01 2.573e-01 8.499e-05 2.500e-05 2.160e-04 -1.000 4.941e-04 0.104 0.735 0.789 0.246 -0.132 -0.496 -0.970 -1.353 -1.403
0.00049103 -1.50000 10.20412 0.7462381124 2.3983540535    0.672  1.876  3.7464  2.327    4  0.000  0.525     0.00     0.00 -1    -1e-30      0.00 7.422e-01 2.573e-01 8.499e-05 2.500e-05 2.160e-04 -1.000 4.941e-04 0.079 0.728 0.779 0.226 -0.157 -0.525 -1.006 -1.394 -1.447
0.00049103 -1.50000 10.20412 0.7462401390 2.3983547688    0.672  1.886  3.7441  2.308    4  0.000  0.525     0.00     0.00 -1    -1e-30      0.00 7.422e-01 2.573e-01 8.499e-05 2.500e-05 2.160e-04 -1.000 4.941e-04 0.056 0.721 0.769 0.207 -0.180 -0.553 -1.040 -1.433 -1.487
0.00049103 -1.50000 10.20412 0.7462421656 2.3983557224    0.672  1.900  3.7410  2.282    4  0.000  0.525     0.00     0.00 -1    -1e-30      0.00 7.422e-01 2.573e-01 8.499e-05 2.500e-05 2.160e-04 -1.000 4.941e-04 0.021 0.707 0.752 0.179 -0.215 -0.592 -1.088 -1.487 -1.543
0.00049103 -1.50000 10.20412 0.7462441325 2.3983564377    0.672  1.917  3.7374  2.250    4  0.000  0.525     0.00     0.00 -1    -1e-30      0.00 7.422e-01 2.573e-01 8.499e-05 2.500e-05 2.160e-04 -1.000 4.941e-04 -0.023 0.694 0.730 0.143 -0.258 -0.642 -1.147 -1.555 -1.612
0.00049103 -1.50000 10.20412 0.7462460399 2.3983573914    0.672  1.943  3.7328  2.206    4  0.000  0.525     0.00     0.00 -1    -1e-30      0.00 7.422e-01 2.573e-01 8.499e-05 2.500e-05 2.160e-04 -1.000 4.941e-04 -0.088 0.671 0.693 0.088 -0.322 -0.714 -1.231 -1.649 -1.709
0.00049103 -1.50000 10.20412 0.7462474704 2.3983578682    0.672  1.972  3.7283  2.159    4  0.000  0.525     0.00     0.00 -1    -1e-30      0.00 7.422e-01 2.573e-01 8.499e-05 2.500e-05 2.160e-04 -1.000 4.941e-04 -0.160 0.642 0.649 0.026 -0.394 -0.793 -1.323 -1.752 -1.813
0.00049103 -1.50000 10.20412 0.7462485433 2.3983583450    0.672  2.004  3.7239  2.109    4  0.000  0.525     0.00     0.00 -1    -1e-30      0.00 7.422e-01 2.573e-01 8.499e-05 2.500e-05 2.160e-04 -1.000 4.941e-04 -0.241 0.606 0.598 -0.045 -0.473 -0.880 -1.422 -1.861 -1.925
0.00049103 -1.50000 10.20412 0.7462486625 2.3983583450    0.672  2.008  3.7235  2.103    7  0.000  0.525     0.00     0.00 -1    -1e-30      0.00 7.422e-01 2.573e-01 8.499e-05 2.500e-05 2.160e-04 -1.000 4.941e-04 -0.250 0.602 0.592 -0.052 -0.482 -0.890 -1.433 -1.873 -1.937
0.00049103 -1.50000 10.20412 0.7462494373 2.3983585835    0.672  2.041  3.7198  2.055    7  0.000  0.525     0.00     0.00 -1    -1e-30      0.00 7.422e-01 2.573e-01 8.499e-05 2.500e-05 2.160e-04 -1.000 4.941e-04 -0.333 0.558 0.534 -0.126 -0.564 -0.978 -1.531 -1.980 -2.045
0.00049103 -1.50000 10.20412 0.7462502122 2.3983590603    0.672  2.080  3.7158  2.001    7  0.000  0.525     0.00     0.00 -1    -1e-30      0.00 7.422e-01 2.573e-01 8.499e-05 2.500e-05 2.160e-04 -1.000 4.941e-04 -0.430 0.508 0.466 -0.213 -0.658 -1.080 -1.644 -2.102 -2.170
0.00049103 -1.50000 10.20412 0.7462511063 2.3983592987    0.672  2.121  3.7120  1.945    7  0.000  0.525     0.00     0.00 -1    -1e-30      0.00 7.422e-01 2.573e-01 8.499e-05 2.500e-05 2.160e-04 -1.000 4.941e-04 -0.531 0.456 0.393 -0.304 -0.758 -1.186 -1.762 -2.230 -2.299
0.00049103 -1.50000 10.20412 0.7462518811 2.3983597755    0.672  2.149  3.7095  1.906    7  0.000  0.525     0.00     0.00 -1    -1e-30      0.00 7.422e-01 2.573e-01 8.499e-05 2.500e-05 2.160e-04 -1.000 4.941e-04 -0.604 0.418 0.341 -0.369 -0.829 -1.262 -1.845 -2.319 -2.390
0.00049103 -1.50000 10.20412 0.7462530732 2.3983602524    0.672  2.184  3.7066  1.860    7  0.000  0.525     0.00     0.00 -1    -1e-30      0.00 7.422e-01 2.573e-01 8.499e-05 2.500e-05 2.160e-04 -1.000 4.941e-04 -0.689 0.375 0.279 -0.445 -0.912 -1.351 -1.943 -2.424 -2.496
0.00049103 -1.50000 10.20412 0.7462553382 2.3983612061    0.672  2.189  3.7063  1.853    7  0.000  0.525     0.00     0.00 -1    -1e-30      0.00 7.422e-01 2.573e-01 8.499e-05 2.500e-05 2.160e-04 -1.000 4.941e-04 -0.704 0.365 0.267 -0.459 -0.926 -1.365 -1.958 -2.441 -2.512
0.00049103 -1.50000 10.20412 0.7462584972 2.3983623981    0.672  2.169  3.7081  1.881    7  0.000  0.525     0.00     0.00 -1    -1e-30      0.00 7.422e-01 2.573e-01 8.499e-05 2.500e-05 2.160e-04 -1.000 4.941e-04 -0.652 0.390 0.304 -0.413 -0.876 -1.312 -1.899 -2.377 -2.448
0.00049103 -1.50000 10.20412 0.7462834120 2.3983726501    0.672  2.150  3.7091  1.904    7  0.000  0.525     0.00     0.00 -1    -1e-30      0.00 7.422e-01 2.573e-01 8.499e-05 2.500e-05 2.160e-04 -1.000 4.941e-04 -0.604 0.422 0.343 -0.368 -0.829 -1.263 -1.847 -2.322 -2.393
0.00049103 -1.50000 10.20412 0.7462996244 2.3983793259    0.672  2.183  3.7059  1.858    7  0.000  0.525     0.00     0.00 -1    -1e-30      0.00 7.422e-01 2.573e-01 8.499e-05 2.500e-05 2.160e-04 -1.000 4.941e-04 -0.689 0.384 0.285 -0.442 -0.910 -1.351 -1.945 -2.428 -2.500
0.00049103 -1.50000 10.20412 0.7463183403 2.3983869553    0.672  2.224  3.7024  1.803    7  0.000  0.525     0.00     0.00 -1    -1e-30      0.00 7.422e-01 2.573e-01 8.499e-05 2.500e-05 2.160e-04 -1.000 4.941e-04 -0.790 0.334 0.213 -0.533 -1.009 -1.456 -2.061 -2.553 -2.627
0.00049103 -1.50000 10.20412 0.7463365793 2.3983943462    0.672  2.265  3.6990  1.749    7  0.000  0.525     0.00     0.00 -1    -1e-30      0.00 7.422e-01 2.573e-01 8.499e-05 2.500e-05 2.160e-04 -1.000 4.941e-04 -0.893 0.284 0.140 -0.624 -1.109 -1.562 -2.178 -2.679 -2.754
0.00049103 -1.50000 10.20412 0.7463529110 2.3984010220    0.672  2.306  3.6957  1.694    7  0.000  0.525     0.00     0.00 -1    -1e-30      0.00 7.422e-01 2.573e-01 8.499e-05 2.500e-05 2.160e-04 -1.000 4.941e-04 -0.996 0.234 0.066 -0.715 -1.208 -1.667 -2.294 -2.805 -2.881
0.00049103 -1.50000 10.20412 0.7463671565 2.3984069824    0.672  2.348  3.6925  1.640    7  0.000  0.525     0.00     0.00 -1    -1e-30      0.00 7.422e-01 2.573e-01 8.498e-05 2.500e-05 2.160e-04 -1.000 4.942e-04 -1.099 0.185 -0.007 -0.806 -1.307 -1.773 -2.410 -2.930 -3.007
0.00049103 -1.50000 10.20412 0.7463797927 2.3984122276    0.672  2.389  3.6893  1.586    7  0.000  0.525     0.00     0.00 -1    -1e-30      0.00 7.422e-01 2.573e-01 8.495e-05 2.500e-05 2.160e-04 -1.000 4.941e-04 -1.202 0.137 -0.079 -0.897 -1.406 -1.878 -2.525 -3.055 -3.134
0.00049103 -1.50000 10.20412 0.7463908195 2.3984167576    0.672  2.430  3.6861  1.532    7  0.000  0.524     0.00     0.00 -1    -1e-30      0.00 7.422e-01 2.573e-01 8.483e-05 2.504e-05 2.160e-04 -1.000 4.942e-04 -1.305 0.092 -0.150 -0.986 -1.502 -1.981 -2.640 -3.180 -3.259
0.00049103 -1.50000 10.20412 0.7464005947 2.3984208107    0.672  2.470  3.6830  1.479    7  0.000  0.521     0.00     0.00 -1    -1e-30      0.00 7.422e-01 2.573e-01 8.443e-05 2.524e-05 2.160e-04 -1.000 4.936e-04 -1.406 0.072 -0.212 -1.076 -1.602 -2.086 -2.756 -3.304 -3.383
0.00049103 -1.50000 10.20412 0.7464094758 2.3984243870    0.672  2.511  3.6799  1.426    7  0.000  0.515     0.00     0.00 -1    -1e-30      0.00 7.422e-01 2.573e-01 8.337e-05 2.607e-05 2.160e-04 -1.000 4.930e-04 -1.508 0.060 -0.271 -1.165 -1.701 -2.192 -2.871 -3.428 -3.507
0.00049103 -1.50000 10.20412 0.7464176416 2.3984277248    0.672  2.551  3.6767  1.373    7  0.000  0.502     0.00     0.00 -1    -1e-30      0.00 7.422e-01 2.573e-01 8.139e-05 2.818e-05 2.160e-04 -1.000 4.938e-04 -1.609 0.059 -0.325 -1.252 -1.799 -2.296 -2.986 -3.551 -3.629
0.00049103 -1.50000 10.20412 0.7464252114 2.3984308243    0.672  2.592  3.6736  1.320    7  0.000  0.487     0.00     0.00 -1    -1e-30      0.00 7.422e-01 2.573e-01 7.892e-05 3.114e-05 2.160e-04 -1.000 4.941e-04 -1.710 0.066 -0.375 -1.337 -1.897 -2.401 -3.101 -3.674 -3.752
0.00049103 -1.50000 10.20412 0.7464323640 2.3984336853    0.672  2.632  3.6704  1.267    7  0.000  0.473     0.00     0.00 -1    -1e-30      0.00 7.421e-01 2.574e-01 7.659e-05 3.399e-05 2.159e-04 -1.000 4.941e-04 -1.810 0.081 -0.420 -1.421 -1.994 -2.505 -3.216 -3.797 -3.874
0.00049103 -1.50000 10.20412 0.7464391589 2.3984365463    0.672  2.672  3.6672  1.214    7  0.000  0.461     0.00     0.00 -1    -1e-30      0.00 7.421e-01 2.574e-01 7.462e-05 3.641e-05 2.159e-04 -1.000 4.940e-04 -1.911 0.106 -0.461 -1.503 -2.089 -2.608 -3.331 -3.920 -3.997
0.00049103 -1.50000 10.20412 0.7464456558 2.3984391689    0.672  2.712  3.6640  1.161    7  0.000  0.450     0.00     0.00 -1    -1e-30      0.00 7.420e-01 2.575e-01 7.294e-05 3.847e-05 2.159e-04 -1.000 4.941e-04 -2.011 0.139 -0.499 -1.583 -2.184 -2.711 -3.445 -4.043 -4.119
0.00049103 -1.50000 10.20412 0.7464518547 2.3984417915    0.672  2.753  3.6607  1.108    7  0.000  0.442     0.00     0.00 -1    -1e-30      0.00 7.419e-01 2.576e-01 7.152e-05 4.022e-05 2.159e-04 -1.000 4.941e-04 -2.112 0.182 -0.531 -1.663 -2.280 -2.815 -3.561 -4.167 -4.243
0.00049103 -1.50000 10.20412 0.7464574575 2.3984439373    0.672  2.794  3.6574  1.053    7  0.000  0.434     0.00     0.00 -1    -1e-30      0.00 7.418e-01 2.577e-01 7.023e-05 4.180e-05 2.159e-04 -1.000 4.940e-04 -2.215 0.231 -0.561 -1.740 -2.373 -2.918 -3.677 -4.292 -4.369
0.00049103 -1.50000 10.20412 0.7464619279 2.3984458447    0.673  2.834  3.6542  1.001    7  0.000  0.427     0.00     0.00 -1    -1e-30      0.00 7.417e-01 2.578e-01 6.910e-05 4.320e-05 2.158e-04 -1.000 4.937e-04 -2.314 0.242 -0.604 -1.814 -2.461 -3.014 -3.787 -4.413 -4.491
0.00049103 -1.50000 10.20412 0.7464656234 2.3984472752    0.673  2.873  3.6509  0.948    7  0.000  0.421     0.00     0.00 -1    -1e-30      0.00 7.416e-01 2.579e-01 6.811e-05 4.440e-05 2.157e-04 -1.000 4.938e-04 -2.413 0.264 -0.639 -1.884 -2.547 -3.110 -3.897 -4.533 -4.612
0.00049103 -1.50000 10.20412 0.7464687228 2.3984487057    0.673  2.911  3.6478  0.897    7  0.000  0.416     0.00     0.00 -1    -1e-30      0.00 7.415e-01 2.580e-01 6.729e-05 4.542e-05 2.156e-04 -1.000 4.940e-04 -2.508 0.290 -0.671 -1.951 -2.629 -3.202 -4.003 -4.649 -4.730
0.00049103 -1.50000 10.20412 0.7464716434 2.3984498978    0.673  2.951  3.6444  0.844    7  0.000  0.412     0.00     0.00 -1    -1e-30      0.00 7.414e-01 2.581e-01 6.662e-05 4.625e-05 2.155e-04 -1.000 4.942e-04 -2.608 0.324 -0.701 -2.018 -2.712 -3.296 -4.113 -4.770 -4.853
0.00049103 -1.50000 10.20412 0.7464745641 2.3984510899    0.673  2.993  3.6409  0.788    7  0.000  0.409     0.00     0.00 -1    -1e-30      0.00 7.413e-01 2.582e-01 6.609e-05 4.691e-05 2.153e-04 -1.000 4.940e-04 -2.713 0.363 -0.730 -2.088 -2.800 -3.396 -4.229 -4.897 -4.982
0.00049103 -1.50000 10.20412 0.7464773655 2.3984522820    0.673  3.038  3.6370  0.727    7  0.000  0.407     0.00     0.00 -1    -1e-30      0.00 7.412e-01 2.583e-01 6.569e-05 4.744e-05 2.152e-04 -1.000 4.941e-04 -2.826 0.408 -0.760 -2.161 -2.893 -3.502 -4.353 -5.034 -5.122
0.00049103 -1.50000 10.20412 0.7464786172 2.3984527588    0.673  3.071  3.6341  0.683    7  0.000  0.406     0.00     0.00 -1    -1e-30      0.00 7.411e-01 2.584e-01 6.549e-05 4.770e-05 2.151e-04 -1.000 4.941e-04 -2.908 0.444 -0.781 -2.213 -2.960 -3.579 -4.444 -5.135 -5.225
0.00049103 -1.50000 10.20412 0.7464787364 2.3984527588    0.673  3.089  3.6326  0.659    7  0.000  0.404     0.00     0.00 -1    -1e-30      0.00 7.410e-01 2.585e-01 6.508e-05 4.827e-05 2.149e-04 -1.000 4.941e-04 -2.952 0.464 -0.791 -2.239 -2.995 -3.619 -4.491 -5.188 -5.279
0.00049103 -1.50000 10.20412 0.7464789748 2.3984527588    0.673  3.109  3.6308  0.632    7  0.000  0.402     0.00     0.00 -1    -1e-30      0.00 7.409e-01 2.586e-01 6.479e-05 4.875e-05 2.145e-04 -1.000 4.942e-04 -3.001 0.489 -0.801 -2.270 -3.035 -3.665 -4.546 -5.249 -5.341
0.00049103 -1.50000 10.20412 0.7464793324 2.3984529972    0.673  3.130  3.6288  0.603    7  0.000  0.401     0.00     0.00 -1    -1e-30      0.00 7.408e-01 2.587e-01 6.455e-05 4.921e-05 2.143e-04 -1.000 4.941e-04 -3.056 0.516 -0.812 -2.302 -3.078 -3.715 -4.605 -5.315 -5.409
0.00049103 -1.50000 10.20412 0.7464799285 2.3984532356    0.673  3.164  3.6259  0.557    7  0.549  0.399     0.00     0.00 -1    -1e-30      0.00 7.407e-01 2.588e-01 6.404e-05 5.005e-05 2.138e-04 -1.000 4.941e-04 -3.140 0.557 -0.830 -2.352 -3.144 -3.792 -4.697 -5.418 -5.514
0.00049103 -1.50000 10.20412 0.7464801669 2.3984532356    0.673  3.173  3.6251  0.545    7  0.549  0.398     0.00     0.00 -1    -1e-30      0.00 7.407e-01 2.588e-01 6.385e-05 5.034e-05 2.137e-04 -1.000 4.941e-04 -3.162 0.569 -0.834 -2.365 -3.160 -3.811 -4.720 -5.444 -5.541
0.00049103 -1.50000 10.20412 0.7464802265 2.3984534740    0.673  3.175  3.6249  0.542    7  0.549  0.398     0.00     0.00 -1    -1e-30      0.00 7.407e-01 2.589e-01 6.377e-05 5.046e-05 2.136e-04 -1.000 4.941e-04 -3.167 0.571 -0.835 -2.368 -3.165 -3.816 -4.726 -5.451 -5.548
0.00049103 -1.50000 10.20412 0.7464802861 2.3984534740    0.673  3.414  3.6091  0.240    8  0.549  0.390   103.27    45.64  1 -1.77e-06      0.00 7.290e-01 2.706e-01 6.375e-05 5.931e-05 2.177e-04 -1.000 3.690e-04 -3.766 0.788 -0.966 -2.720 -3.636 -4.364 -5.366 -6.145 -6.260
0.00049103 -1.50000 10.20412 0.7464803457 2.3984534740    0.673  3.268  3.6169  0.417    8  0.549  0.390    70.45    32.79  1 -9.09e-07      0.00 7.290e-01 2.706e-01 6.375e-05 5.931e-05 2.177e-04 -1.000 3.690e-04 -3.400 0.707 -0.861 -2.491 -3.340 -4.026 -4.980 -5.732 -5.838
0.00049103 -1.50000 10.20412 0.7464804053 2.3984534740    0.673  3.118  3.6306  0.623    8  0.549  0.390    45.22    22.35  1 -4.47e-07      0.00 7.290e-01 2.706e-01 6.375e-05 5.931e-05 2.177e-04 -1.000 3.690e-04 -3.024 0.480 -0.816 -2.289 -3.056 -3.687 -4.569 -5.273 -5.365
0.00049103 -1.50000 10.20412 0.7464805245 2.3984534740    0.673  2.932  3.6475  0.876    8  0.549  0.390    26.17    13.93  1  -1.8e-07      0.00 7.290e-01 2.706e-01 6.375e-05 5.931e-05 2.177e-04 -1.000 3.690e-04 -2.559 0.264 -0.711 -1.998 -2.679 -3.253 -4.055 -4.702 -4.783
0.00049103 -1.50000 10.20412 0.7464807630 2.3984534740    0.673  2.939  3.6469  0.866    8  0.549  0.390    26.74    14.18  1 -1.86e-07      0.00 7.290e-01 2.706e-01 6.375e-05 5.931e-05 2.177e-04 -1.000 3.690e-04 -2.577 0.271 -0.715 -2.010 -2.693 -3.270 -4.075 -4.724 -4.805
0.00049103 -1.50000 10.20412 0.7464810014 2.3984537125    0.673  3.040  3.6377  0.729    8  0.550  0.390    36.00    18.33  1 -3.07e-07      0.00 7.290e-01 2.706e-01 6.375e-05 5.931e-05 2.177e-04 -1.000 3.690e-04 -2.830 0.385 -0.775 -2.171 -2.901 -3.508 -4.355 -5.034 -5.122
0.00049103 -1.50000 10.20412 0.7464812994 2.3984537125    0.673  3.190  3.6240  0.523    8  0.550  0.390    56.08    26.88  1 -6.31e-07      0.00 7.290e-01 2.706e-01 6.375e-05 5.931e-05 2.177e-04 -1.000 3.690e-04 -3.206 0.580 -0.848 -2.393 -3.197 -3.851 -4.768 -5.495 -5.593
0.00049103 -1.50000 10.20412 0.7464816570 2.3984539509    0.673  3.318  3.6123  0.349    8  0.550  0.390    81.69    37.19  1 -1.14e-06      0.00 7.290e-01 2.706e-01 6.375e-05 5.931e-05 2.177e-04 -1.000 3.690e-04 -3.525 0.798 -0.860 -2.547 -3.428 -4.135 -5.114 -5.884 -5.994
0.00049103 -1.50000 10.20412 0.7464820147 2.3984541893    0.673  3.402  3.6047  0.235    8  0.551  0.390   104.53    46.00  1 -1.68e-06      0.00 7.290e-01 2.706e-01 6.375e-05 5.931e-05 2.177e-04 -1.000 3.690e-04 -3.734 0.952 -0.854 -2.636 -3.572 -4.315 -5.339 -6.137 -6.256
0.00049103 -1.50000 10.20412 0.7464824915 2.3984541893    0.673  3.447  3.6005  0.172    8  0.551  0.390   119.71    51.68  0 -2.07e-06      0.00 7.290e-01 2.706e-01 6.375e-05 5.931e-05 2.177e-04 -1.000 3.690e-04 -3.849 1.039 -0.848 -2.682 -3.649 -4.413 -5.462 -6.275 -6.401
0.00049103 -1.50000 10.20412 0.7464829683 2.3984544277    0.673  3.471  3.5983  0.140    8  0.552  0.390   128.50    54.90  0  -2.3e-06      0.00 7.290e-01 2.706e-01 6.375e-05 5.931e-05 2.177e-04 -1.000 3.690e-04 -3.908 1.086 -0.842 -2.703 -3.688 -4.463 -5.525 -6.347 -6.476
0.00049103 -1.50000 10.20412 0.7464835048 2.3984546661    0.673  3.487  3.5984  0.124    8  0.552  0.390   132.96    56.50  0 -2.47e-06      0.00 7.290e-01 2.706e-01 6.375e-05 5.931e-05 2.177e-04 -1.000 3.690e-04 -3.948 1.064 -0.871 -2.739 -3.727 -4.503 -5.566 -6.387 -6.516
