# File generated by CMD 3.3 (http://stev.oapd.inaf.it/cmd) on Sun Jun  7 12:15:45 CEST 2020
# isochrones based on PARSEC release v1.2S +  COLIBRI S_35
# Basic references: Bressan et al. (2012), MNRAS, 427, 127 + Chen et al. (2014, 2015), MNRAS, 444, 2525 + MNRAS, 452, 1068 + Tang et al. (2014), MNRAS, 445, 4287 + Marigo et al. (2017), ApJ, 835, 77 + Pastorelli al. (2019), MNRAS in press
# Thermal pulse cycles included 
# On RGB, assumed Reimers mass loss with efficiency eta=0.2
# Photometric system: <i>UBVRIJHK</i> (cf. Maiz-Apellaniz 2006 + Bessell 1990)
# Using YBC version of bolometric corrections as in Chen et al. (2019)
# O-rich circumstellar dpmod60alox40 dust from Groenewegen (2006)
# C-rich circumstellar AMCSIC15 dust from Groenewegen (2006)
# IMF: Kroupa (2001, 2002) + Kroupa et al. (2013) canonical two-part-power law IMF corrected for unresolved binaries 
# Kind of output: isochrone tables
# Zini     MH   logAge Mini        int_IMF         Mass   logL    logTe  logg  label   McoreTP C_O  period0 period1 pmode  Mloss  tau1m   X   Y   Xc  Xn  Xo  Cexcess  Z 	 mbolmag  Umag    Bmag    Vmag    Rmag    Imag    Jmag    Hmag    Kmag
0.00042777 -1.56000 10.00000 0.0900000036 1.0816895962    0.090 -3.188  3.4766  5.438    1  0.000  0.545     0.00     0.00 -1  -5.2e-17      0.00 7.485e-01 2.510e-01 8.072e-05 2.178e-05 1.975e-04 -1.000 4.489e-04 12.739 20.126 17.361 15.357 13.661 12.051 10.753 10.460 10.364
0.00042777 -1.56000 10.00000 0.0964880586 1.1410818100    0.096 -2.986  3.5055  5.383    1  0.000  0.545     0.00     0.00 -1  -8.5e-17      0.00 7.474e-01 2.521e-01 8.072e-05 2.178e-05 1.975e-04 -1.000 4.489e-04 12.236 18.291 16.132 14.220 12.848 11.541 10.350 9.937 9.813
0.00042777 -1.56000 10.00000 0.1000000015 1.1711064577    0.100 -2.883  3.5203  5.355    1  0.000  0.545     0.00     0.00 -1 -1.09e-16      0.00 7.469e-01 2.527e-01 8.072e-05 2.178e-05 1.975e-04 -1.000 4.489e-04 11.978 17.429 15.537 13.707 12.450 11.281 10.143 9.684 9.545
0.00042777 -1.56000 10.00000 0.1199999973 1.3193154335    0.120 -2.596  3.5515  5.271    1  0.000  0.545     0.00     0.00 -1 -2.13e-16      0.00 7.446e-01 2.550e-01 8.072e-05 2.178e-05 1.975e-04 -1.000 4.489e-04 11.260 15.648 14.188 12.584 11.491 10.557 9.526 9.005 8.843
0.00042777 -1.56000 10.00000 0.1400000006 1.4384527206    0.140 -2.415  3.5667  5.218    1  0.000  0.545     0.00     0.00 -1 -3.18e-16      0.00 7.429e-01 2.566e-01 8.072e-05 2.178e-05 1.975e-04 -1.000 4.489e-04 10.808 14.740 13.460 11.970 10.944 10.103 9.123 8.582 8.408
0.00042777 -1.56000 10.00000 0.1599999964 1.5372931957    0.160 -2.274  3.5768  5.175    1  0.000  0.545     0.00     0.00 -1 -4.32e-16      0.00 7.416e-01 2.579e-01 8.072e-05 2.178e-05 1.975e-04 -1.000 4.489e-04 10.455 14.112 12.938 11.522 10.540 9.749 8.802 8.251 8.071
0.00042777 -1.56000 10.00000 0.2000000179 1.6938792467    0.200 -2.054  3.5899  5.105    1  0.000  0.545     0.00     0.00 -1 -6.95e-16      0.00 7.405e-01 2.591e-01 8.072e-05 2.178e-05 1.975e-04 -1.000 4.489e-04 9.905 13.220 12.181 10.856 9.934 9.198 8.293 7.732 7.544
0.00042777 -1.56000 10.00000 0.2500000298 1.8403259516    0.250 -1.849  3.6010  5.041    1  0.000  0.545     0.00     0.00 -1 -1.07e-15      0.00 7.403e-01 2.592e-01 8.072e-05 2.178e-05 1.975e-04 -1.000 4.490e-04 9.394 12.449 11.508 10.255 9.383 8.684 7.813 7.248 7.060
0.00042777 -1.56000 10.00000 0.3000000417 1.9529141188    0.300 -1.693  3.6096  4.998    1  0.000  0.545     0.00     0.00 -1 -1.47e-15      0.00 7.405e-01 2.591e-01 8.070e-05 2.178e-05 1.975e-04 -1.000 4.489e-04 9.002 11.870 10.999 9.799 8.964 8.290 7.445 6.880 6.696
0.00042777 -1.56000 10.00000 0.3201770186 1.9916410446    0.320 -1.640  3.6128  4.986    1  0.000  0.545     0.00     0.00 -1 -1.64e-15      0.00 7.405e-01 2.590e-01 8.069e-05 2.178e-05 1.975e-04 -1.000 4.489e-04 8.869 11.674 10.826 9.643 8.821 8.156 7.320 6.754 6.574
0.00042777 -1.56000 10.00000 0.3500000238 2.0434176922    0.350 -1.566  3.6171  4.969    1  0.000  0.545     0.00     0.00 -1 -1.89e-15      0.00 7.406e-01 2.590e-01 8.067e-05 2.178e-05 1.975e-04 -1.000 4.489e-04 8.686 11.405 10.588 9.429 8.624 7.972 7.148 6.582 6.406
0.00042777 -1.56000 10.00000 0.3980870843 2.1158587933    0.398 -1.433  3.6274  4.933    1  0.000  0.545     0.00     0.00 -1 -2.51e-15      0.00 7.499e-01 2.496e-01 8.072e-05 2.178e-05 1.975e-04 -1.000 4.488e-04 8.353 10.871 10.127 9.024 8.262 7.638 6.843 6.279 6.114
0.00042777 -1.56000 10.00000 0.4000000358 2.1185026169    0.400 -1.428  3.6278  4.932    1  0.000  0.545     0.00     0.00 -1 -2.54e-15      0.00 7.503e-01 2.492e-01 8.072e-05 2.178e-05 1.975e-04 -1.000 4.488e-04 8.341 10.851 10.110 9.009 8.248 7.626 6.832 6.268 6.103
0.00042777 -1.56000 10.00000 0.4500000477 2.1822810173    0.450 -1.260  3.6456  4.885    1  0.000  0.545     0.00     0.00 -1 -3.72e-15      0.00 7.505e-01 2.491e-01 8.072e-05 2.178e-05 1.975e-04 -1.000 4.489e-04 7.919 10.099 9.483 8.472 7.780 7.204 6.458 5.905 5.761
0.00042777 -1.56000 10.00000 0.5000000000 2.2374541759    0.500 -1.071  3.6698  4.839    1  0.000  0.545     0.00     0.00 -1 -5.75e-15      0.00 7.505e-01 2.491e-01 8.072e-05 2.178e-05 1.975e-04 -1.000 4.490e-04 7.447 9.185 8.758 7.859 7.254 6.737 6.059 5.539 5.420
0.00042777 -1.56000 10.00000 0.5500000715 2.2836585045    0.550 -0.866  3.6936  4.771    1  0.000  0.544     0.00     0.00 -1 -9.49e-15      0.00 7.792e-01 2.204e-01 7.200e-05 1.944e-05 1.763e-04 -1.000 4.307e-04 6.936 8.259 8.037 7.234 6.705 6.236 5.631 5.160 5.059
0.00042777 -1.56000 10.00000 0.6000000238 2.3211214542    0.600 -0.667  3.7197  4.713    1  0.000  0.544     0.00     0.00 -1 -1.54e-14      0.00 7.885e-01 2.111e-01 6.933e-05 1.872e-05 1.699e-04 -1.000 4.315e-04 6.437 7.382 7.355 6.649 6.186 5.762 5.232 4.817 4.733
0.00042777 -1.56000 10.00000 0.6028477550 2.3230409622    0.603 -0.655  3.7213  4.710    1  0.000  0.544     0.00     0.00 -1 -1.58e-14      0.00 7.891e-01 2.104e-01 6.916e-05 1.867e-05 1.695e-04 -1.000 4.440e-04 6.407 7.332 7.315 6.616 6.156 5.735 5.209 4.798 4.715
0.00042777 -1.56000 10.00000 0.6156118512 2.3313949108    0.615 -0.602  3.7288  4.697    1  0.000  0.544     0.00     0.00 -1 -1.79e-14      0.00 7.920e-01 2.077e-01 6.835e-05 1.846e-05 1.676e-04 -1.000 3.689e-04 6.276 7.108 7.137 6.466 6.023 5.615 5.109 4.712 4.634
0.00042777 -1.56000 10.00000 0.6304745674 2.3406336308    0.630 -0.541  3.7375  4.680    1  0.000  0.544     0.00     0.00 -1 -2.08e-14      0.00 7.955e-01 2.041e-01 6.737e-05 1.820e-05 1.653e-04 -1.000 4.013e-04 6.122 6.858 6.935 6.295 5.870 5.476 4.992 4.611 4.539
0.00042777 -1.56000 10.00000 0.6441820264 2.3487210274    0.644 -0.484  3.7454  4.664    1  0.000  0.543     0.00     0.00 -1 -2.39e-14      0.00 7.989e-01 2.008e-01 6.642e-05 1.795e-05 1.630e-04 -1.000 3.594e-04 5.980 6.637 6.752 6.140 5.731 5.349 4.885 4.516 4.449
0.00042777 -1.56000 10.00000 0.6499999762 2.3520355225    0.650 -0.460  3.7487  4.658    1  0.000  0.543     0.00     0.00 -1 -2.53e-14      0.00 8.004e-01 1.993e-01 6.600e-05 1.784e-05 1.619e-04 -1.000 3.649e-04 5.920 6.545 6.675 6.075 5.673 5.296 4.839 4.475 4.411
0.00042777 -1.56000 10.00000 0.6652450562 2.3604047298    0.665 -0.396  3.7567  4.636    1  0.000  0.543     0.00     0.00 -1 -2.97e-14      0.00 8.052e-01 1.944e-01 6.462e-05 1.747e-05 1.587e-04 -1.000 3.563e-04 5.760 6.311 6.475 5.905 5.520 5.157 4.718 4.365 4.308
0.00042777 -1.56000 10.00000 0.6797154546 2.3679506779    0.680 -0.335  3.7641  4.614    1  0.000  0.543     0.00     0.00 -1 -3.47e-14      0.00 8.103e-01 1.893e-01 6.322e-05 1.710e-05 1.553e-04 -1.000 3.563e-04 5.607 6.097 6.288 5.745 5.374 5.024 4.601 4.258 4.207
0.00042777 -1.56000 10.00000 0.6934525371 2.3747799397    0.693 -0.276  3.7709  4.591    1  0.000  0.542     0.00     0.00 -1 -4.04e-14      0.00 8.154e-01 1.842e-01 6.177e-05 1.671e-05 1.519e-04 -1.000 3.660e-04 5.460 5.899 6.111 5.593 5.236 4.896 4.487 4.154 4.108
0.00042777 -1.56000 10.00000 0.6999999881 2.3779268265    0.700 -0.248  3.7741  4.579    1  0.000  0.542     0.00     0.00 -1 -4.35e-14      0.00 8.180e-01 1.816e-01 6.105e-05 1.652e-05 1.502e-04 -1.000 3.659e-04 5.389 5.807 6.027 5.519 5.169 4.834 4.432 4.103 4.060
0.00042777 -1.56000 10.00000 0.7036402822 2.3796472549    0.703 -0.232  3.7758  4.572    1  0.000  0.541     0.00     0.00 -1 -4.54e-14      0.00 8.199e-01 1.798e-01 6.048e-05 1.638e-05 1.490e-04 -1.000 3.634e-04 5.349 5.756 5.980 5.479 5.131 4.799 4.401 4.074 4.032
0.00042777 -1.56000 10.00000 0.7161974311 2.3854279518    0.716 -0.175  3.7815  4.546    1  0.000  0.539     0.00     0.00 -1 -5.27e-14      0.00 8.264e-01 1.732e-01 5.843e-05 1.588e-05 1.445e-04 -1.000 3.286e-04 5.209 5.579 5.815 5.335 4.998 4.675 4.289 3.970 3.933
0.00042777 -1.56000 10.00000 0.7282922268 2.3907797337    0.728 -0.120  3.7868  4.519    1  0.000  0.537     0.00     0.00 -1 -6.13e-14      0.00 8.331e-01 1.667e-01 5.638e-05 1.538e-05 1.401e-04 -1.000 2.659e-04 5.069 5.412 5.655 5.192 4.866 4.552 4.176 3.865 3.832
0.00042777 -1.56000 10.00000 0.7390544415 2.3953728676    0.739 -0.068  3.7914  4.492    1  0.000  0.534     0.00     0.00 -1 -7.06e-14      0.00 8.389e-01 1.608e-01 5.460e-05 1.494e-05 1.362e-04 -1.000 2.695e-04 4.941 5.263 5.509 5.061 4.744 4.438 4.071 3.767 3.738
0.00042777 -1.56000 10.00000 0.7491995692 2.3995637894    0.749 -0.018  3.7956  4.465    1  0.000  0.532     0.00     0.00 -1 -8.14e-14      0.00 8.443e-01 1.555e-01 5.301e-05 1.455e-05 1.327e-04 -1.000 2.662e-04 4.814 5.120 5.366 4.933 4.624 4.324 3.967 3.670 3.643
0.00042777 -1.56000 10.00000 0.7500000000 2.3998889923    0.750 -0.014  3.7959  4.462    1  0.000  0.532     0.00     0.00 -1 -8.23e-14      0.00 8.447e-01 1.550e-01 5.289e-05 1.452e-05 1.325e-04 -1.000 2.659e-04 4.805 5.109 5.355 4.923 4.614 4.315 3.958 3.662 3.635
0.00042777 -1.56000 10.00000 0.7503350377 2.4000248909    0.750 -0.012  3.7960  4.461    1  0.000  0.532     0.00     0.00 -1 -8.27e-14      0.00 8.448e-01 1.549e-01 5.287e-05 1.451e-05 1.324e-04 -1.000 2.665e-04 4.800 5.104 5.351 4.918 4.610 4.311 3.955 3.659 3.632
0.00042777 -1.56000 10.00000 0.7607482672 2.4041786194    0.760  0.042  3.8002  4.430    1  0.000  0.531     0.00     0.00 -1 -9.63e-14      0.00 8.475e-01 1.522e-01 5.241e-05 1.440e-05 1.315e-04 -1.000 2.714e-04 4.665 4.952 5.198 4.780 4.480 4.188 3.841 3.551 3.527
0.00042777 -1.56000 10.00000 0.7704241872 2.4079229832    0.770  0.095  3.8040  4.397    1  0.000  0.531     0.00     0.00 -1 -1.12e-13      0.00 8.498e-01 1.499e-01 5.207e-05 1.432e-05 1.308e-04 -1.000 2.660e-04 4.532 4.809 5.050 4.644 4.351 4.066 3.727 3.445 3.423
0.00042777 -1.56000 10.00000 0.7789949775 2.4111502171    0.778  0.145  3.8074  4.365    1  0.000  0.530     0.00     0.00 -1  -1.3e-13      0.00 8.516e-01 1.481e-01 5.182e-05 1.426e-05 1.303e-04 -1.000 2.756e-04 4.406 4.675 4.912 4.516 4.229 3.950 3.619 3.343 3.323
0.00042777 -1.56000 10.00000 0.7871736288 2.4141547680    0.786  0.196  3.8105  4.331    1  0.000  0.530     0.00     0.00 -1 -1.51e-13      0.00 8.531e-01 1.466e-01 5.163e-05 1.421e-05 1.299e-04 -1.000 2.712e-04 4.279 4.541 4.772 4.386 4.106 3.832 3.507 3.238 3.219
0.00042777 -1.56000 10.00000 0.7947118282 2.4168610573    0.794  0.246  3.8132  4.297    1  0.000  0.529     0.00     0.00 -1 -1.75e-13      0.00 8.545e-01 1.453e-01 5.149e-05 1.417e-05 1.296e-04 -1.000 2.677e-04 4.155 4.412 4.636 4.258 3.984 3.715 3.396 3.133 3.115
0.00042777 -1.56000 10.00000 0.8000000119 2.4187245369    0.799  0.283  3.8149  4.269    1  0.000  0.529     0.00     0.00 -1 -1.96e-13      0.00 8.553e-01 1.445e-01 5.140e-05 1.415e-05 1.295e-04 -1.000 2.660e-04 4.063 4.317 4.536 4.163 3.892 3.626 3.312 3.052 3.035
0.00042777 -1.56000 10.00000 0.8026522398 2.4196486473    0.802  0.302  3.8158  4.256    1  0.000  0.529     0.00     0.00 -1 -2.08e-13      0.00 8.552e-01 1.445e-01 5.147e-05 1.418e-05 1.297e-04 -1.000 2.704e-04 4.016 4.269 4.485 4.115 3.846 3.581 3.269 3.012 2.995
0.00042777 -1.56000 10.00000 0.8092885613 2.4219300747    0.808  0.351  3.8177  4.217    1  0.000  0.529     0.00     0.00 -1 -2.42e-13      0.00 8.544e-01 1.453e-01 5.182e-05 1.427e-05 1.306e-04 -1.000 3.300e-04 3.892 4.143 4.352 3.988 3.723 3.462 3.154 2.901 2.885
0.00042777 -1.56000 10.00000 0.8166410327 2.4244081974    0.815  0.411  3.8191  4.167    1  0.000  0.529     0.00     0.00 -1 -2.93e-13      0.00 8.524e-01 1.473e-01 5.249e-05 1.446e-05 1.323e-04 -1.000 3.547e-04 3.743 3.994 4.195 3.836 3.574 3.316 3.013 2.763 2.747
0.00042777 -1.56000 10.00000 0.8177213073 2.4247679710    0.816  0.420  3.8193  4.159    1  0.000  0.529     0.00     0.00 -1 -3.02e-13      0.00 8.520e-01 1.476e-01 5.261e-05 1.449e-05 1.326e-04 -1.000 3.551e-04 3.721 3.972 4.172 3.813 3.552 3.294 2.991 2.742 2.725
0.00042777 -1.56000 10.00000 0.8197237253 2.4254319668    0.818  0.438  3.8192  4.142    1  0.000  0.529     0.00     0.00 -1 -3.22e-13      0.00 8.514e-01 1.483e-01 5.282e-05 1.455e-05 1.331e-04 -1.000 3.557e-04 3.675 3.927 4.125 3.767 3.505 3.248 2.944 2.695 2.679
0.00042777 -1.56000 10.00000 0.8254109621 2.4272975922    0.824  0.493  3.8179  4.084    1  0.000  0.529     0.00     0.00 -1 -3.87e-13      0.00 8.496e-01 1.501e-01 5.341e-05 1.471e-05 1.346e-04 -1.000 3.577e-04 3.537 3.795 3.987 3.627 3.364 3.106 2.799 2.548 2.531
0.00042777 -1.56000 10.00000 0.8301492333 2.4288296700    0.829  0.547  3.8144  4.019    1  0.000  0.529     0.00     0.00 -1 -4.71e-13      0.00 8.481e-01 1.516e-01 5.391e-05 1.485e-05 1.358e-04 -1.000 3.593e-04 3.403 3.672 3.862 3.495 3.226 2.962 2.648 2.390 2.372
0.00042777 -1.56000 10.00000 0.8309503794 2.4290866852    0.829  0.557  3.8135  4.006    1  0.000  0.529     0.00     0.00 -1 -4.93e-13      0.00 8.478e-01 1.518e-01 5.399e-05 1.487e-05 1.360e-04 -1.000 3.595e-04 3.378 3.650 3.839 3.470 3.200 2.935 2.618 2.359 2.341
0.00042777 -1.56000 10.00000 0.8316984177 2.4293260574    0.830  0.567  3.8122  3.991    1  0.000  0.529     0.00     0.00 -1 -5.13e-13      0.00 8.476e-01 1.521e-01 5.407e-05 1.489e-05 1.362e-04 -1.000 3.598e-04 3.352 3.628 3.817 3.445 3.173 2.906 2.586 2.324 2.305
0.00042777 -1.56000 10.00000 0.8342115283 2.4301271439    0.833  0.604  3.8068  3.934    2  0.000  0.529     0.00     0.00 -1 -5.92e-13      0.00 8.468e-01 1.528e-01 5.433e-05 1.497e-05 1.369e-04 -1.000 3.606e-04 3.261 3.553 3.742 3.357 3.075 2.799 2.467 2.195 2.174
0.00042777 -1.56000 10.00000 0.8361265063 2.4307336807    0.834  0.635  3.8005  3.878    2  0.000  0.529     0.00     0.00 -1 -6.77e-13      0.00 8.462e-01 1.534e-01 5.453e-05 1.502e-05 1.374e-04 -1.000 3.613e-04 3.182 3.494 3.685 3.283 2.990 2.704 2.357 2.073 2.049
0.00042777 -1.56000 10.00000 0.8376205564 2.4312047958    0.836  0.663  3.7930  3.822    2  0.000  0.529     0.00     0.00 -1 -7.69e-13      0.00 8.457e-01 1.539e-01 5.468e-05 1.506e-05 1.377e-04 -1.000 3.618e-04 3.114 3.454 3.644 3.220 2.914 2.616 2.252 1.954 1.926
0.00042777 -1.56000 10.00000 0.8388222456 2.4315822124    0.837  0.686  3.7850  3.766    2  0.000  0.530     0.00     0.00 -1 -8.66e-13      0.00 8.406e-01 1.591e-01 5.625e-05 1.549e-05 1.416e-04 -1.000 3.504e-04 3.054 3.428 3.616 3.168 2.847 2.536 2.154 1.840 1.808
0.00042777 -1.56000 10.00000 0.8398230076 2.4318957329    0.838  0.707  3.7766  3.713    2  0.000  0.531     0.00     0.00 -1 -9.66e-13      0.00 8.287e-01 1.710e-01 5.955e-05 1.637e-05 1.496e-04 -1.000 3.233e-04 3.002 3.416 3.598 3.125 2.789 2.464 2.062 1.733 1.696
0.00042777 -1.56000 10.00000 0.8406946063 2.4321680069    0.839  0.726  3.7686  3.662    2  0.000  0.533     0.00     0.00 -1 -1.07e-12      0.00 8.084e-01 1.912e-01 6.477e-05 1.777e-05 1.620e-04 -1.000 3.638e-04 2.955 3.413 3.586 3.087 2.736 2.398 1.977 1.633 1.591
0.00042777 -1.56000 10.00000 0.8414986730 2.4324185848    0.840  0.747  3.7609  3.611    2  0.000  0.535     0.00     0.00 -1 -1.19e-12      0.00 7.897e-01 2.099e-01 6.946e-05 1.902e-05 1.731e-04 -1.000 3.926e-04 2.904 3.407 3.570 3.044 2.679 2.328 1.889 1.532 1.484
0.00042777 -1.56000 10.00000 0.8423056006 2.4326694012    0.840  0.775  3.7534  3.553    2  0.000  0.536     0.00     0.00 -1 -1.36e-12      0.00 7.776e-01 2.220e-01 7.246e-05 1.982e-05 1.803e-04 -1.000 4.088e-04 2.832 3.387 3.534 2.983 2.604 2.241 1.784 1.414 1.361
0.00042777 -1.56000 10.00000 0.8429366946 2.4328653812    0.841  0.807  3.7485  3.502    2  0.000  0.536     0.00     0.00 -1 -1.54e-12      0.00 7.718e-01 2.278e-01 7.391e-05 2.021e-05 1.838e-04 -1.000 4.069e-04 2.753 3.343 3.479 2.912 2.523 2.152 1.683 1.304 1.248
0.00042777 -1.56000 10.00000 0.8435612917 2.4330589771    0.841  0.844  3.7441  3.448    2  0.000  0.537     0.00     0.00 -1 -1.79e-12      0.00 7.677e-01 2.319e-01 7.494e-05 2.049e-05 1.862e-04 -1.000 3.660e-04 2.660 3.284 3.408 2.826 2.429 2.051 1.572 1.185 1.125
0.00042777 -1.56000 10.00000 0.8437557817 2.4331190586    0.842  0.859  3.7432  3.429    3  0.000  0.537     0.00     0.00 -1 -1.89e-12      0.00 7.668e-01 2.328e-01 7.514e-05 2.054e-05 1.867e-04 -1.000 3.920e-04 2.623 3.254 3.377 2.791 2.392 2.012 1.531 1.142 1.082
0.00042777 -1.56000 10.00000 0.8442778587 2.4332804680    0.842  0.900  3.7406  3.378    3  0.000  0.537     0.00     0.00 -1  -2.2e-12      0.00 7.645e-01 2.350e-01 7.562e-05 2.067e-05 1.879e-04 -1.000 4.377e-04 2.520 3.171 3.286 2.693 2.289 1.905 1.416 1.023 0.961
0.00042777 -1.56000 10.00000 0.8448487520 2.4334566593    0.843  0.949  3.7382  3.320    3  0.000  0.537     0.00     0.00 -1 -2.64e-12      0.00 7.622e-01 2.373e-01 7.605e-05 2.079e-05 1.889e-04 -1.000 4.446e-04 2.398 3.071 3.177 2.575 2.167 1.779 1.284 0.884 0.822
0.00042777 -1.56000 10.00000 0.8453334570 2.4336061478    0.843  0.994  3.7363  3.267    3  0.000  0.537     0.00     0.00 -1  -3.1e-12      0.00 7.604e-01 2.392e-01 7.635e-05 2.087e-05 1.896e-04 -1.000 4.450e-04 2.285 2.975 3.074 2.466 2.055 1.664 1.163 0.759 0.695
0.00042777 -1.56000 10.00000 0.8457965851 2.4337487221    0.843  1.040  3.7346  3.214    3  0.000  0.537     0.00     0.00 -1 -3.67e-12      0.00 7.586e-01 2.410e-01 7.657e-05 2.094e-05 1.902e-04 -1.000 4.488e-04 2.170 2.875 2.968 2.354 1.940 1.546 1.040 0.632 0.567
0.00042777 -1.56000 10.00000 0.8462669849 2.4338934422    0.844  1.091  3.7329  3.157    3  0.000  0.536     0.00     0.00 -1  -4.4e-12      0.00 7.568e-01 2.428e-01 7.672e-05 2.101e-05 1.907e-04 -1.000 4.215e-04 2.044 2.764 2.850 2.232 1.814 1.418 0.906 0.493 0.428
0.00042777 -1.56000 10.00000 0.8466992974 2.4340262413    0.844  1.141  3.7313  3.101    3  0.000  0.535     0.00     0.00 -1 -5.27e-12      0.00 7.550e-01 2.446e-01 7.672e-05 2.109e-05 1.911e-04 -1.000 4.101e-04 1.918 2.653 2.733 2.110 1.690 1.291 0.774 0.357 0.291
0.00042777 -1.56000 10.00000 0.8470873237 2.4341452122    0.844  1.189  3.7297  3.046    3  0.000  0.533     0.00     0.00 -1 -6.27e-12      0.00 7.534e-01 2.461e-01 7.658e-05 2.124e-05 1.915e-04 -1.000 4.263e-04 1.797 2.545 2.620 1.992 1.569 1.168 0.646 0.224 0.158
0.00042777 -1.56000 10.00000 0.8474266529 2.4342491627    0.845  1.235  3.7283  2.995    3  0.000  0.531     0.00     0.00 -1  -7.4e-12      0.00 7.520e-01 2.475e-01 7.629e-05 2.147e-05 1.917e-04 -1.000 4.463e-04 1.682 2.444 2.513 1.880 1.455 1.051 0.525 0.099 0.033
0.00042777 -1.56000 10.00000 0.8477571607 2.4343504906    0.845  1.284  3.7267  2.940    3  0.000  0.527     0.00     0.00 -1 -8.81e-12      0.00 7.507e-01 2.488e-01 7.584e-05 2.187e-05 1.919e-04 -1.000 4.487e-04 1.560 2.338 2.400 1.761 1.334 0.928 0.397 -0.033 -0.100
0.00042777 -1.56000 10.00000 0.8480741382 2.4344475269    0.845  1.335  3.7251  2.882    3  0.000  0.523     0.00     0.00 -1 -1.06e-11      0.00 7.495e-01 2.500e-01 7.526e-05 2.244e-05 1.921e-04 -1.000 4.478e-04 1.432 2.228 2.282 1.637 1.207 0.798 0.262 -0.172 -0.240
0.00042777 -1.56000 10.00000 0.8483399749 2.4345285892    0.845  1.382  3.7235  2.830    3  0.000  0.519     0.00     0.00 -1 -1.25e-11      0.00 7.486e-01 2.509e-01 7.470e-05 2.304e-05 1.922e-04 -1.000 4.471e-04 1.316 2.127 2.174 1.525 1.091 0.680 0.140 -0.298 -0.367
0.00042777 -1.56000 10.00000 0.8485824466 2.4346027374    0.845  1.428  3.7220  2.777    3  0.000  0.515     0.00     0.00 -1 -1.48e-11      0.00 7.479e-01 2.517e-01 7.418e-05 2.365e-05 1.923e-04 -1.000 4.439e-04 1.201 2.027 2.068 1.413 0.977 0.563 0.018 -0.424 -0.493
0.00042777 -1.56000 10.00000 0.8488104343 2.4346723557    0.845  1.475  3.7203  2.724    3  0.000  0.512     0.00     0.00 -1 -1.75e-11      0.00 7.473e-01 2.523e-01 7.373e-05 2.417e-05 1.924e-04 -1.000 4.256e-04 1.084 1.926 1.960 1.299 0.860 0.444 -0.107 -0.552 -0.622
0.00042777 -1.56000 10.00000 0.8490119576 2.4347338676    0.845  1.520  3.7187  2.672    3  0.000  0.510     0.00     0.00 -1 -2.07e-11      0.00 7.469e-01 2.527e-01 7.342e-05 2.455e-05 1.924e-04 -1.000 4.138e-04 0.970 1.830 1.857 1.190 0.748 0.329 -0.226 -0.676 -0.747
0.00042777 -1.56000 10.00000 0.8492036462 2.4347922802    0.845  1.567  3.7170  2.618    3  0.000  0.508     0.00     0.00 -1 -2.45e-11      0.00 7.466e-01 2.529e-01 7.319e-05 2.483e-05 1.925e-04 -1.000 4.318e-04 0.853 1.731 1.750 1.077 0.633 0.210 -0.350 -0.805 -0.876
0.00042777 -1.56000 10.00000 0.8493726254 2.4348437786    0.845  1.612  3.7153  2.567    3  0.000  0.507     0.00     0.00 -1 -2.88e-11      0.00 7.464e-01 2.532e-01 7.304e-05 2.503e-05 1.925e-04 -1.000 4.489e-04 0.741 1.637 1.649 0.969 0.522 0.096 -0.470 -0.929 -1.001
0.00042777 -1.56000 10.00000 0.8495229483 2.4348895550    0.845  1.655  3.7136  2.516    3  0.000  0.506     0.00     0.00 -1 -3.37e-11      0.00 7.463e-01 2.533e-01 7.296e-05 2.513e-05 1.925e-04 -1.000 4.489e-04 0.632 1.547 1.551 0.866 0.415 -0.013 -0.585 -1.049 -1.121
0.00042777 -1.56000 10.00000 0.8496662378 2.4349331856    0.845  1.700  3.7119  2.465    3  0.000  0.506     0.00     0.00 -1 -3.97e-11      0.00 7.463e-01 2.533e-01 7.294e-05 2.516e-05 1.925e-04 -1.000 4.489e-04 0.520 1.455 1.450 0.758 0.303 -0.128 -0.704 -1.172 -1.245
0.00042777 -1.56000 10.00000 0.8497959375 2.4349727631    0.845  1.744  3.7101  2.413    3  0.000  0.506     0.00     0.00 -1 -4.66e-11      0.00 7.462e-01 2.533e-01 7.294e-05 2.517e-05 1.925e-04 -1.000 4.489e-04 0.410 1.368 1.352 0.651 0.193 -0.241 -0.822 -1.294 -1.368
0.00042777 -1.56000 10.00000 0.8499100804 2.4350073338    0.845  1.786  3.7083  2.364    3  0.000  0.506     0.00     0.00 -1 -5.44e-11      0.00 7.462e-01 2.533e-01 7.293e-05 2.517e-05 1.925e-04 -1.000 4.489e-04 0.305 1.287 1.259 0.551 0.089 -0.348 -0.934 -1.411 -1.485
0.00042777 -1.56000 10.00000 0.8500000238 2.4350347519    0.845  1.821  3.7068  2.323    3  0.000  0.506     0.00     0.00 -1 -6.19e-11      0.00 7.462e-01 2.533e-01 7.293e-05 2.518e-05 1.926e-04 -1.000 4.489e-04 0.216 1.220 1.182 0.467 0.002 -0.438 -1.029 -1.509 -1.584
0.00042777 -1.56000 10.00000 0.8500987291 2.4350647926    0.845  1.863  3.7051  2.274    3  0.000  0.506     0.00     0.00 -1 -7.19e-11      0.00 7.462e-01 2.533e-01 7.292e-05 2.519e-05 1.926e-04 -1.000 4.488e-04 0.113 1.141 1.092 0.369 -0.100 -0.543 -1.139 -1.623 -1.699
0.00042777 -1.56000 10.00000 0.8501978517 2.4350950718    0.845  1.908  3.7031  2.222    3  0.000  0.506     0.00     0.00 -1 -8.48e-11      0.00 7.462e-01 2.533e-01 7.292e-05 2.519e-05 1.926e-04 -1.000 4.489e-04 0.001 1.056 0.994 0.262 -0.211 -0.657 -1.259 -1.748 -1.825
0.00042777 -1.56000 10.00000 0.8502917290 2.4351234436    0.844  1.953  3.7011  2.168    3  0.000  0.506     0.00     0.00 -1    -1e-10      0.00 7.462e-01 2.533e-01 7.291e-05 2.520e-05 1.926e-04 -1.000 4.489e-04 -0.113 0.970 0.895 0.154 -0.324 -0.774 -1.382 -1.876 -1.954
0.00042777 -1.56000 10.00000 0.8503744006 2.4351487160    0.844  1.997  3.6991  2.116    3  0.000  0.506     0.00     0.00 -1 -1.18e-10      0.00 7.462e-01 2.533e-01 7.291e-05 2.521e-05 1.926e-04 -1.000 4.490e-04 -0.221 0.890 0.803 0.052 -0.430 -0.884 -1.498 -1.997 -2.075
0.00042777 -1.56000 10.00000 0.8504518270 2.4351720810    0.844  2.039  3.6971  2.065    3  0.000  0.506     0.00     0.00 -1 -1.38e-10      0.00 7.462e-01 2.534e-01 7.290e-05 2.521e-05 1.926e-04 -1.000 4.489e-04 -0.328 0.814 0.713 -0.048 -0.535 -0.992 -1.613 -2.117 -2.196
0.00042777 -1.56000 10.00000 0.8505292535 2.4351956844    0.843  2.082  3.6951  2.014    3  0.000  0.506     0.00     0.00 -1 -1.61e-10      0.00 7.462e-01 2.534e-01 7.290e-05 2.522e-05 1.926e-04 -1.000 4.489e-04 -0.435 0.738 0.623 -0.148 -0.639 -1.100 -1.727 -2.237 -2.317
0.00042777 -1.56000 10.00000 0.8506308198 2.4352264404    0.843  2.121  3.6934  1.969    3  0.000  0.506     0.00     0.00 -1 -1.87e-10      0.00 7.462e-01 2.534e-01 7.289e-05 2.523e-05 1.926e-04 -1.000 4.489e-04 -0.532 0.669 0.541 -0.239 -0.735 -1.199 -1.831 -2.346 -2.426
0.00042777 -1.56000 10.00000 0.8506607413 2.4352355003    0.843  2.110  3.6941  1.981    3  0.000  0.506     0.00     0.00 -1 -1.81e-10      0.00 7.462e-01 2.534e-01 7.289e-05 2.523e-05 1.926e-04 -1.000 4.489e-04 -0.506 0.684 0.561 -0.216 -0.709 -1.172 -1.802 -2.315 -2.395
0.00042777 -1.56000 10.00000 0.8506929278 2.4352452755    0.842  2.099  3.6948  1.996    3  0.000  0.506     0.00     0.00 -1 -1.73e-10      0.00 7.462e-01 2.534e-01 7.289e-05 2.523e-05 1.926e-04 -1.000 4.489e-04 -0.477 0.701 0.583 -0.189 -0.681 -1.143 -1.770 -2.281 -2.361
0.00042777 -1.56000 10.00000 0.8507450819 2.4352612495    0.842  2.138  3.6929  1.949    3  0.000  0.506     0.00     0.00 -1 -1.98e-10      0.00 7.462e-01 2.534e-01 7.289e-05 2.524e-05 1.926e-04 -1.000 4.489e-04 -0.575 0.636 0.502 -0.281 -0.777 -1.243 -1.876 -2.392 -2.473
0.00042777 -1.56000 10.00000 0.8507966995 2.4352769852    0.842  2.179  3.6908  1.899    3  0.000  0.505     0.00     0.00 -1  -2.3e-10      0.00 7.462e-01 2.534e-01 7.288e-05 2.524e-05 1.926e-04 -1.000 4.489e-04 -0.678 0.569 0.419 -0.376 -0.878 -1.347 -1.988 -2.510 -2.591
0.00042777 -1.56000 10.00000 0.8508454561 2.4352917671    0.841  2.221  3.6887  1.849    3  0.000  0.505     0.00     0.00 -1 -2.68e-10      0.00 7.462e-01 2.534e-01 7.288e-05 2.524e-05 1.926e-04 -1.000 4.489e-04 -0.782 0.504 0.335 -0.472 -0.979 -1.452 -2.100 -2.629 -2.711
0.00042777 -1.56000 10.00000 0.8508902192 2.4353053570    0.841  2.261  3.6866  1.800    3  0.000  0.505     0.00     0.00 -1 -3.12e-10      0.00 7.462e-01 2.534e-01 7.288e-05 2.525e-05 1.926e-04 -1.000 4.489e-04 -0.884 0.442 0.254 -0.565 -1.078 -1.555 -2.210 -2.745 -2.828
0.00042777 -1.56000 10.00000 0.8509312272 2.4353177547    0.840  2.301  3.6844  1.751    3  0.000  0.505     0.00     0.00 -1 -3.62e-10      0.00 7.462e-01 2.534e-01 7.288e-05 2.525e-05 1.926e-04 -1.000 4.489e-04 -0.983 0.413 0.183 -0.660 -1.179 -1.659 -2.322 -2.863 -2.944
0.00042777 -1.56000 10.00000 0.8509702086 2.4353294373    0.840  2.342  3.6823  1.701    3  0.000  0.505     0.00     0.00 -1 -4.21e-10      0.00 7.462e-01 2.534e-01 7.287e-05 2.525e-05 1.926e-04 -1.000 4.489e-04 -1.085 0.379 0.111 -0.755 -1.281 -1.765 -2.434 -2.982 -3.062
0.00042777 -1.56000 10.00000 0.8510053158 2.4353401661    0.839  2.381  3.6800  1.653    3  0.000  0.505     0.00     0.00 -1 -4.88e-10      0.00 7.462e-01 2.534e-01 7.287e-05 2.526e-05 1.926e-04 -1.000 4.489e-04 -1.183 0.351 0.045 -0.845 -1.378 -1.866 -2.543 -3.097 -3.176
0.00042777 -1.56000 10.00000 0.8510391712 2.4353504181    0.838  2.422  3.6779  1.604    3  0.000  0.505     0.00     0.00 -1 -5.66e-10      0.00 7.462e-01 2.534e-01 7.287e-05 2.526e-05 1.926e-04 -1.000 4.489e-04 -1.284 0.320 -0.025 -0.937 -1.478 -1.970 -2.654 -3.214 -3.292
0.00042777 -1.56000 10.00000 0.8510755301 2.4353613853    0.838  2.468  3.6750  1.545    3  0.000  0.505     0.00     0.00 -1 -6.75e-10      0.00 7.462e-01 2.534e-01 7.287e-05 2.526e-05 1.926e-04 -1.000 4.489e-04 -1.401 0.300 -0.097 -1.041 -1.593 -2.090 -2.784 -3.352 -3.429
0.00042777 -1.56000 10.00000 0.8511042595 2.4353702068    0.837  2.508  3.6729  1.496    3  0.000  0.505     0.00     0.00 -1 -7.84e-10      0.00 7.462e-01 2.534e-01 7.287e-05 2.526e-05 1.926e-04 -1.000 4.489e-04 -1.500 0.221 -0.179 -1.127 -1.684 -2.187 -2.889 -3.464 -3.544
0.00042777 -1.56000 10.00000 0.8511352539 2.4353795052    0.836  2.554  3.6700  1.438    3  0.000  0.505     0.00     0.00 -1 -9.32e-10      0.00 7.462e-01 2.534e-01 7.286e-05 2.527e-05 1.926e-04 -1.000 4.489e-04 -1.616 0.210 -0.245 -1.228 -1.796 -2.306 -3.018 -3.601 -3.680
0.00042777 -1.56000 10.00000 0.8511595130 2.4353868961    0.835  2.593  3.6677  1.389    3  0.000  0.505     0.00     0.00 -1 -1.08e-09      0.00 7.462e-01 2.534e-01 7.286e-05 2.527e-05 1.926e-04 -1.000 4.489e-04 -1.713 0.202 -0.301 -1.312 -1.890 -2.405 -3.125 -3.714 -3.793
0.00042777 -1.56000 10.00000 0.8511863351 2.4353950024    0.833  2.639  3.6648  1.331    3  0.000  0.505     0.00     0.00 -1 -1.28e-09      0.00 7.462e-01 2.534e-01 7.286e-05 2.527e-05 1.926e-04 -1.000 4.489e-04 -1.829 0.205 -0.360 -1.409 -2.000 -2.523 -3.253 -3.850 -3.928
0.00042777 -1.56000 10.00000 0.8512110114 2.4354026318    0.832  2.685  3.6620  1.273    3  0.000  0.505     0.00     0.00 -1 -1.53e-09      0.00 7.462e-01 2.534e-01 7.286e-05 2.527e-05 1.926e-04 -1.000 4.489e-04 -1.944 0.215 -0.416 -1.506 -2.110 -2.640 -3.381 -3.986 -4.063
0.00042777 -1.56000 10.00000 0.8512340188 2.4354095459    0.831  2.732  3.6591  1.214    3  0.000  0.505     0.00     0.00 -1 -1.82e-09      0.00 7.461e-01 2.534e-01 7.286e-05 2.527e-05 1.926e-04 -1.000 4.489e-04 -2.059 0.235 -0.468 -1.601 -2.220 -2.758 -3.510 -4.122 -4.199
0.00042777 -1.56000 10.00000 0.8512540460 2.4354157448    0.829  2.775  3.6561  1.158    3  0.000  0.505     0.00     0.00 -1 -2.15e-09      0.00 7.461e-01 2.534e-01 7.286e-05 2.527e-05 1.926e-04 -1.000 4.489e-04 -2.168 0.247 -0.517 -1.686 -2.319 -2.865 -3.629 -4.251 -4.329
0.00042777 -1.56000 10.00000 0.8512734771 2.4354214668    0.827  2.820  3.6532  1.100    3  0.000  0.505     0.00     0.00 -1 -2.55e-09      0.00 7.461e-01 2.534e-01 7.286e-05 2.528e-05 1.926e-04 -1.000 4.489e-04 -2.281 0.240 -0.576 -1.776 -2.422 -2.976 -3.753 -4.383 -4.463
0.00042777 -1.56000 10.00000 0.8512909412 2.4354267120    0.825  2.864  3.6502  1.043    3  0.000  0.505     0.00     0.00 -1 -3.01e-09      0.00 7.461e-01 2.534e-01 7.286e-05 2.528e-05 1.926e-04 -1.000 4.489e-04 -2.391 0.238 -0.631 -1.862 -2.520 -3.084 -3.872 -4.512 -4.593
0.00042777 -1.56000 10.00000 0.8513069153 2.4354317188    0.823  2.907  3.6472  0.987    3  0.000  0.505     0.00     0.00 -1 -3.55e-09      0.00 7.461e-01 2.534e-01 7.285e-05 2.528e-05 1.926e-04 -1.000 4.489e-04 -2.498 0.244 -0.680 -1.943 -2.615 -3.188 -3.989 -4.639 -4.721
0.00042777 -1.56000 10.00000 0.8513222337 2.4354362488    0.821  2.952  3.6443  0.930    3  0.000  0.505     0.00     0.00 -1 -4.21e-09      0.00 7.461e-01 2.534e-01 7.285e-05 2.528e-05 1.926e-04 -1.000 4.489e-04 -2.609 0.257 -0.727 -2.024 -2.713 -3.295 -4.110 -4.769 -4.853
0.00042777 -1.56000 10.00000 0.8513355851 2.4354403019    0.818  2.993  3.6413  0.875    3  0.000  0.505     0.00     0.00 -1 -4.94e-09      0.00 7.461e-01 2.534e-01 7.285e-05 2.528e-05 1.926e-04 -1.000 4.489e-04 -2.712 0.283 -0.762 -2.096 -2.801 -3.394 -4.223 -4.892 -4.978
0.00042777 -1.56000 10.00000 0.8513482809 2.4354441166    0.816  3.035  3.6383  0.820    3  0.000  0.505     0.00     0.00 -1 -5.81e-09      0.00 7.461e-01 2.534e-01 7.285e-05 2.528e-05 1.926e-04 -1.000 4.489e-04 -2.817 0.308 -0.799 -2.170 -2.891 -3.494 -4.338 -5.015 -5.103
0.00042777 -1.56000 10.00000 0.8513605595 2.4354479313    0.813  3.078  3.6353  0.763    3  0.000  0.505     0.00     0.00 -1 -6.85e-09      0.00 7.461e-01 2.534e-01 7.285e-05 2.528e-05 1.926e-04 -1.000 4.489e-04 -2.925 0.332 -0.838 -2.244 -2.982 -3.597 -4.454 -5.142 -5.232
0.00042777 -1.56000 10.00000 0.8513711691 2.4354510307    0.809  3.118  3.6323  0.710    3  0.000  0.505     0.00     0.00 -1 -8.01e-09      0.00 7.461e-01 2.534e-01 7.285e-05 2.528e-05 1.926e-04 -1.000 4.489e-04 -3.024 0.366 -0.867 -2.310 -3.065 -3.690 -4.563 -5.261 -5.353
0.00042777 -1.56000 10.00000 0.8513817787 2.4354543686    0.806  3.160  3.6293  0.654    3  0.000  0.505     0.00     0.00 -1 -9.43e-09      0.00 7.461e-01 2.534e-01 7.285e-05 2.528e-05 1.926e-04 -1.000 4.489e-04 -3.129 0.395 -0.901 -2.381 -3.153 -3.790 -4.676 -5.385 -5.479
0.00042777 -1.56000 10.00000 0.8513916731 2.4354574680    0.802  3.201  3.6263  0.598    3  0.000  0.505     0.00     0.00 -1 -1.11e-08      0.00 7.461e-01 2.534e-01 7.285e-05 2.529e-05 1.926e-04 -1.000 4.488e-04 -3.233 0.429 -0.931 -2.448 -3.238 -3.886 -4.789 -5.507 -5.604
0.00042777 -1.56000 10.00000 0.8514007926 2.4354600906    0.797  3.242  3.6233  0.543    3  0.000  0.505     0.00     0.00 -1  -1.3e-08      0.00 7.461e-01 2.534e-01 7.285e-05 2.529e-05 1.926e-04 -1.000 4.489e-04 -3.335 0.467 -0.959 -2.512 -3.320 -3.980 -4.898 -5.628 -5.726
0.00042777 -1.56000 10.00000 0.8514096737 2.4354627132    0.792  3.282  3.6204  0.488    3  0.000  0.505     0.00     0.00 -1 -1.53e-08      0.00 7.461e-01 2.534e-01 7.285e-05 2.529e-05 1.926e-04 -1.000 4.490e-04 -3.435 0.506 -0.983 -2.574 -3.401 -4.074 -5.007 -5.746 -5.847
0.00042777 -1.56000 10.00000 0.8514128923 2.4354636669    0.790  3.295  3.6194  0.470    3  0.000  0.505     0.00     0.00 -1 -1.62e-08      0.00 7.461e-01 2.534e-01 7.285e-05 2.529e-05 1.926e-04 -1.000 4.489e-04 -3.468 0.521 -0.988 -2.592 -3.427 -4.103 -5.042 -5.785 -5.887
0.00042777 -1.56000 10.00000 0.8514128923 2.4354636669    0.790  1.752  3.7613  2.580    4  0.000  0.525     0.00     0.00 -1    -1e-30      0.00 7.438e-01 2.558e-01 7.711e-05 2.266e-05 1.959e-04 -1.000 4.489e-04 0.389 0.927 1.010 0.512 0.158 -0.185 -0.628 -0.986 -1.029
0.00042777 -1.56000 10.00000 0.8514729738 2.4354820251    0.790  1.772  3.7582  2.549    4  0.000  0.525     0.00     0.00 -1    -1e-30      0.00 7.438e-01 2.558e-01 7.711e-05 2.266e-05 1.959e-04 -1.000 4.489e-04 0.341 0.897 0.978 0.469 0.109 -0.239 -0.691 -1.055 -1.100
0.00042777 -1.56000 10.00000 0.8515314460 2.4354996681    0.790  1.774  3.7581  2.546    4  0.000  0.525     0.00     0.00 -1    -1e-30      0.00 7.437e-01 2.558e-01 7.711e-05 2.266e-05 1.959e-04 -1.000 4.489e-04 0.335 0.892 0.973 0.464 0.104 -0.245 -0.696 -1.061 -1.106
0.00042777 -1.56000 10.00000 0.8515920043 2.4355180264    0.790  1.775  3.7584  2.546    4  0.000  0.525     0.00     0.00 -1    -1e-30      0.00 7.437e-01 2.558e-01 7.711e-05 2.266e-05 1.959e-04 -1.000 4.489e-04 0.332 0.887 0.968 0.460 0.100 -0.248 -0.699 -1.063 -1.108
0.00042777 -1.56000 10.00000 0.8516519070 2.4355361462    0.790  1.776  3.7588  2.547    4  0.000  0.525     0.00     0.00 -1    -1e-30      0.00 7.437e-01 2.558e-01 7.711e-05 2.266e-05 1.959e-04 -1.000 4.489e-04 0.330 0.883 0.963 0.457 0.098 -0.249 -0.699 -1.062 -1.107
0.00042777 -1.56000 10.00000 0.8517123461 2.4355545044    0.790  1.776  3.7595  2.549    4  0.000  0.525     0.00     0.00 -1    -1e-30      0.00 7.437e-01 2.558e-01 7.711e-05 2.266e-05 1.959e-04 -1.000 4.489e-04 0.329 0.878 0.959 0.455 0.097 -0.249 -0.697 -1.058 -1.102
0.00042777 -1.56000 10.00000 0.8517736197 2.4355731010    0.790  1.776  3.7604  2.553    4  0.000  0.525     0.00     0.00 -1    -1e-30      0.00 7.437e-01 2.558e-01 7.711e-05 2.266e-05 1.959e-04 -1.000 4.489e-04 0.329 0.873 0.954 0.453 0.098 -0.247 -0.692 -1.052 -1.096
0.00042777 -1.56000 10.00000 0.8518342376 2.4355914593    0.790  1.776  3.7614  2.558    4  0.000  0.525     0.00     0.00 -1    -1e-30      0.00 7.437e-01 2.558e-01 7.711e-05 2.266e-05 1.959e-04 -1.000 4.490e-04 0.330 0.869 0.949 0.452 0.099 -0.244 -0.687 -1.044 -1.087
0.00042777 -1.56000 10.00000 0.8518962264 2.4356100559    0.790  1.775  3.7626  2.563    4  0.000  0.525     0.00     0.00 -1    -1e-30      0.00 7.437e-01 2.558e-01 7.711e-05 2.266e-05 1.959e-04 -1.000 4.489e-04 0.332 0.865 0.945 0.452 0.100 -0.240 -0.680 -1.034 -1.077
0.00042777 -1.56000 10.00000 0.8519572020 2.4356286526    0.790  1.774  3.7637  2.568    4  0.000  0.525     0.00     0.00 -1    -1e-30      0.00 7.437e-01 2.558e-01 7.711e-05 2.266e-05 1.959e-04 -1.000 4.489e-04 0.334 0.861 0.940 0.451 0.102 -0.236 -0.674 -1.025 -1.067
0.00042777 -1.56000 10.00000 0.8520136476 2.4356455803    0.790  1.774  3.7647  2.573    4  0.000  0.525     0.00     0.00 -1    -1e-30      0.00 7.437e-01 2.558e-01 7.711e-05 2.266e-05 1.959e-04 -1.000 4.490e-04 0.335 0.857 0.936 0.451 0.104 -0.233 -0.668 -1.017 -1.058
0.00042777 -1.56000 10.00000 0.8520770669 2.4356648922    0.791  1.773  3.7658  2.578    4  0.000  0.525     0.00     0.00 -1    -1e-30      0.00 7.437e-01 2.558e-01 7.711e-05 2.266e-05 1.959e-04 -1.000 4.489e-04 0.337 0.854 0.932 0.450 0.105 -0.230 -0.661 -1.008 -1.049
0.00042777 -1.56000 10.00000 0.8521399498 2.4356839657    0.791  1.773  3.7668  2.582    4  0.000  0.525     0.00     0.00 -1    -1e-30      0.00 7.437e-01 2.558e-01 7.711e-05 2.266e-05 1.959e-04 -1.000 4.489e-04 0.338 0.850 0.928 0.449 0.106 -0.227 -0.656 -1.000 -1.041
0.00042777 -1.56000 10.00000 0.8522010446 2.4357023239    0.791  1.773  3.7676  2.586    4  0.000  0.525     0.00     0.00 -1    -1e-30      0.00 7.437e-01 2.558e-01 7.711e-05 2.266e-05 1.959e-04 -1.000 4.490e-04 0.339 0.847 0.925 0.448 0.107 -0.224 -0.652 -0.994 -1.035
0.00042777 -1.56000 10.00000 0.8522623777 2.4357209206    0.791  1.772  3.7682  2.588    4  0.000  0.525     0.00     0.00 -1    -1e-30      0.00 7.437e-01 2.558e-01 7.711e-05 2.266e-05 1.959e-04 -1.000 4.489e-04 0.339 0.844 0.921 0.447 0.107 -0.223 -0.649 -0.990 -1.030
0.00042777 -1.56000 10.00000 0.8522692323 2.4357230663    0.791  1.772  3.7682  2.589    4  0.000  0.525     0.00     0.00 -1    -1e-30      0.00 7.437e-01 2.558e-01 7.711e-05 2.266e-05 1.959e-04 -1.000 4.489e-04 0.339 0.844 0.921 0.447 0.107 -0.223 -0.648 -0.990 -1.029
0.00042777 -1.56000 10.00000 0.8523249626 2.4357397556    0.791  1.773  3.7685  2.589    4  0.000  0.525     0.00     0.00 -1    -1e-30      0.00 7.437e-01 2.558e-01 7.711e-05 2.266e-05 1.959e-04 -1.000 4.490e-04 0.338 0.842 0.919 0.446 0.107 -0.223 -0.648 -0.989 -1.028
0.00042777 -1.56000 10.00000 0.8523856401 2.4357581139    0.791  1.773  3.7686  2.589    4  0.000  0.525     0.00     0.00 -1    -1e-30      0.00 7.437e-01 2.558e-01 7.711e-05 2.266e-05 1.959e-04 -1.000 4.489e-04 0.337 0.840 0.917 0.445 0.106 -0.224 -0.648 -0.989 -1.028
0.00042777 -1.56000 10.00000 0.8524449468 2.4357759953    0.791  1.774  3.7685  2.588    4  0.000  0.525     0.00     0.00 -1    -1e-30      0.00 7.437e-01 2.558e-01 7.711e-05 2.266e-05 1.959e-04 -1.000 4.489e-04 0.335 0.839 0.916 0.443 0.104 -0.226 -0.651 -0.991 -1.031
0.00042777 -1.56000 10.00000 0.8525013924 2.4357931614    0.791  1.775  3.7681  2.586    4  0.000  0.525     0.00     0.00 -1    -1e-30      0.00 7.437e-01 2.558e-01 7.711e-05 2.267e-05 1.959e-04 -1.000 4.490e-04 0.333 0.839 0.916 0.442 0.101 -0.229 -0.655 -0.997 -1.037
0.00042777 -1.56000 10.00000 0.8525598049 2.4358108044    0.791  1.776  3.7674  2.582    4  0.000  0.525     0.00     0.00 -1    -1e-30      0.00 7.437e-01 2.558e-01 7.711e-05 2.267e-05 1.959e-04 -1.000 4.489e-04 0.330 0.838 0.916 0.439 0.098 -0.234 -0.661 -1.004 -1.045
0.00042777 -1.56000 10.00000 0.8526218534 2.4358296394    0.791  1.778  3.7665  2.576    4  0.000  0.525     0.00     0.00 -1    -1e-30      0.00 7.437e-01 2.558e-01 7.711e-05 2.267e-05 1.959e-04 -1.000 4.489e-04 0.325 0.839 0.916 0.437 0.093 -0.240 -0.670 -1.015 -1.056
0.00042777 -1.56000 10.00000 0.8526800871 2.4358470440    0.791  1.780  3.7653  2.569    4  0.000  0.525     0.00     0.00 -1    -1e-30      0.00 7.437e-01 2.558e-01 7.711e-05 2.267e-05 1.959e-04 -1.000 4.489e-04 0.319 0.839 0.917 0.433 0.088 -0.248 -0.681 -1.029 -1.070
0.00042777 -1.56000 10.00000 0.8527071476 2.4358553886    0.791  1.781  3.7648  2.566    4  0.000  0.525     0.00     0.00 -1    -1e-30      0.00 7.437e-01 2.558e-01 7.711e-05 2.267e-05 1.959e-04 -1.000 4.490e-04 0.317 0.839 0.917 0.432 0.085 -0.252 -0.686 -1.035 -1.077
0.00042777 -1.56000 10.00000 0.8527578712 2.4358706474    0.791  1.784  3.7635  2.558    4  0.000  0.525     0.00     0.00 -1    -1e-30      0.00 7.437e-01 2.558e-01 7.711e-05 2.267e-05 1.959e-04 -1.000 4.490e-04 0.310 0.839 0.918 0.428 0.079 -0.260 -0.698 -1.050 -1.092
0.00042777 -1.56000 10.00000 0.8528115749 2.4358868599    0.791  1.787  3.7621  2.550    4  0.000  0.525     0.00     0.00 -1    -1e-30      0.00 7.437e-01 2.558e-01 7.711e-05 2.267e-05 1.959e-04 -1.000 4.489e-04 0.303 0.839 0.918 0.424 0.071 -0.270 -0.711 -1.067 -1.110
0.00042777 -1.56000 10.00000 0.8528646827 2.4359028339    0.791  1.790  3.7607  2.541    4  0.000  0.525     0.00     0.00 -1    -1e-30      0.00 7.437e-01 2.558e-01 7.711e-05 2.267e-05 1.959e-04 -1.000 4.489e-04 0.296 0.839 0.918 0.419 0.064 -0.280 -0.725 -1.084 -1.128
0.00042777 -1.56000 10.00000 0.8529191017 2.4359192848    0.791  1.793  3.7591  2.532    4  0.000  0.525     0.00     0.00 -1    -1e-30      0.00 7.437e-01 2.558e-01 7.711e-05 2.267e-05 1.959e-04 -1.000 4.489e-04 0.286 0.838 0.917 0.413 0.055 -0.292 -0.741 -1.103 -1.148
0.00042777 -1.56000 10.00000 0.8529709578 2.4359350204    0.791  1.797  3.7578  2.522    4  0.000  0.525     0.00     0.00 -1    -1e-30      0.00 7.437e-01 2.558e-01 7.711e-05 2.267e-05 1.959e-04 -1.000 4.489e-04 0.277 0.837 0.915 0.406 0.045 -0.304 -0.757 -1.122 -1.167
0.00042777 -1.56000 10.00000 0.8530228138 2.4359505177    0.792  1.801  3.7565  2.513    4  0.000  0.525     0.00     0.00 -1    -1e-30      0.00 7.437e-01 2.559e-01 7.711e-05 2.267e-05 1.959e-04 -1.000 4.490e-04 0.267 0.835 0.913 0.399 0.036 -0.316 -0.772 -1.140 -1.186
0.00042777 -1.56000 10.00000 0.8530740738 2.4359660149    0.792  1.806  3.7548  2.502    4  0.000  0.525     0.00     0.00 -1    -1e-30      0.00 7.437e-01 2.559e-01 7.711e-05 2.267e-05 1.959e-04 -1.000 4.490e-04 0.255 0.833 0.911 0.390 0.024 -0.331 -0.791 -1.163 -1.210
0.00042777 -1.56000 10.00000 0.8531260490 2.4359817505    0.792  1.812  3.7529  2.488    4  0.000  0.525     0.00     0.00 -1    -1e-30      0.00 7.437e-01 2.559e-01 7.711e-05 2.267e-05 1.959e-04 -1.000 4.489e-04 0.239 0.829 0.906 0.378 0.008 -0.350 -0.816 -1.192 -1.240
0.00042777 -1.56000 10.00000 0.8531777263 2.4359972477    0.792  1.820  3.7510  2.473    4  0.000  0.525     0.00     0.00 -1    -1e-30      0.00 7.437e-01 2.559e-01 7.711e-05 2.267e-05 1.959e-04 -1.000 4.489e-04 0.221 0.823 0.898 0.364 -0.010 -0.372 -0.842 -1.223 -1.272
0.00042777 -1.56000 10.00000 0.8532115817 2.4360074997    0.792  1.825  3.7498  2.463    4  0.000  0.525     0.00     0.00 -1    -1e-30      0.00 7.437e-01 2.559e-01 7.711e-05 2.267e-05 1.959e-04 -1.000 4.489e-04 0.208 0.817 0.892 0.353 -0.024 -0.387 -0.860 -1.243 -1.294
0.00042777 -1.56000 10.00000 0.8532625437 2.4360229969    0.792  1.836  3.7471  2.441    4  0.000  0.525     0.00     0.00 -1    -1e-30      0.00 7.437e-01 2.559e-01 7.711e-05 2.267e-05 1.959e-04 -1.000 4.489e-04 0.180 0.807 0.879 0.330 -0.052 -0.420 -0.900 -1.289 -1.340
0.00042777 -1.56000 10.00000 0.8533152938 2.4360387325    0.792  1.853  3.7438  2.411    4  0.000  0.525     0.00     0.00 -1    -1e-30      0.00 7.437e-01 2.559e-01 7.711e-05 2.267e-05 1.959e-04 -1.000 4.489e-04 0.138 0.790 0.857 0.296 -0.093 -0.466 -0.955 -1.351 -1.405
0.00042777 -1.56000 10.00000 0.8533668518 2.4360544682    0.792  1.880  3.7388  2.364    4  0.000  0.525     0.00     0.00 -1    -1e-30      0.00 7.437e-01 2.559e-01 7.711e-05 2.267e-05 1.959e-04 -1.000 4.489e-04 0.070 0.758 0.817 0.238 -0.161 -0.543 -1.045 -1.451 -1.508
0.00042777 -1.56000 10.00000 0.8533980250 2.4360637665    0.792  1.912  3.7337  2.312    4  0.000  0.525     0.00     0.00 -1    -1e-30      0.00 7.437e-01 2.559e-01 7.711e-05 2.267e-05 1.959e-04 -1.000 4.489e-04 -0.009 0.725 0.768 0.169 -0.239 -0.631 -1.146 -1.563 -1.622
0.00042777 -1.56000 10.00000 0.8534135818 2.4360685349    0.792  1.946  3.7288  2.258    4  0.000  0.525     0.00     0.00 -1    -1e-30      0.00 7.437e-01 2.559e-01 7.711e-05 2.267e-05 1.959e-04 -1.000 4.489e-04 -0.095 0.685 0.713 0.094 -0.325 -0.725 -1.253 -1.681 -1.743
0.00042777 -1.56000 10.00000 0.8534201980 2.4360704422    0.792  1.981  3.7243  2.205    4  0.000  0.525     0.00     0.00 -1    -1e-30      0.00 7.437e-01 2.559e-01 7.711e-05 2.267e-05 1.959e-04 -1.000 4.489e-04 -0.183 0.644 0.654 0.017 -0.411 -0.819 -1.359 -1.798 -1.862
0.00042777 -1.56000 10.00000 0.8534232974 2.4360713959    0.792  2.016  3.7202  2.153    4  0.000  0.525     0.00     0.00 -1    -1e-30      0.00 7.437e-01 2.559e-01 7.711e-05 2.267e-05 1.959e-04 -1.000 4.490e-04 -0.271 0.598 0.593 -0.062 -0.498 -0.913 -1.465 -1.913 -1.979
0.00042777 -1.56000 10.00000 0.8534249067 2.4360718727    0.792  2.049  3.7169  2.108    4  0.000  0.525     0.00     0.00 -1    -1e-30      0.00 7.437e-01 2.559e-01 7.711e-05 2.267e-05 1.959e-04 -1.000 4.490e-04 -0.352 0.556 0.535 -0.134 -0.577 -0.998 -1.559 -2.015 -2.083
0.00042777 -1.56000 10.00000 0.8534249663 2.4360718727    0.792  2.052  3.7166  2.103    7  0.000  0.525     0.00     0.00 -1    -1e-30      0.00 7.437e-01 2.559e-01 7.711e-05 2.267e-05 1.959e-04 -1.000 4.489e-04 -0.360 0.551 0.530 -0.141 -0.585 -1.006 -1.568 -2.024 -2.093
0.00042777 -1.56000 10.00000 0.8534256816 2.4360721111    0.792  2.075  3.7145  2.072    7  0.000  0.525     0.00     0.00 -1    -1e-30      0.00 7.437e-01 2.559e-01 7.711e-05 2.267e-05 1.959e-04 -1.000 4.489e-04 -0.418 0.518 0.487 -0.194 -0.642 -1.067 -1.635 -2.096 -2.165
0.00042777 -1.56000 10.00000 0.8534269333 2.4360725880    0.792  2.121  3.7107  2.011    7  0.000  0.525     0.00     0.00 -1    -1e-30      0.00 7.437e-01 2.559e-01 7.711e-05 2.267e-05 1.959e-04 -1.000 4.489e-04 -0.532 0.448 0.400 -0.298 -0.754 -1.186 -1.765 -2.235 -2.306
0.00042777 -1.56000 10.00000 0.8534280062 2.4360728264    0.792  2.161  3.7076  1.959    7  0.000  0.525     0.00     0.00 -1    -1e-30      0.00 7.437e-01 2.559e-01 7.711e-05 2.267e-05 1.959e-04 -1.000 4.490e-04 -0.632 0.392 0.325 -0.388 -0.852 -1.289 -1.877 -2.355 -2.428
0.00042777 -1.56000 10.00000 0.8534290791 2.4360730648    0.792  2.197  3.7049  1.912    7  0.000  0.525     0.00     0.00 -1    -1e-30      0.00 7.437e-01 2.559e-01 7.711e-05 2.267e-05 1.959e-04 -1.000 4.489e-04 -0.722 0.342 0.256 -0.470 -0.940 -1.383 -1.979 -2.465 -2.538
0.00042777 -1.56000 10.00000 0.8534315825 2.4360737801    0.792  2.220  3.7034  1.882    7  0.000  0.525     0.00     0.00 -1    -1e-30      0.00 7.437e-01 2.559e-01 7.711e-05 2.267e-05 1.959e-04 -1.000 4.489e-04 -0.780 0.307 0.211 -0.524 -0.997 -1.443 -2.044 -2.533 -2.608
0.00042777 -1.56000 10.00000 0.8534336090 2.4360744953    0.792  2.198  3.7052  1.912    7  0.000  0.525     0.00     0.00 -1    -1e-30      0.00 7.437e-01 2.559e-01 7.711e-05 2.267e-05 1.959e-04 -1.000 4.489e-04 -0.724 0.336 0.252 -0.474 -0.943 -1.385 -1.981 -2.465 -2.539
0.00042777 -1.56000 10.00000 0.8534415960 2.4360768795    0.792  2.166  3.7075  1.953    7  0.000  0.525     0.00     0.00 -1    -1e-30      0.00 7.437e-01 2.559e-01 7.711e-05 2.267e-05 1.959e-04 -1.000 4.489e-04 -0.644 0.382 0.313 -0.401 -0.864 -1.302 -1.890 -2.369 -2.441
0.00042777 -1.56000 10.00000 0.8534755111 2.4360871315    0.792  2.189  3.7054  1.921    7  0.000  0.525     0.00     0.00 -1    -1e-30      0.00 7.437e-01 2.559e-01 7.711e-05 2.267e-05 1.959e-04 -1.000 4.489e-04 -0.703 0.354 0.272 -0.452 -0.921 -1.363 -1.958 -2.442 -2.515
0.00042777 -1.56000 10.00000 0.8534960151 2.4360933304    0.792  2.231  3.7021  1.866    7  0.000  0.525     0.00     0.00 -1    -1e-30      0.00 7.437e-01 2.559e-01 7.711e-05 2.267e-05 1.959e-04 -1.000 4.489e-04 -0.809 0.297 0.194 -0.548 -1.024 -1.472 -2.078 -2.570 -2.645
0.00042777 -1.56000 10.00000 0.8535119891 2.4360980988    0.792  2.267  3.6994  1.820    7  0.000  0.525     0.00     0.00 -1    -1e-30      0.00 7.437e-01 2.559e-01 7.711e-05 2.267e-05 1.959e-04 -1.000 4.489e-04 -0.897 0.249 0.128 -0.628 -1.111 -1.564 -2.177 -2.677 -2.753
0.00042777 -1.56000 10.00000 0.8535307050 2.4361038208    0.792  2.307  3.6965  1.768    7  0.000  0.525     0.00     0.00 -1    -1e-30      0.00 7.437e-01 2.559e-01 7.711e-05 2.267e-05 1.959e-04 -1.000 4.489e-04 -0.996 0.197 0.054 -0.717 -1.207 -1.665 -2.288 -2.796 -2.873
0.00042777 -1.56000 10.00000 0.8535486460 2.4361090660    0.792  2.348  3.6936  1.716    7  0.000  0.525     0.00     0.00 -1    -1e-30      0.00 7.437e-01 2.559e-01 7.711e-05 2.267e-05 1.959e-04 -1.000 4.489e-04 -1.099 0.142 -0.022 -0.809 -1.306 -1.770 -2.403 -2.919 -2.997
0.00042777 -1.56000 10.00000 0.8535647988 2.4361140728    0.792  2.389  3.6907  1.663    7  0.000  0.525     0.00     0.00 -1    -1e-30      0.00 7.437e-01 2.559e-01 7.711e-05 2.267e-05 1.959e-04 -1.000 4.489e-04 -1.202 0.088 -0.097 -0.901 -1.405 -1.875 -2.518 -3.042 -3.121
0.00042777 -1.56000 10.00000 0.8535790443 2.4361183643    0.792  2.430  3.6878  1.610    7  0.000  0.525     0.00     0.00 -1    -1e-30      0.00 7.437e-01 2.559e-01 7.708e-05 2.268e-05 1.959e-04 -1.000 4.490e-04 -1.304 0.038 -0.172 -0.992 -1.503 -1.979 -2.631 -3.164 -3.245
0.00042777 -1.56000 10.00000 0.8535918593 2.4361221790    0.792  2.471  3.6849  1.558    7  0.000  0.524     0.00     0.00 -1    -1e-30      0.00 7.437e-01 2.559e-01 7.697e-05 2.272e-05 1.959e-04 -1.000 4.489e-04 -1.407 0.025 -0.235 -1.086 -1.606 -2.087 -2.748 -3.289 -3.368
0.00042777 -1.56000 10.00000 0.8536034226 2.4361257553    0.792  2.512  3.6820  1.505    7  0.000  0.521     0.00     0.00 -1    -1e-30      0.00 7.437e-01 2.559e-01 7.662e-05 2.293e-05 1.959e-04 -1.000 4.489e-04 -1.510 0.027 -0.292 -1.180 -1.711 -2.196 -2.867 -3.415 -3.492
0.00042777 -1.56000 10.00000 0.8536138535 2.4361288548    0.792  2.553  3.6791  1.452    7  0.000  0.515     0.00     0.00 -1    -1e-30      0.00 7.436e-01 2.559e-01 7.574e-05 2.373e-05 1.959e-04 -1.000 4.490e-04 -1.613 -0.044 -0.370 -1.266 -1.804 -2.296 -2.978 -3.536 -3.616
0.00042777 -1.56000 10.00000 0.8536233902 2.4361317158    0.792  2.594  3.6761  1.400    7  0.000  0.505     0.00     0.00 -1    -1e-30      0.00 7.436e-01 2.560e-01 7.426e-05 2.540e-05 1.959e-04 -1.000 4.481e-04 -1.714 -0.050 -0.427 -1.354 -1.903 -2.402 -3.093 -3.658 -3.738
0.00042777 -1.56000 10.00000 0.8536320925 2.4361343384    0.792  2.635  3.6732  1.347    7  0.000  0.494     0.00     0.00 -1    -1e-30      0.00 7.434e-01 2.561e-01 7.268e-05 2.733e-05 1.959e-04 -1.000 4.461e-04 -1.816 -0.049 -0.480 -1.442 -2.002 -2.507 -3.208 -3.781 -3.860
0.00042777 -1.56000 10.00000 0.8536401987 2.4361367226    0.792  2.675  3.6702  1.295    7  0.000  0.484     0.00     0.00 -1    -1e-30      0.00 7.433e-01 2.562e-01 7.128e-05 2.906e-05 1.959e-04 -1.000 4.463e-04 -1.917 -0.039 -0.529 -1.527 -2.100 -2.612 -3.323 -3.903 -3.982
0.00042777 -1.56000 10.00000 0.8536479473 2.4361391068    0.792  2.715  3.6672  1.242    7  0.000  0.475     0.00     0.00 -1    -1e-30      0.00 7.433e-01 2.563e-01 6.997e-05 3.066e-05 1.959e-04 -1.000 4.483e-04 -2.019 -0.019 -0.573 -1.610 -2.196 -2.716 -3.438 -4.026 -4.104
0.00042777 -1.56000 10.00000 0.8536554575 2.4361412525    0.792  2.756  3.6642  1.190    7  0.000  0.468     0.00     0.00 -1    -1e-30      0.00 7.432e-01 2.564e-01 6.890e-05 3.198e-05 1.959e-04 -1.000 4.425e-04 -2.119 0.008 -0.613 -1.691 -2.292 -2.819 -3.551 -4.148 -4.226
0.00042777 -1.56000 10.00000 0.8536627293 2.4361436367    0.792  2.797  3.6611  1.137    7  0.000  0.461     0.00     0.00 -1    -1e-30      0.00 7.431e-01 2.565e-01 6.794e-05 3.315e-05 1.959e-04 -1.000 4.388e-04 -2.221 0.044 -0.650 -1.773 -2.388 -2.923 -3.667 -4.272 -4.349
0.00042777 -1.56000 10.00000 0.8536692858 2.4361455441    0.792  2.838  3.6580  1.083    7  0.000  0.455     0.00     0.00 -1    -1e-30      0.00 7.429e-01 2.566e-01 6.710e-05 3.420e-05 1.959e-04 -1.000 4.487e-04 -2.324 0.095 -0.680 -1.851 -2.483 -3.027 -3.784 -4.397 -4.474
0.00042777 -1.56000 10.00000 0.8536754251 2.4361474514    0.792  2.879  3.6547  1.029    7  0.000  0.451     0.00     0.00 -1    -1e-30      0.00 7.428e-01 2.567e-01 6.635e-05 3.511e-05 1.958e-04 -1.000 4.489e-04 -2.428 0.104 -0.726 -1.930 -2.575 -3.128 -3.899 -4.522 -4.601
0.00042777 -1.56000 10.00000 0.8536808491 2.4361488819    0.792  2.922  3.6513  0.972    7  0.000  0.446     0.00     0.00 -1    -1e-30      0.00 7.426e-01 2.569e-01 6.570e-05 3.593e-05 1.957e-04 -1.000 4.490e-04 -2.536 0.119 -0.769 -2.009 -2.671 -3.234 -4.018 -4.653 -4.732
0.00042777 -1.56000 10.00000 0.8536849618 2.4361503124    0.792  2.964  3.6480  0.917    7  0.000  0.443     0.00     0.00 -1    -1e-30      0.00 7.425e-01 2.570e-01 6.517e-05 3.662e-05 1.956e-04 -1.000 4.489e-04 -2.640 0.144 -0.806 -2.083 -2.761 -3.335 -4.134 -4.778 -4.860
0.00042777 -1.56000 10.00000 0.8536884785 2.4361512661    0.792  3.004  3.6449  0.865    7  0.000  0.441     0.00     0.00 -1    -1e-30      0.00 7.424e-01 2.571e-01 6.474e-05 3.720e-05 1.954e-04 -1.000 4.489e-04 -2.739 0.173 -0.838 -2.151 -2.844 -3.429 -4.242 -4.897 -4.980
0.00042777 -1.56000 10.00000 0.8536919355 2.4361522198    0.792  3.044  3.6416  0.811    7  0.000  0.439     0.00     0.00 -1    -1e-30      0.00 7.423e-01 2.572e-01 6.440e-05 3.771e-05 1.952e-04 -1.000 4.489e-04 -2.840 0.206 -0.868 -2.219 -2.930 -3.526 -4.354 -5.019 -5.105
0.00042777 -1.56000 10.00000 0.8536950350 2.4361531734    0.792  3.095  3.6374  0.744    7  0.000  0.438     0.00     0.00 -1    -1e-30      0.00 7.422e-01 2.574e-01 6.413e-05 3.817e-05 1.950e-04 -1.000 4.489e-04 -2.967 0.253 -0.903 -2.302 -3.035 -3.645 -4.493 -5.172 -5.260
0.00042777 -1.56000 10.00000 0.8536978960 2.4361541271    0.792  3.168  3.6314  0.646    7  0.000  0.436     0.00     0.00 -1    -1e-30      0.00 7.420e-01 2.576e-01 6.384e-05 3.883e-05 1.946e-04 -1.000 4.487e-04 -3.151 0.326 -0.951 -2.420 -3.186 -3.817 -4.695 -5.395 -5.487
0.00042777 -1.56000 10.00000 0.8536981344 2.4361541271    0.792  3.191  3.6294  0.615    7  0.000  0.436     0.00     0.00 -1    -1e-30      0.00 7.420e-01 2.576e-01 6.383e-05 3.886e-05 1.946e-04 -1.000 4.487e-04 -3.208 0.353 -0.963 -2.455 -3.232 -3.870 -4.757 -5.464 -5.558
0.00042777 -1.56000 10.00000 0.8536983132 2.4361541271    0.792  3.220  3.6268  0.575    7  0.000  0.434     0.00     0.00 -1    -1e-30      0.00 7.418e-01 2.578e-01 6.326e-05 4.021e-05 1.937e-04 -1.000 4.487e-04 -3.281 0.391 -0.977 -2.497 -3.288 -3.937 -4.837 -5.553 -5.649
0.00042777 -1.56000 10.00000 0.8536986113 2.4361543655    0.792  3.264  3.6229  0.516    7  0.000  0.433     0.00     0.00 -1    -1e-30      0.00 7.415e-01 2.580e-01 6.271e-05 4.166e-05 1.928e-04 -1.000 4.487e-04 -3.390 0.449 -0.995 -2.559 -3.373 -4.035 -4.956 -5.686 -5.785
0.00042777 -1.56000 10.00000 0.8536991477 2.4361546040    0.792  3.304  3.6195  0.463    7  0.000  0.432     0.00     0.00 -1    -1e-30      0.00 7.414e-01 2.581e-01 6.246e-05 4.246e-05 1.922e-04 -1.000 4.489e-04 -3.489 0.507 -1.005 -2.612 -3.448 -4.125 -5.063 -5.806 -5.908
0.00042777 -1.56000 10.00000 0.8536993265 2.4361546040    0.792  3.310  3.6189  0.455    7  0.549  0.432     0.00     0.00 -1    -1e-30      0.00 7.414e-01 2.582e-01 6.242e-05 4.258e-05 1.921e-04 -1.000 4.489e-04 -3.504 0.516 -1.006 -2.619 -3.459 -4.139 -5.080 -5.824 -5.927
0.00042777 -1.56000 10.00000 0.8536994457 2.4361546040    0.792  3.414  3.6091  0.311    8  0.549  0.390    87.27    43.27  1 -1.06e-06      0.00 7.290e-01 2.706e-01 6.375e-05 5.931e-05 2.177e-04 -1.000 3.690e-04 -3.766 0.712 -0.997 -2.731 -3.641 -4.366 -5.364 -6.144 -6.257
0.00042777 -1.56000 10.00000 0.8536995053 2.4361546040    0.791  3.270  3.6193  0.495    8  0.549  0.390    58.64    30.66  1  -5.5e-07      0.00 7.290e-01 2.706e-01 6.375e-05 5.931e-05 2.177e-04 -1.000 3.690e-04 -3.405 0.558 -0.939 -2.534 -3.365 -4.039 -4.978 -5.722 -5.824
0.00042777 -1.56000 10.00000 0.8536995649 2.4361546040    0.790  3.131  3.6320  0.684    8  0.549  0.390    39.00    21.53  1 -2.86e-07      0.00 7.290e-01 2.706e-01 6.375e-05 5.931e-05 2.177e-04 -1.000 3.690e-04 -3.057 0.365 -0.884 -2.337 -3.096 -3.724 -4.598 -5.296 -5.389
0.00042777 -1.56000 10.00000 0.8536997437 2.4361546040    0.787  2.931  3.6501  0.955    8  0.549  0.390    21.74    12.97  1 -1.08e-07      0.00 7.290e-01 2.706e-01 6.375e-05 5.931e-05 2.177e-04 -1.000 3.690e-04 -2.558 0.141 -0.768 -2.021 -2.687 -3.254 -4.044 -4.682 -4.762
0.00042777 -1.56000 10.00000 0.8537000418 2.4361548424    0.782  2.936  3.6495  0.945    8  0.549  0.390    22.22    13.18  1 -1.13e-07      0.00 7.290e-01 2.706e-01 6.375e-05 5.931e-05 2.177e-04 -1.000 3.690e-04 -2.571 0.151 -0.769 -2.028 -2.698 -3.267 -4.059 -4.699 -4.780
0.00042777 -1.56000 10.00000 0.8537003398 2.4361548424    0.777  3.029  3.6409  0.815    8  0.550  0.390    29.44    16.76  1 -1.84e-07      0.00 7.290e-01 2.706e-01 6.375e-05 5.931e-05 2.177e-04 -1.000 3.690e-04 -2.803 0.258 -0.822 -2.177 -2.890 -3.487 -4.318 -4.986 -5.072
0.00042777 -1.56000 10.00000 0.8537006974 2.4361548424    0.770  3.180  3.6270  0.604    8  0.550  0.390    46.38    24.73  1 -3.92e-07      0.00 7.290e-01 2.706e-01 6.375e-05 5.931e-05 2.177e-04 -1.000 3.690e-04 -3.181 0.455 -0.894 -2.403 -3.190 -3.836 -4.735 -5.451 -5.547
0.00042777 -1.56000 10.00000 0.8537011743 2.4361550808    0.763  3.312  3.6149  0.420    8  0.550  0.390    69.06    34.72  1  -7.5e-07      0.00 7.290e-01 2.706e-01 6.375e-05 5.931e-05 2.177e-04 -1.000 3.690e-04 -3.509 0.671 -0.917 -2.570 -3.434 -4.129 -5.093 -5.853 -5.959
0.00042777 -1.56000 10.00000 0.8537016511 2.4361553192    0.754  3.399  3.6068  0.296    8  0.551  0.390    90.35    43.55  1 -1.16e-06      0.00 7.290e-01 2.706e-01 6.375e-05 5.931e-05 2.177e-04 -1.000 3.690e-04 -3.727 0.839 -0.905 -2.660 -3.583 -4.318 -5.328 -6.118 -6.233
0.00042777 -1.56000 10.00000 0.8537022471 2.4361553192    0.744  3.446  3.6022  0.224    8  0.551  0.390   105.57    49.47  1  -1.5e-06      0.00 7.290e-01 2.706e-01 6.375e-05 5.931e-05 2.177e-04 -1.000 3.690e-04 -3.846 0.942 -0.890 -2.704 -3.662 -4.420 -5.457 -6.263 -6.385
0.00042777 -1.56000 10.00000 0.8537029028 2.4361555576    0.734  3.471  3.5997  0.183    8  0.552  0.390   115.44    53.02  1 -1.75e-06      0.00 7.290e-01 2.706e-01 6.375e-05 5.931e-05 2.177e-04 -1.000 3.690e-04 -3.908 1.006 -0.875 -2.722 -3.700 -4.471 -5.524 -6.339 -6.464
0.00042777 -1.56000 10.00000 0.8537036180 2.4361557961    0.722  3.487  3.5984  0.155    8  0.552  0.390   122.91    55.44  0 -1.98e-06      0.00 7.290e-01 2.706e-01 6.375e-05 5.931e-05 2.177e-04 -1.000 3.690e-04 -3.948 1.040 -0.869 -2.736 -3.726 -4.506 -5.567 -6.387 -6.514
0.00042777 -1.56000 10.00000 0.8537063599 2.4361567497    0.554 -9.999  4.0000  1.705    9  0.554  0.000     0.00     0.00 -1    -1e-30      0.00 7.290e-01 2.706e-01 6.375e-05 5.931e-05 2.177e-04 -1.000 3.690e-04 29.767 29.791 30.042 30.092 30.085 30.076 30.121 30.117 30.133
#isochrone terminated
