# File generated by CMD 3.3 (http://stev.oapd.inaf.it/cmd) on Sun Jun  7 12:16:48 CEST 2020
# isochrones based on PARSEC release v1.2S +  COLIBRI S_35
# Basic references: Bressan et al. (2012), MNRAS, 427, 127 + Chen et al. (2014, 2015), MNRAS, 444, 2525 + MNRAS, 452, 1068 + Tang et al. (2014), MNRAS, 445, 4287 + Marigo et al. (2017), ApJ, 835, 77 + Pastorelli al. (2019), MNRAS in press
# Thermal pulse cycles included 
# On RGB, assumed Reimers mass loss with efficiency eta=0.2
# Photometric system: <i>UBVRIJHK</i> (cf. Maiz-Apellaniz 2006 + Bessell 1990)
# Using YBC version of bolometric corrections as in Chen et al. (2019)
# O-rich circumstellar dpmod60alox40 dust from Groenewegen (2006)
# C-rich circumstellar AMCSIC15 dust from Groenewegen (2006)
# IMF: Kroupa (2001, 2002) + Kroupa et al. (2013) canonical two-part-power law IMF corrected for unresolved binaries 
# Kind of output: isochrone tables
# Zini     MH   logAge Mini        int_IMF         Mass   logL    logTe  logg  label   McoreTP C_O  period0 period1 pmode  Mloss  tau1m   X   Y   Xc  Xn  Xo  Cexcess  Z 	 mbolmag  Umag    Bmag    Vmag    Rmag    Imag    Jmag    Hmag    Kmag
0.00042777 -1.56000 10.04139 0.0900000036 1.0816895962    0.090 -3.187  3.4768  5.438    1  0.000  0.545     0.00     0.00 -1 -5.21e-17      0.00 7.483e-01 2.513e-01 8.072e-05 2.178e-05 1.975e-04 -1.000 4.489e-04 12.737 20.115 17.354 15.350 13.657 12.048 10.751 10.457 10.361
0.00042777 -1.56000 10.04139 0.0960140005 1.1369200945    0.096 -3.000  3.5036  5.387    1  0.000  0.545     0.00     0.00 -1 -8.23e-17      0.00 7.472e-01 2.524e-01 8.072e-05 2.178e-05 1.975e-04 -1.000 4.489e-04 12.270 18.404 16.210 14.288 12.900 11.575 10.377 9.970 9.848
0.00042777 -1.56000 10.04139 0.1000000015 1.1711064577    0.100 -2.883  3.5205  5.354    1  0.000  0.545     0.00     0.00 -1  -1.1e-16      0.00 7.465e-01 2.531e-01 8.072e-05 2.178e-05 1.975e-04 -1.000 4.489e-04 11.976 17.423 15.533 13.704 12.447 11.279 10.141 9.682 9.544
0.00042777 -1.56000 10.04139 0.1199999973 1.3193154335    0.120 -2.595  3.5516  5.271    1  0.000  0.545     0.00     0.00 -1 -2.13e-16      0.00 7.440e-01 2.556e-01 8.072e-05 2.178e-05 1.975e-04 -1.000 4.490e-04 11.259 15.643 14.184 12.581 11.488 10.555 9.525 9.003 8.842
0.00042777 -1.56000 10.04139 0.1400000006 1.4384527206    0.140 -2.414  3.5668  5.217    1  0.000  0.545     0.00     0.00 -1 -3.19e-16      0.00 7.422e-01 2.574e-01 8.072e-05 2.178e-05 1.975e-04 -1.000 4.490e-04 10.805 14.733 13.455 11.966 10.940 10.100 9.121 8.579 8.406
0.00042777 -1.56000 10.04139 0.1599999964 1.5372931957    0.160 -2.272  3.5769  5.174    1  0.000  0.545     0.00     0.00 -1 -4.35e-16      0.00 7.408e-01 2.587e-01 8.072e-05 2.178e-05 1.975e-04 -1.000 4.489e-04 10.450 14.104 12.932 11.516 10.534 9.744 8.798 8.246 8.066
0.00042777 -1.56000 10.04139 0.2000000179 1.6938792467    0.200 -2.051  3.5900  5.102    1  0.000  0.545     0.00     0.00 -1 -7.02e-16      0.00 7.397e-01 2.599e-01 8.072e-05 2.178e-05 1.975e-04 -1.000 4.489e-04 9.899 13.210 12.172 10.849 9.927 9.191 8.286 7.725 7.537
0.00042777 -1.56000 10.04139 0.2500000298 1.8403259516    0.250 -1.847  3.6011  5.039    1  0.000  0.545     0.00     0.00 -1 -1.08e-15      0.00 7.396e-01 2.599e-01 8.072e-05 2.178e-05 1.975e-04 -1.000 4.490e-04 9.388 12.442 11.502 10.249 9.377 8.678 7.807 7.243 7.055
0.00042777 -1.56000 10.04139 0.3000000417 1.9529141188    0.300 -1.691  3.6097  4.997    1  0.000  0.545     0.00     0.00 -1 -1.48e-15      0.00 7.398e-01 2.598e-01 8.070e-05 2.178e-05 1.975e-04 -1.000 4.489e-04 8.999 11.865 10.994 9.794 8.960 8.286 7.441 6.876 6.692
0.00042777 -1.56000 10.04139 0.3221843243 1.9953198433    0.322 -1.633  3.6132  4.984    1  0.000  0.545     0.00     0.00 -1 -1.66e-15      0.00 7.398e-01 2.598e-01 8.069e-05 2.178e-05 1.975e-04 -1.000 4.488e-04 8.853 11.650 10.804 9.624 8.803 8.140 7.305 6.739 6.559
0.00042777 -1.56000 10.04139 0.3500000238 2.0434176922    0.350 -1.565  3.6172  4.968    1  0.000  0.545     0.00     0.00 -1  -1.9e-15      0.00 7.398e-01 2.597e-01 8.067e-05 2.178e-05 1.975e-04 -1.000 4.489e-04 8.683 11.400 10.584 9.426 8.621 7.969 7.146 6.580 6.403
0.00042777 -1.56000 10.04139 0.3954932392 2.1122472286    0.395 -1.438  3.6271  4.933    1  0.000  0.545     0.00     0.00 -1 -2.49e-15      0.00 7.494e-01 2.502e-01 8.072e-05 2.178e-05 1.975e-04 -1.000 4.488e-04 8.365 10.889 10.143 9.038 8.274 7.650 6.854 6.289 6.124
0.00042777 -1.56000 10.04139 0.4000000358 2.1185026169    0.400 -1.426  3.6280  4.930    1  0.000  0.545     0.00     0.00 -1 -2.56e-15      0.00 7.503e-01 2.493e-01 8.072e-05 2.178e-05 1.975e-04 -1.000 4.489e-04 8.335 10.841 10.102 9.002 8.242 7.620 6.827 6.262 6.098
0.00042777 -1.56000 10.04139 0.4500000477 2.1822810173    0.450 -1.256  3.6461  4.883    1  0.000  0.545     0.00     0.00 -1 -3.76e-15      0.00 7.505e-01 2.491e-01 8.072e-05 2.178e-05 1.975e-04 -1.000 4.490e-04 7.909 10.081 9.469 8.460 7.769 7.195 6.450 5.897 5.754
0.00042777 -1.56000 10.04139 0.4842538536 2.2208817005    0.484 -1.123  3.6631  4.851    1  0.000  0.545     0.00     0.00 -1 -5.11e-15      0.00 7.505e-01 2.491e-01 8.072e-05 2.178e-05 1.975e-04 -1.000 4.489e-04 7.578 9.439 8.956 8.027 7.398 6.865 6.168 5.637 5.511
0.00042777 -1.56000 10.04139 0.5000000000 2.2374541759    0.500 -1.065  3.6706  4.836    1  0.000  0.545     0.00     0.00 -1 -5.84e-15      0.00 7.505e-01 2.491e-01 8.072e-05 2.178e-05 1.975e-04 -1.000 4.489e-04 7.433 9.156 8.736 7.840 7.238 6.723 6.047 5.528 5.410
0.00042777 -1.56000 10.04139 0.5500000715 2.2836585045    0.550 -0.856  3.6946  4.765    1  0.000  0.544     0.00     0.00 -1 -9.78e-15      0.00 7.820e-01 2.176e-01 7.116e-05 1.921e-05 1.743e-04 -1.000 3.528e-04 6.911 8.217 8.004 7.205 6.679 6.212 5.609 5.141 5.041
0.00042777 -1.56000 10.04139 0.6000000238 2.3211214542    0.600 -0.652  3.7213  4.705    1  0.000  0.544     0.00     0.00 -1  -1.6e-14      0.00 7.922e-01 2.074e-01 6.823e-05 1.843e-05 1.673e-04 -1.000 3.650e-04 6.399 7.324 7.307 6.608 6.148 5.727 5.201 4.790 4.707
0.00042777 -1.56000 10.04139 0.6131217480 2.3297965527    0.613 -0.596  3.7292  4.690    1  0.000  0.544     0.00     0.00 -1 -1.83e-14      0.00 7.954e-01 2.042e-01 6.734e-05 1.819e-05 1.652e-04 -1.000 3.753e-04 6.260 7.087 7.119 6.449 6.007 5.600 5.095 4.699 4.621
0.00042777 -1.56000 10.04139 0.6264664531 2.3381917477    0.626 -0.539  3.7372  4.675    1  0.000  0.543     0.00     0.00 -1 -2.11e-14      0.00 7.988e-01 2.009e-01 6.638e-05 1.793e-05 1.629e-04 -1.000 3.596e-04 6.118 6.856 6.932 6.291 5.866 5.471 4.986 4.605 4.532
0.00042777 -1.56000 10.04139 0.6378876567 2.3450570107    0.638 -0.490  3.7439  4.660    1  0.000  0.543     0.00     0.00 -1 -2.38e-14      0.00 8.018e-01 1.978e-01 6.553e-05 1.771e-05 1.608e-04 -1.000 3.600e-04 5.995 6.666 6.774 6.157 5.746 5.361 4.893 4.522 4.455
0.00042777 -1.56000 10.04139 0.6489380002 2.3514356613    0.649 -0.442  3.7504  4.646    1  0.000  0.543     0.00     0.00 -1 -2.67e-14      0.00 8.049e-01 1.947e-01 6.467e-05 1.748e-05 1.587e-04 -1.000 3.640e-04 5.876 6.485 6.623 6.029 5.630 5.256 4.803 4.441 4.379
0.00042777 -1.56000 10.04139 0.6499999762 2.3520355225    0.650 -0.438  3.7510  4.644    1  0.000  0.543     0.00     0.00 -1  -2.7e-14      0.00 8.052e-01 1.945e-01 6.458e-05 1.746e-05 1.586e-04 -1.000 3.596e-04 5.865 6.468 6.608 6.016 5.619 5.246 4.794 4.434 4.371
0.00042777 -1.56000 10.04139 0.6615748405 2.3584303856    0.661 -0.387  3.7571  4.626    1  0.000  0.543     0.00     0.00 -1 -3.07e-14      0.00 8.093e-01 1.904e-01 6.344e-05 1.715e-05 1.558e-04 -1.000 3.579e-04 5.738 6.285 6.451 5.883 5.498 5.136 4.698 4.346 4.289
0.00042777 -1.56000 10.04139 0.6749452949 2.3655042648    0.675 -0.328  3.7641  4.604    1  0.000  0.542     0.00     0.00 -1 -3.58e-14      0.00 8.143e-01 1.854e-01 6.203e-05 1.678e-05 1.525e-04 -1.000 3.660e-04 5.591 6.080 6.271 5.728 5.358 5.007 4.584 4.241 4.190
0.00042777 -1.56000 10.04139 0.6873230934 2.3717715740    0.687 -0.273  3.7703  4.581    1  0.000  0.542     0.00     0.00 -1 -4.14e-14      0.00 8.193e-01 1.804e-01 6.063e-05 1.641e-05 1.491e-04 -1.000 3.639e-04 5.451 5.894 6.104 5.584 5.226 4.885 4.475 4.141 4.095
0.00042777 -1.56000 10.04139 0.6986937523 2.3773043156    0.698 -0.220  3.7759  4.558    1  0.000  0.542     0.00     0.00 -1 -4.73e-14      0.00 8.242e-01 1.755e-01 5.926e-05 1.604e-05 1.459e-04 -1.000 3.488e-04 5.321 5.726 5.950 5.450 5.103 4.771 4.373 4.046 4.005
0.00042777 -1.56000 10.04139 0.6999999881 2.3779268265    0.700 -0.214  3.7766  4.555    1  0.000  0.542     0.00     0.00 -1 -4.83e-14      0.00 8.248e-01 1.749e-01 5.910e-05 1.600e-05 1.455e-04 -1.000 3.390e-04 5.305 5.706 5.932 5.434 5.088 4.757 4.360 4.035 3.994
0.00042777 -1.56000 10.04139 0.7093939781 2.3823251724    0.709 -0.169  3.7809  4.534    1  0.000  0.540     0.00     0.00 -1 -5.45e-14      0.00 8.300e-01 1.697e-01 5.748e-05 1.560e-05 1.420e-04 -1.000 2.658e-04 5.193 5.566 5.801 5.319 4.982 4.658 4.270 3.951 3.913
0.00042777 -1.56000 10.04139 0.7198749781 2.3870770931    0.720 -0.117  3.7857  4.507    1  0.000  0.538     0.00     0.00 -1 -6.28e-14      0.00 8.359e-01 1.638e-01 5.567e-05 1.516e-05 1.380e-04 -1.000 2.761e-04 5.064 5.413 5.654 5.187 4.859 4.543 4.165 3.852 3.819
0.00042777 -1.56000 10.04139 0.7297551632 2.3914132118    0.729 -0.067  3.7900  4.480    1  0.000  0.536     0.00     0.00 -1 -7.24e-14      0.00 8.414e-01 1.583e-01 5.402e-05 1.475e-05 1.344e-04 -1.000 2.727e-04 4.936 5.265 5.509 5.058 4.738 4.430 4.060 3.754 3.723
0.00042777 -1.56000 10.04139 0.7384269238 2.3951091766    0.738 -0.020  3.7937  4.453    1  0.000  0.534     0.00     0.00 -1 -8.26e-14      0.00 8.461e-01 1.536e-01 5.264e-05 1.441e-05 1.315e-04 -1.000 2.698e-04 4.820 5.133 5.378 4.939 4.626 4.324 3.962 3.662 3.634
0.00042777 -1.56000 10.04139 0.7469888330 2.3986618519    0.747  0.029  3.7973  4.423    1  0.000  0.532     0.00     0.00 -1 -9.48e-14      0.00 8.504e-01 1.493e-01 5.138e-05 1.411e-05 1.288e-04 -1.000 2.702e-04 4.698 4.998 5.242 4.815 4.509 4.213 3.859 3.565 3.539
0.00042777 -1.56000 10.04139 0.7500000000 2.3998889923    0.749  0.046  3.7985  4.413    1  0.000  0.531     0.00     0.00 -1 -9.97e-14      0.00 8.519e-01 1.478e-01 5.096e-05 1.401e-05 1.279e-04 -1.000 2.659e-04 4.655 4.951 5.194 4.771 4.468 4.173 3.822 3.530 3.505
0.00042777 -1.56000 10.04139 0.7501698732 2.3999578953    0.750  0.047  3.7985  4.412    1  0.000  0.531     0.00     0.00 -1 -9.99e-14      0.00 8.520e-01 1.478e-01 5.095e-05 1.400e-05 1.278e-04 -1.000 2.659e-04 4.653 4.948 5.192 4.769 4.465 4.171 3.820 3.528 3.503
0.00042777 -1.56000 10.04139 0.7585141063 2.4032986164    0.758  0.097  3.8019  4.380    1  0.000  0.531     0.00     0.00 -1 -1.16e-13      0.00 8.540e-01 1.458e-01 5.066e-05 1.393e-05 1.272e-04 -1.000 2.688e-04 4.527 4.811 5.052 4.639 4.343 4.055 3.711 3.425 3.402
0.00042777 -1.56000 10.04139 0.7664765716 2.4064085484    0.766  0.149  3.8051  4.345    1  0.000  0.530     0.00     0.00 -1 -1.35e-13      0.00 8.557e-01 1.440e-01 5.042e-05 1.387e-05 1.268e-04 -1.000 2.776e-04 4.398 4.674 4.910 4.508 4.218 3.935 3.598 3.318 3.297
0.00042777 -1.56000 10.04139 0.7738155723 2.4092097282    0.773  0.199  3.8078  4.310    1  0.000  0.530     0.00     0.00 -1 -1.57e-13      0.00 8.571e-01 1.426e-01 5.024e-05 1.383e-05 1.264e-04 -1.000 2.747e-04 4.271 4.541 4.772 4.379 4.094 3.816 3.486 3.211 3.191
0.00042777 -1.56000 10.04139 0.7805322409 2.4117205143    0.780  0.249  3.8101  4.273    1  0.000  0.529     0.00     0.00 -1 -1.83e-13      0.00 8.583e-01 1.414e-01 5.010e-05 1.379e-05 1.262e-04 -1.000 2.660e-04 4.148 4.413 4.638 4.252 3.972 3.698 3.373 3.104 3.085
0.00042777 -1.56000 10.04139 0.7866782546 2.4139747620    0.786  0.297  3.8119  4.236    1  0.000  0.529     0.00     0.00 -1 -2.12e-13      0.00 8.591e-01 1.406e-01 5.005e-05 1.379e-05 1.261e-04 -1.000 2.983e-04 4.027 4.290 4.509 4.129 3.853 3.582 3.261 2.995 2.977
0.00042777 -1.56000 10.04139 0.7924033403 2.4160385132    0.791  0.345  3.8130  4.195    1  0.000  0.529     0.00     0.00 -1 -2.48e-13      0.00 8.588e-01 1.409e-01 5.027e-05 1.385e-05 1.267e-04 -1.000 3.274e-04 3.907 4.170 4.382 4.006 3.733 3.465 3.146 2.883 2.865
0.00042777 -1.56000 10.04139 0.7963256836 2.4174327850    0.795  0.379  3.8136  4.165    1  0.000  0.529     0.00     0.00 -1 -2.77e-13      0.00 8.583e-01 1.413e-01 5.048e-05 1.391e-05 1.273e-04 -1.000 3.430e-04 3.822 4.085 4.293 3.920 3.648 3.381 3.064 2.802 2.784
0.00042777 -1.56000 10.04139 0.7978382111 2.4179661274    0.797  0.394  3.8134  4.151    1  0.000  0.529     0.00     0.00 -1 -2.92e-13      0.00 8.581e-01 1.416e-01 5.058e-05 1.393e-05 1.275e-04 -1.000 3.454e-04 3.785 4.050 4.256 3.883 3.611 3.344 3.026 2.765 2.747
0.00042777 -1.56000 10.04139 0.8000000119 2.4187245369    0.799  0.416  3.8130  4.128    1  0.000  0.529     0.00     0.00 -1 -3.14e-13      0.00 8.578e-01 1.419e-01 5.071e-05 1.397e-05 1.278e-04 -1.000 3.489e-04 3.730 3.997 4.201 3.827 3.555 3.287 2.969 2.707 2.689
0.00042777 -1.56000 10.04139 0.8036093712 2.4199802876    0.802  0.453  3.8122  4.090    1  0.000  0.529     0.00     0.00 -1 -3.55e-13      0.00 8.566e-01 1.430e-01 5.110e-05 1.408e-05 1.288e-04 -1.000 3.502e-04 3.637 3.908 4.109 3.734 3.460 3.192 2.872 2.608 2.590
0.00042777 -1.56000 10.04139 0.8080862164 2.4215199947    0.807  0.507  3.8089  4.025    1  0.000  0.529     0.00     0.00 -1 -4.32e-13      0.00 8.551e-01 1.445e-01 5.158e-05 1.421e-05 1.300e-04 -1.000 3.517e-04 3.503 3.785 3.983 3.601 3.322 3.048 2.721 2.451 2.432
0.00042777 -1.56000 10.04139 0.8088433743 2.4217784405    0.807  0.517  3.8080  4.012    1  0.000  0.529     0.00     0.00 -1 -4.52e-13      0.00 8.549e-01 1.448e-01 5.166e-05 1.423e-05 1.302e-04 -1.000 3.520e-04 3.478 3.763 3.960 3.576 3.296 3.021 2.691 2.420 2.400
0.00042777 -1.56000 10.04139 0.8095487356 2.4220187664    0.808  0.527  3.8068  3.998    1  0.000  0.529     0.00     0.00 -1  -4.7e-13      0.00 8.547e-01 1.450e-01 5.174e-05 1.425e-05 1.304e-04 -1.000 3.522e-04 3.452 3.741 3.938 3.551 3.268 2.992 2.659 2.386 2.365
0.00042777 -1.56000 10.04139 0.8119190931 2.4228227139    0.810  0.564  3.8018  3.942    2  0.000  0.529     0.00     0.00 -1 -5.41e-13      0.00 8.539e-01 1.457e-01 5.199e-05 1.432e-05 1.310e-04 -1.000 3.530e-04 3.361 3.666 3.863 3.463 3.172 2.887 2.543 2.261 2.238
0.00042777 -1.56000 10.04139 0.8137255907 2.4234316349    0.812  0.595  3.7960  3.889    2  0.000  0.529     0.00     0.00 -1 -6.18e-13      0.00 8.533e-01 1.463e-01 5.218e-05 1.438e-05 1.315e-04 -1.000 3.536e-04 3.282 3.609 3.804 3.388 3.087 2.793 2.436 2.143 2.117
0.00042777 -1.56000 10.04139 0.8151352406 2.4239048958    0.814  0.623  3.7889  3.833    2  0.000  0.529     0.00     0.00 -1 -7.03e-13      0.00 8.529e-01 1.468e-01 5.233e-05 1.442e-05 1.319e-04 -1.000 3.542e-04 3.212 3.567 3.760 3.324 3.010 2.705 2.331 2.024 1.995
0.00042777 -1.56000 10.04139 0.8162692189 2.4242842197    0.815  0.647  3.7815  3.780    2  0.000  0.530     0.00     0.00 -1  -7.9e-13      0.00 8.434e-01 1.562e-01 5.530e-05 1.522e-05 1.392e-04 -1.000 3.495e-04 3.152 3.539 3.729 3.270 2.942 2.625 2.235 1.915 1.881
0.00042777 -1.56000 10.04139 0.8172135949 2.4245989323    0.815  0.669  3.7739  3.729    2  0.000  0.531     0.00     0.00 -1  -8.8e-13      0.00 8.271e-01 1.725e-01 5.995e-05 1.648e-05 1.504e-04 -1.000 3.377e-04 3.099 3.526 3.707 3.225 2.883 2.553 2.145 1.811 1.773
0.00042777 -1.56000 10.04139 0.8180362582 2.4248726368    0.816  0.689  3.7667  3.680    2  0.000  0.533     0.00     0.00 -1 -9.75e-13      0.00 8.068e-01 1.929e-01 6.513e-05 1.787e-05 1.628e-04 -1.000 3.632e-04 3.048 3.517 3.689 3.182 2.827 2.485 2.060 1.713 1.670
0.00042777 -1.56000 10.04139 0.8187951446 2.4251244068    0.817  0.711  3.7596  3.629    2  0.000  0.535     0.00     0.00 -1 -1.09e-12      0.00 7.898e-01 2.098e-01 6.938e-05 1.900e-05 1.729e-04 -1.000 3.765e-04 2.992 3.504 3.665 3.135 2.766 2.413 1.971 1.612 1.564
0.00042777 -1.56000 10.04139 0.8195568919 2.4253768921    0.818  0.741  3.7527  3.572    2  0.000  0.536     0.00     0.00 -1 -1.24e-12      0.00 7.787e-01 2.209e-01 7.214e-05 1.974e-05 1.795e-04 -1.000 4.038e-04 2.917 3.478 3.624 3.070 2.688 2.324 1.866 1.494 1.441
0.00042777 -1.56000 10.04139 0.8201526403 2.4255738258    0.818  0.773  3.7480  3.522    2  0.000  0.536     0.00     0.00 -1 -1.42e-12      0.00 7.732e-01 2.264e-01 7.353e-05 2.011e-05 1.828e-04 -1.000 4.126e-04 2.837 3.432 3.567 2.998 2.607 2.235 1.766 1.386 1.329
0.00042777 -1.56000 10.04139 0.8207422495 2.4257683754    0.819  0.811  3.7440  3.468    2  0.000  0.536     0.00     0.00 -1 -1.65e-12      0.00 7.693e-01 2.303e-01 7.451e-05 2.037e-05 1.852e-04 -1.000 3.659e-04 2.743 3.368 3.493 2.910 2.512 2.133 1.654 1.266 1.207
0.00042777 -1.56000 10.04139 0.8209294081 2.4258298874    0.819  0.826  3.7430  3.450    2  0.000  0.537     0.00     0.00 -1 -1.74e-12      0.00 7.684e-01 2.312e-01 7.472e-05 2.042e-05 1.857e-04 -1.000 3.843e-04 2.706 3.338 3.461 2.874 2.475 2.094 1.612 1.224 1.163
0.00042777 -1.56000 10.04139 0.8214316368 2.4259953499    0.819  0.867  3.7405  3.399    3  0.000  0.537     0.00     0.00 -1 -2.02e-12      0.00 7.660e-01 2.336e-01 7.523e-05 2.056e-05 1.869e-04 -1.000 4.396e-04 2.603 3.254 3.370 2.776 2.371 1.987 1.499 1.105 1.043
0.00042777 -1.56000 10.04139 0.8219808936 2.4261760712    0.820  0.916  3.7381  3.341    3  0.000  0.537     0.00     0.00 -1 -2.42e-12      0.00 7.637e-01 2.359e-01 7.568e-05 2.068e-05 1.880e-04 -1.000 4.255e-04 2.481 3.154 3.260 2.658 2.250 1.862 1.366 0.967 0.904
0.00042777 -1.56000 10.04139 0.8224472404 2.4263291359    0.820  0.961  3.7363  3.289    3  0.000  0.537     0.00     0.00 -1 -2.84e-12      0.00 7.618e-01 2.378e-01 7.600e-05 2.077e-05 1.888e-04 -1.000 4.254e-04 2.368 3.058 3.158 2.549 2.138 1.747 1.246 0.842 0.778
0.00042777 -1.56000 10.04139 0.8228928447 2.4264752865    0.821  1.007  3.7346  3.236    3  0.000  0.537     0.00     0.00 -1 -3.36e-12      0.00 7.600e-01 2.395e-01 7.625e-05 2.084e-05 1.894e-04 -1.000 4.489e-04 2.253 2.959 3.052 2.438 2.023 1.630 1.124 0.716 0.651
0.00042777 -1.56000 10.04139 0.8233454227 2.4266235828    0.821  1.057  3.7330  3.179    3  0.000  0.537     0.00     0.00 -1 -4.02e-12      0.00 7.582e-01 2.413e-01 7.643e-05 2.091e-05 1.900e-04 -1.000 4.349e-04 2.128 2.848 2.934 2.316 1.898 1.502 0.991 0.578 0.513
0.00042777 -1.56000 10.04139 0.8237613440 2.4267594814    0.821  1.107  3.7314  3.123    3  0.000  0.536     0.00     0.00 -1 -4.81e-12      0.00 7.566e-01 2.430e-01 7.651e-05 2.099e-05 1.904e-04 -1.000 4.263e-04 2.003 2.737 2.818 2.194 1.774 1.375 0.859 0.442 0.377
0.00042777 -1.56000 10.04139 0.8241347075 2.4268815517    0.822  1.155  3.7299  3.069    3  0.000  0.535     0.00     0.00 -1 -5.73e-12      0.00 7.550e-01 2.446e-01 7.647e-05 2.109e-05 1.907e-04 -1.000 4.207e-04 1.882 2.629 2.705 2.076 1.653 1.252 0.731 0.310 0.244
0.00042777 -1.56000 10.04139 0.8244611621 2.4269881248    0.822  1.201  3.7284  3.017    3  0.000  0.533     0.00     0.00 -1 -6.75e-12      0.00 7.537e-01 2.459e-01 7.632e-05 2.124e-05 1.910e-04 -1.000 4.225e-04 1.767 2.528 2.598 1.965 1.540 1.136 0.611 0.186 0.119
0.00042777 -1.56000 10.04139 0.8247792125 2.4270918369    0.822  1.250  3.7269  2.963    3  0.000  0.531     0.00     0.00 -1 -8.05e-12      0.00 7.524e-01 2.472e-01 7.604e-05 2.150e-05 1.912e-04 -1.000 4.477e-04 1.645 2.421 2.485 1.846 1.419 1.013 0.483 0.054 -0.013
0.00042777 -1.56000 10.04139 0.8250842094 2.4271912575    0.822  1.301  3.7253  2.905    3  0.000  0.527     0.00     0.00 -1 -9.67e-12      0.00 7.513e-01 2.483e-01 7.566e-05 2.186e-05 1.914e-04 -1.000 4.334e-04 1.518 2.311 2.366 1.722 1.292 0.883 0.348 -0.085 -0.153
0.00042777 -1.56000 10.04139 0.8253400326 2.4272747040    0.822  1.347  3.7238  2.853    3  0.000  0.525     0.00     0.00 -1 -1.14e-11      0.00 7.504e-01 2.492e-01 7.528e-05 2.225e-05 1.915e-04 -1.000 4.207e-04 1.401 2.210 2.258 1.609 1.176 0.765 0.226 -0.211 -0.280
0.00042777 -1.56000 10.04139 0.8255732656 2.4273505211    0.823  1.394  3.7223  2.801    3  0.000  0.522     0.00     0.00 -1 -1.35e-11      0.00 7.497e-01 2.499e-01 7.491e-05 2.265e-05 1.916e-04 -1.000 4.462e-04 1.286 2.109 2.151 1.497 1.062 0.648 0.104 -0.337 -0.406
0.00042777 -1.56000 10.04139 0.8257926702 2.4274218082    0.823  1.441  3.7206  2.747    3  0.000  0.519     0.00     0.00 -1  -1.6e-11      0.00 7.491e-01 2.505e-01 7.458e-05 2.302e-05 1.917e-04 -1.000 4.364e-04 1.168 2.007 2.043 1.383 0.944 0.528 -0.021 -0.466 -0.535
0.00042777 -1.56000 10.04139 0.8259866238 2.4274849892    0.823  1.486  3.7190  2.695    3  0.000  0.517     0.00     0.00 -1 -1.89e-11      0.00 7.487e-01 2.509e-01 7.434e-05 2.329e-05 1.918e-04 -1.000 4.300e-04 1.054 1.911 1.939 1.273 0.832 0.413 -0.141 -0.590 -0.661
0.00042777 -1.56000 10.04139 0.8261710405 2.4275448322    0.823  1.534  3.7173  2.641    3  0.000  0.516     0.00     0.00 -1 -2.24e-11      0.00 7.484e-01 2.511e-01 7.416e-05 2.351e-05 1.918e-04 -1.000 4.397e-04 0.936 1.811 1.831 1.160 0.715 0.294 -0.266 -0.720 -0.791
0.00042777 -1.56000 10.04139 0.8263336420 2.4275975227    0.823  1.579  3.7156  2.589    3  0.000  0.515     0.00     0.00 -1 -2.64e-11      0.00 7.482e-01 2.513e-01 7.404e-05 2.365e-05 1.919e-04 -1.000 4.489e-04 0.823 1.715 1.728 1.050 0.603 0.178 -0.386 -0.845 -0.916
0.00042777 -1.56000 10.04139 0.8264783025 2.4276444912    0.823  1.623  3.7140  2.538    3  0.000  0.515     0.00     0.00 -1  -3.1e-11      0.00 7.481e-01 2.514e-01 7.398e-05 2.372e-05 1.919e-04 -1.000 4.489e-04 0.713 1.623 1.630 0.945 0.495 0.067 -0.503 -0.966 -1.038
0.00042777 -1.56000 10.04139 0.8266161680 2.4276893139    0.822  1.668  3.7122  2.486    3  0.000  0.515     0.00     0.00 -1 -3.65e-11      0.00 7.481e-01 2.515e-01 7.396e-05 2.375e-05 1.919e-04 -1.000 4.489e-04 0.599 1.529 1.527 0.836 0.382 -0.048 -0.624 -1.091 -1.164
0.00042777 -1.56000 10.04139 0.8267409801 2.4277298450    0.822  1.713  3.7104  2.434    3  0.000  0.515     0.00     0.00 -1  -4.3e-11      0.00 7.481e-01 2.515e-01 7.395e-05 2.376e-05 1.919e-04 -1.000 4.489e-04 0.487 1.440 1.427 0.728 0.271 -0.163 -0.743 -1.215 -1.288
0.00042777 -1.56000 10.04139 0.8268508315 2.4277653694    0.822  1.756  3.7087  2.384    3  0.000  0.514     0.00     0.00 -1 -5.03e-11      0.00 7.481e-01 2.515e-01 7.395e-05 2.377e-05 1.919e-04 -1.000 4.489e-04 0.380 1.357 1.332 0.626 0.164 -0.272 -0.858 -1.333 -1.407
0.00042777 -1.56000 10.04139 0.8269518018 2.4277980328    0.822  1.799  3.7069  2.334    3  0.000  0.514     0.00     0.00 -1 -5.87e-11      0.00 7.481e-01 2.515e-01 7.394e-05 2.377e-05 1.919e-04 -1.000 4.489e-04 0.274 1.275 1.239 0.524 0.059 -0.380 -0.971 -1.451 -1.526
0.00042777 -1.56000 10.04139 0.8270493746 2.4278297424    0.822  1.843  3.7051  2.282    3  0.000  0.514     0.00     0.00 -1  -6.9e-11      0.00 7.481e-01 2.515e-01 7.394e-05 2.378e-05 1.919e-04 -1.000 4.489e-04 0.163 1.190 1.142 0.419 -0.051 -0.493 -1.089 -1.574 -1.650
0.00042777 -1.56000 10.04139 0.8271349072 2.4278573990    0.822  1.885  3.7032  2.233    3  0.000  0.514     0.00     0.00 -1 -8.05e-11      0.00 7.480e-01 2.515e-01 7.393e-05 2.378e-05 1.919e-04 -1.000 4.489e-04 0.058 1.111 1.051 0.319 -0.154 -0.600 -1.202 -1.690 -1.767
0.00042777 -1.56000 10.04139 0.8272135854 2.4278829098    0.821  1.926  3.7014  2.184    3  0.000  0.514     0.00     0.00 -1 -9.37e-11      0.00 7.480e-01 2.515e-01 7.393e-05 2.379e-05 1.919e-04 -1.000 4.489e-04 -0.045 1.033 0.961 0.221 -0.256 -0.705 -1.312 -1.806 -1.883
0.00042777 -1.56000 10.04139 0.8272880316 2.4279069901    0.821  1.968  3.6996  2.135    3  0.000  0.514     0.00     0.00 -1 -1.09e-10      0.00 7.480e-01 2.515e-01 7.393e-05 2.379e-05 1.919e-04 -1.000 4.490e-04 -0.150 0.955 0.871 0.122 -0.359 -0.812 -1.425 -1.923 -2.001
0.00042777 -1.56000 10.04139 0.8273535967 2.4279282093    0.821  2.007  3.6977  2.088    3  0.000  0.514     0.00     0.00 -1 -1.26e-10      0.00 7.480e-01 2.515e-01 7.392e-05 2.380e-05 1.919e-04 -1.000 4.489e-04 -0.247 0.885 0.789 0.031 -0.455 -0.911 -1.529 -2.032 -2.111
0.00042777 -1.56000 10.04139 0.8274166584 2.4279487133    0.821  2.044  3.6960  2.044    3  0.000  0.514     0.00     0.00 -1 -1.45e-10      0.00 7.480e-01 2.515e-01 7.392e-05 2.380e-05 1.919e-04 -1.000 4.489e-04 -0.341 0.817 0.709 -0.057 -0.546 -1.006 -1.630 -2.137 -2.217
0.00042777 -1.56000 10.04139 0.8274821639 2.4279696941    0.820  2.078  3.6945  2.004    3  0.000  0.514     0.00     0.00 -1 -1.64e-10      0.00 7.480e-01 2.515e-01 7.392e-05 2.380e-05 1.919e-04 -1.000 4.489e-04 -0.425 0.757 0.638 -0.136 -0.629 -1.091 -1.719 -2.231 -2.311
0.00042777 -1.56000 10.04139 0.8275407553 2.4279887676    0.820  2.102  3.6934  1.975    3  0.000  0.514     0.00     0.00 -1  -1.8e-10      0.00 7.480e-01 2.515e-01 7.392e-05 2.381e-05 1.919e-04 -1.000 4.489e-04 -0.485 0.715 0.588 -0.192 -0.688 -1.152 -1.784 -2.299 -2.379
0.00042777 -1.56000 10.04139 0.8275890350 2.4280045033    0.819  2.086  3.6945  1.996    3  0.000  0.514     0.00     0.00 -1  -1.7e-10      0.00 7.480e-01 2.515e-01 7.391e-05 2.381e-05 1.919e-04 -1.000 4.489e-04 -0.444 0.738 0.619 -0.155 -0.648 -1.110 -1.739 -2.251 -2.330
0.00042777 -1.56000 10.04139 0.8275954723 2.4280064106    0.819  2.084  3.6946  1.998    3  0.000  0.514     0.00     0.00 -1 -1.69e-10      0.00 7.480e-01 2.515e-01 7.391e-05 2.381e-05 1.919e-04 -1.000 4.489e-04 -0.439 0.741 0.623 -0.150 -0.643 -1.105 -1.733 -2.244 -2.324
0.00042777 -1.56000 10.04139 0.8276281357 2.4280171394    0.819  2.110  3.6934  1.967    3  0.000  0.514     0.00     0.00 -1 -1.85e-10      0.00 7.480e-01 2.515e-01 7.391e-05 2.381e-05 1.919e-04 -1.000 4.489e-04 -0.505 0.697 0.568 -0.212 -0.708 -1.172 -1.804 -2.319 -2.400
0.00042777 -1.56000 10.04139 0.8276777864 2.4280331135    0.819  2.152  3.6913  1.916    3  0.000  0.514     0.00     0.00 -1 -2.15e-10      0.00 7.480e-01 2.515e-01 7.391e-05 2.382e-05 1.919e-04 -1.000 4.489e-04 -0.611 0.627 0.481 -0.311 -0.811 -1.280 -1.919 -2.440 -2.521
0.00042777 -1.56000 10.04139 0.8277239799 2.4280481339    0.818  2.194  3.6891  1.865    3  0.000  0.514     0.00     0.00 -1 -2.52e-10      0.00 7.480e-01 2.515e-01 7.391e-05 2.382e-05 1.919e-04 -1.000 4.489e-04 -0.716 0.561 0.396 -0.408 -0.914 -1.387 -2.033 -2.560 -2.642
0.00042777 -1.56000 10.04139 0.8277665377 2.4280617237    0.818  2.236  3.6870  1.815    3  0.000  0.514     0.00     0.00 -1 -2.94e-10      0.00 7.480e-01 2.516e-01 7.391e-05 2.382e-05 1.919e-04 -1.000 4.489e-04 -0.820 0.496 0.313 -0.504 -1.015 -1.492 -2.146 -2.679 -2.762
0.00042777 -1.56000 10.04139 0.8278040290 2.4280738831    0.817  2.276  3.6849  1.766    3  0.000  0.514     0.00     0.00 -1  -3.4e-10      0.00 7.480e-01 2.516e-01 7.390e-05 2.382e-05 1.919e-04 -1.000 4.489e-04 -0.919 0.461 0.241 -0.596 -1.114 -1.594 -2.255 -2.795 -2.876
0.00042777 -1.56000 10.04139 0.8278405070 2.4280858040    0.817  2.317  3.6828  1.716    3  0.000  0.514     0.00     0.00 -1 -3.96e-10      0.00 7.480e-01 2.516e-01 7.390e-05 2.383e-05 1.919e-04 -1.000 4.488e-04 -1.022 0.427 0.168 -0.693 -1.217 -1.700 -2.368 -2.915 -2.995
0.00042777 -1.56000 10.04139 0.8278725743 2.4280960560    0.816  2.355  3.6805  1.669    3  0.000  0.514     0.00     0.00 -1 -4.58e-10      0.00 7.480e-01 2.516e-01 7.390e-05 2.383e-05 1.919e-04 -1.000 4.489e-04 -1.118 0.398 0.102 -0.782 -1.314 -1.801 -2.476 -3.028 -3.108
0.00042777 -1.56000 10.04139 0.8279036880 2.4281060696    0.815  2.395  3.6784  1.620    3  0.000  0.514     0.00     0.00 -1 -5.31e-10      0.00 7.480e-01 2.516e-01 7.390e-05 2.383e-05 1.919e-04 -1.000 4.489e-04 -1.219 0.367 0.033 -0.874 -1.413 -1.904 -2.586 -3.145 -3.223
0.00042777 -1.56000 10.04139 0.8279313445 2.4281151295    0.815  2.434  3.6762  1.572    3  0.000  0.514     0.00     0.00 -1 -6.13e-10      0.00 7.480e-01 2.516e-01 7.390e-05 2.383e-05 1.919e-04 -1.000 4.489e-04 -1.314 0.346 -0.028 -0.960 -1.507 -2.002 -2.692 -3.257 -3.334
0.00042777 -1.56000 10.04139 0.8279634714 2.4281253815    0.814  2.481  3.6734  1.513    3  0.000  0.514     0.00     0.00 -1 -7.32e-10      0.00 7.480e-01 2.516e-01 7.390e-05 2.383e-05 1.919e-04 -1.000 4.489e-04 -1.433 0.323 -0.103 -1.066 -1.624 -2.125 -2.824 -3.396 -3.473
0.00042777 -1.56000 10.04139 0.8279920816 2.4281346798    0.813  2.528  3.6706  1.455    3  0.000  0.514     0.00     0.00 -1  -8.7e-10      0.00 7.480e-01 2.516e-01 7.390e-05 2.384e-05 1.919e-04 -1.000 4.489e-04 -1.549 0.251 -0.190 -1.164 -1.730 -2.238 -2.947 -3.529 -3.608
0.00042777 -1.56000 10.04139 0.8280145526 2.4281420708    0.812  2.566  3.6684  1.407    3  0.000  0.514     0.00     0.00 -1 -1.01e-09      0.00 7.480e-01 2.516e-01 7.390e-05 2.384e-05 1.919e-04 -1.000 4.489e-04 -1.646 0.241 -0.246 -1.249 -1.824 -2.337 -3.055 -3.642 -3.721
0.00042777 -1.56000 10.04139 0.8280383945 2.4281497002    0.811  2.611  3.6656  1.351    3  0.000  0.514     0.00     0.00 -1 -1.19e-09      0.00 7.480e-01 2.516e-01 7.389e-05 2.384e-05 1.919e-04 -1.000 4.489e-04 -1.757 0.242 -0.305 -1.343 -1.930 -2.450 -3.178 -3.772 -3.851
0.00042777 -1.56000 10.04139 0.8280575871 2.4281558990    0.810  2.649  3.6633  1.303    3  0.000  0.514     0.00     0.00 -1 -1.38e-09      0.00 7.480e-01 2.516e-01 7.389e-05 2.384e-05 1.919e-04 -1.000 4.489e-04 -1.852 0.245 -0.354 -1.424 -2.021 -2.548 -3.284 -3.884 -3.962
0.00042777 -1.56000 10.04139 0.8280777335 2.4281623363    0.808  2.692  3.6606  1.248    3  0.000  0.514     0.00     0.00 -1 -1.62e-09      0.00 7.480e-01 2.516e-01 7.389e-05 2.384e-05 1.919e-04 -1.000 4.489e-04 -1.960 0.261 -0.403 -1.513 -2.124 -2.657 -3.404 -4.012 -4.089
0.00042777 -1.56000 10.04139 0.8280970454 2.4281685352    0.807  2.736  3.6577  1.191    3  0.000  0.514     0.00     0.00 -1 -1.91e-09      0.00 7.480e-01 2.516e-01 7.389e-05 2.384e-05 1.919e-04 -1.000 4.489e-04 -2.071 0.285 -0.450 -1.602 -2.228 -2.769 -3.527 -4.143 -4.220
0.00042777 -1.56000 10.04139 0.8281150460 2.4281744957    0.805  2.781  3.6548  1.134    3  0.000  0.514     0.00     0.00 -1 -2.27e-09      0.00 7.480e-01 2.516e-01 7.389e-05 2.384e-05 1.919e-04 -1.000 4.489e-04 -2.182 0.279 -0.508 -1.690 -2.328 -2.878 -3.648 -4.273 -4.352
0.00042777 -1.56000 10.04139 0.8281307220 2.4281795025    0.803  2.822  3.6520  1.080    3  0.000  0.514     0.00     0.00 -1 -2.66e-09      0.00 7.480e-01 2.516e-01 7.389e-05 2.384e-05 1.919e-04 -1.000 4.489e-04 -2.286 0.276 -0.560 -1.772 -2.422 -2.980 -3.762 -4.396 -4.476
0.00042777 -1.56000 10.04139 0.8281460404 2.4281845093    0.801  2.866  3.6491  1.024    3  0.000  0.514     0.00     0.00 -1 -3.14e-09      0.00 7.480e-01 2.516e-01 7.389e-05 2.385e-05 1.919e-04 -1.000 4.489e-04 -2.395 0.273 -0.615 -1.857 -2.520 -3.087 -3.880 -4.524 -4.605
0.00042777 -1.56000 10.04139 0.8281593323 2.4281888008    0.799  2.907  3.6463  0.971    3  0.000  0.514     0.00     0.00 -1 -3.67e-09      0.00 7.480e-01 2.516e-01 7.389e-05 2.385e-05 1.919e-04 -1.000 4.489e-04 -2.497 0.283 -0.659 -1.932 -2.609 -3.185 -3.991 -4.643 -4.726
0.00042777 -1.56000 10.04139 0.8281722665 2.4281928539    0.797  2.949  3.6435  0.917    3  0.000  0.514     0.00     0.00 -1 -4.31e-09      0.00 7.480e-01 2.516e-01 7.389e-05 2.385e-05 1.919e-04 -1.000 4.489e-04 -2.601 0.299 -0.701 -2.008 -2.701 -3.286 -4.105 -4.767 -4.851
0.00042777 -1.56000 10.04139 0.8281843066 2.4281969070    0.794  2.991  3.6405  0.861    3  0.000  0.514     0.00     0.00 -1 -5.07e-09      0.00 7.480e-01 2.516e-01 7.389e-05 2.385e-05 1.919e-04 -1.000 4.489e-04 -2.707 0.322 -0.739 -2.083 -2.792 -3.387 -4.220 -4.891 -4.977
0.00042777 -1.56000 10.04139 0.8281948566 2.4282002449    0.792  3.030  3.6377  0.809    3  0.000  0.514     0.00     0.00 -1  -5.9e-09      0.00 7.480e-01 2.516e-01 7.389e-05 2.385e-05 1.919e-04 -1.000 4.489e-04 -2.804 0.348 -0.772 -2.150 -2.875 -3.480 -4.327 -5.007 -5.095
0.00042777 -1.56000 10.04139 0.8282051086 2.4282035828    0.789  3.070  3.6349  0.756    3  0.000  0.514     0.00     0.00 -1 -6.89e-09      0.00 7.480e-01 2.516e-01 7.389e-05 2.385e-05 1.919e-04 -1.000 4.489e-04 -2.905 0.371 -0.808 -2.220 -2.960 -3.576 -4.436 -5.125 -5.216
0.00042777 -1.56000 10.04139 0.8282146454 2.4282066822    0.785  3.110  3.6319  0.702    3  0.000  0.514     0.00     0.00 -1 -8.06e-09      0.00 7.480e-01 2.516e-01 7.389e-05 2.385e-05 1.919e-04 -1.000 4.489e-04 -3.005 0.402 -0.839 -2.287 -3.044 -3.671 -4.545 -5.244 -5.337
0.00042777 -1.56000 10.04139 0.8282233477 2.4282093048    0.782  3.149  3.6291  0.651    3  0.000  0.514     0.00     0.00 -1 -9.37e-09      0.00 7.480e-01 2.516e-01 7.389e-05 2.385e-05 1.919e-04 -1.000 4.489e-04 -3.102 0.432 -0.869 -2.351 -3.125 -3.762 -4.650 -5.359 -5.453
0.00042777 -1.56000 10.04139 0.8282320499 2.4282121658    0.778  3.190  3.6262  0.596    3  0.000  0.514     0.00     0.00 -1  -1.1e-08      0.00 7.480e-01 2.516e-01 7.389e-05 2.385e-05 1.919e-04 -1.000 4.489e-04 -3.204 0.463 -0.900 -2.417 -3.208 -3.857 -4.760 -5.479 -5.575
0.00042777 -1.56000 10.04139 0.8282397985 2.4282147884    0.773  3.228  3.6234  0.544    3  0.000  0.514     0.00     0.00 -1 -1.28e-08      0.00 7.480e-01 2.516e-01 7.389e-05 2.385e-05 1.919e-04 -1.000 4.489e-04 -3.300 0.498 -0.926 -2.478 -3.286 -3.946 -4.863 -5.592 -5.691
0.00042777 -1.56000 10.04139 0.8282472491 2.4282171726    0.769  3.266  3.6206  0.492    3  0.000  0.514     0.00     0.00 -1 -1.49e-08      0.00 7.480e-01 2.516e-01 7.388e-05 2.385e-05 1.919e-04 -1.000 4.489e-04 -3.396 0.535 -0.950 -2.538 -3.364 -4.035 -4.967 -5.706 -5.807
0.00042777 -1.56000 10.04139 0.8282535672 2.4282190800    0.764  3.297  3.6184  0.450    3  0.000  0.514     0.00     0.00 -1 -1.69e-08      0.00 7.480e-01 2.516e-01 7.388e-05 2.385e-05 1.919e-04 -1.000 4.489e-04 -3.473 0.570 -0.961 -2.580 -3.423 -4.105 -5.050 -5.796 -5.899
0.00042777 -1.56000 10.04139 0.8282535672 2.4282190800    0.764  1.735  3.7717  2.625    4  0.000  0.526     0.00     0.00 -1    -1e-30      0.00 7.441e-01 2.555e-01 7.711e-05 2.262e-05 1.958e-04 -1.000 4.490e-04 0.433 0.919 0.998 0.535 0.202 -0.122 -0.538 -0.871 -0.909
0.00042777 -1.56000 10.04139 0.8283020258 2.4282348156    0.764  1.754  3.7683  2.593    4  0.000  0.526     0.00     0.00 -1    -1e-30      0.00 7.441e-01 2.555e-01 7.711e-05 2.262e-05 1.958e-04 -1.000 4.489e-04 0.386 0.890 0.968 0.494 0.155 -0.176 -0.601 -0.942 -0.982
0.00042777 -1.56000 10.04139 0.8283513188 2.4282507896    0.764  1.756  3.7682  2.590    4  0.000  0.526     0.00     0.00 -1    -1e-30      0.00 7.441e-01 2.555e-01 7.711e-05 2.262e-05 1.958e-04 -1.000 4.489e-04 0.379 0.884 0.962 0.488 0.148 -0.182 -0.608 -0.949 -0.989
0.00042777 -1.56000 10.04139 0.8284013867 2.4282667637    0.764  1.757  3.7686  2.590    4  0.000  0.526     0.00     0.00 -1    -1e-30      0.00 7.441e-01 2.555e-01 7.711e-05 2.262e-05 1.958e-04 -1.000 4.489e-04 0.377 0.880 0.957 0.484 0.145 -0.184 -0.609 -0.949 -0.989
0.00042777 -1.56000 10.04139 0.8284509778 2.4282829762    0.764  1.758  3.7692  2.592    4  0.000  0.526     0.00     0.00 -1    -1e-30      0.00 7.441e-01 2.555e-01 7.711e-05 2.262e-05 1.958e-04 -1.000 4.490e-04 0.375 0.875 0.953 0.482 0.144 -0.185 -0.608 -0.947 -0.986
0.00042777 -1.56000 10.04139 0.8285022974 2.4282994270    0.764  1.758  3.7700  2.595    4  0.000  0.526     0.00     0.00 -1    -1e-30      0.00 7.441e-01 2.555e-01 7.711e-05 2.262e-05 1.958e-04 -1.000 4.489e-04 0.375 0.871 0.948 0.480 0.144 -0.184 -0.605 -0.942 -0.981
0.00042777 -1.56000 10.04139 0.8285522461 2.4283156395    0.764  1.758  3.7710  2.600    4  0.000  0.526     0.00     0.00 -1    -1e-30      0.00 7.441e-01 2.555e-01 7.711e-05 2.262e-05 1.958e-04 -1.000 4.489e-04 0.376 0.867 0.943 0.479 0.144 -0.181 -0.599 -0.934 -0.972
0.00042777 -1.56000 10.04139 0.8286060691 2.4283328056    0.764  1.757  3.7722  2.605    4  0.000  0.526     0.00     0.00 -1    -1e-30      0.00 7.441e-01 2.555e-01 7.711e-05 2.262e-05 1.958e-04 -1.000 4.490e-04 0.377 0.862 0.938 0.478 0.146 -0.177 -0.592 -0.923 -0.962
0.00042777 -1.56000 10.04139 0.8286566138 2.4283492565    0.765  1.756  3.7734  2.611    4  0.000  0.526     0.00     0.00 -1    -1e-30      0.00 7.441e-01 2.555e-01 7.711e-05 2.262e-05 1.958e-04 -1.000 4.490e-04 0.379 0.858 0.934 0.478 0.148 -0.172 -0.584 -0.913 -0.950
0.00042777 -1.56000 10.04139 0.8287089467 2.4283661842    0.765  1.755  3.7747  2.617    4  0.000  0.526     0.00     0.00 -1    -1e-30      0.00 7.441e-01 2.555e-01 7.711e-05 2.262e-05 1.958e-04 -1.000 4.489e-04 0.381 0.854 0.930 0.478 0.151 -0.168 -0.576 -0.901 -0.938
0.00042777 -1.56000 10.04139 0.8287584186 2.4283821583    0.765  1.755  3.7758  2.622    4  0.000  0.526     0.00     0.00 -1    -1e-30      0.00 7.441e-01 2.555e-01 7.711e-05 2.262e-05 1.958e-04 -1.000 4.490e-04 0.383 0.850 0.925 0.477 0.153 -0.164 -0.569 -0.891 -0.928
0.00042777 -1.56000 10.04139 0.8288123012 2.4283993244    0.765  1.754  3.7769  2.627    4  0.000  0.526     0.00     0.00 -1    -1e-30      0.00 7.441e-01 2.555e-01 7.711e-05 2.262e-05 1.958e-04 -1.000 4.490e-04 0.385 0.846 0.921 0.477 0.155 -0.160 -0.562 -0.881 -0.918
0.00042777 -1.56000 10.04139 0.8288663626 2.4284169674    0.765  1.753  3.7779  2.632    4  0.000  0.526     0.00     0.00 -1    -1e-30      0.00 7.441e-01 2.555e-01 7.711e-05 2.262e-05 1.958e-04 -1.000 4.490e-04 0.386 0.842 0.917 0.476 0.156 -0.156 -0.556 -0.873 -0.909
0.00042777 -1.56000 10.04139 0.8289176226 2.4284334183    0.765  1.753  3.7787  2.635    4  0.000  0.526     0.00     0.00 -1    -1e-30      0.00 7.441e-01 2.555e-01 7.711e-05 2.262e-05 1.958e-04 -1.000 4.490e-04 0.387 0.839 0.914 0.476 0.157 -0.154 -0.551 -0.866 -0.902
0.00042777 -1.56000 10.04139 0.8289688230 2.4284498692    0.765  1.753  3.7793  2.638    4  0.000  0.526     0.00     0.00 -1    -1e-30      0.00 7.441e-01 2.555e-01 7.711e-05 2.262e-05 1.958e-04 -1.000 4.489e-04 0.388 0.837 0.912 0.475 0.158 -0.152 -0.548 -0.861 -0.897
0.00042777 -1.56000 10.04139 0.8289747834 2.4284517765    0.765  1.753  3.7793  2.638    4  0.000  0.526     0.00     0.00 -1    -1e-30      0.00 7.441e-01 2.555e-01 7.711e-05 2.262e-05 1.958e-04 -1.000 4.490e-04 0.388 0.837 0.911 0.475 0.158 -0.152 -0.548 -0.861 -0.897
0.00042777 -1.56000 10.04139 0.8289802074 2.4284534454    0.765  1.753  3.7794  2.638    4  0.000  0.526     0.00     0.00 -1    -1e-30      0.00 7.441e-01 2.555e-01 7.711e-05 2.262e-05 1.958e-04 -1.000 4.490e-04 0.388 0.836 0.911 0.475 0.158 -0.152 -0.548 -0.861 -0.897
0.00042777 -1.56000 10.04139 0.8290295601 2.4284694195    0.765  1.753  3.7795  2.639    4  0.000  0.526     0.00     0.00 -1    -1e-30      0.00 7.441e-01 2.555e-01 7.711e-05 2.262e-05 1.958e-04 -1.000 4.489e-04 0.387 0.835 0.910 0.474 0.157 -0.152 -0.548 -0.860 -0.896
0.00042777 -1.56000 10.04139 0.8290815353 2.4284861088    0.765  1.754  3.7794  2.638    4  0.000  0.526     0.00     0.00 -1    -1e-30      0.00 7.441e-01 2.555e-01 7.711e-05 2.262e-05 1.958e-04 -1.000 4.489e-04 0.386 0.834 0.909 0.473 0.156 -0.154 -0.550 -0.863 -0.898
0.00042777 -1.56000 10.04139 0.8291332126 2.4285027981    0.765  1.755  3.7790  2.635    4  0.000  0.526     0.00     0.00 -1    -1e-30      0.00 7.441e-01 2.555e-01 7.711e-05 2.262e-05 1.958e-04 -1.000 4.489e-04 0.383 0.834 0.909 0.471 0.153 -0.157 -0.554 -0.868 -0.904
0.00042777 -1.56000 10.04139 0.8291844726 2.4285192490    0.765  1.756  3.7781  2.630    4  0.000  0.526     0.00     0.00 -1    -1e-30      0.00 7.441e-01 2.555e-01 7.711e-05 2.262e-05 1.958e-04 -1.000 4.490e-04 0.380 0.835 0.909 0.469 0.149 -0.163 -0.562 -0.878 -0.914
0.00042777 -1.56000 10.04139 0.8292340636 2.4285352230    0.765  1.758  3.7771  2.625    4  0.000  0.526     0.00     0.00 -1    -1e-30      0.00 7.441e-01 2.555e-01 7.711e-05 2.262e-05 1.958e-04 -1.000 4.489e-04 0.376 0.836 0.911 0.467 0.145 -0.168 -0.570 -0.889 -0.925
0.00042777 -1.56000 10.04139 0.8292843103 2.4285514355    0.765  1.760  3.7756  2.616    4  0.000  0.526     0.00     0.00 -1    -1e-30      0.00 7.441e-01 2.555e-01 7.711e-05 2.262e-05 1.958e-04 -1.000 4.489e-04 0.370 0.838 0.913 0.464 0.140 -0.177 -0.583 -0.905 -0.942
0.00042777 -1.56000 10.04139 0.8293353915 2.4285678864    0.765  1.762  3.7740  2.607    4  0.000  0.526     0.00     0.00 -1    -1e-30      0.00 7.441e-01 2.555e-01 7.711e-05 2.262e-05 1.958e-04 -1.000 4.489e-04 0.364 0.840 0.916 0.462 0.133 -0.186 -0.597 -0.923 -0.961
0.00042777 -1.56000 10.04139 0.8293601871 2.4285759926    0.765  1.764  3.7732  2.603    4  0.000  0.526     0.00     0.00 -1    -1e-30      0.00 7.441e-01 2.555e-01 7.711e-05 2.262e-05 1.958e-04 -1.000 4.490e-04 0.361 0.841 0.916 0.460 0.130 -0.191 -0.604 -0.932 -0.970
0.00042777 -1.56000 10.04139 0.8293679953 2.4285783768    0.765  1.764  3.7728  2.601    4  0.000  0.526     0.00     0.00 -1    -1e-30      0.00 7.441e-01 2.555e-01 7.711e-05 2.262e-05 1.958e-04 -1.000 4.489e-04 0.360 0.842 0.917 0.459 0.128 -0.193 -0.607 -0.936 -0.974
0.00042777 -1.56000 10.04139 0.8294140697 2.4285931587    0.765  1.767  3.7705  2.589    4  0.000  0.526     0.00     0.00 -1    -1e-30      0.00 7.441e-01 2.555e-01 7.711e-05 2.262e-05 1.958e-04 -1.000 4.490e-04 0.351 0.845 0.921 0.455 0.120 -0.206 -0.626 -0.961 -1.000
0.00042777 -1.56000 10.04139 0.8294590116 2.4286077023    0.765  1.771  3.7683  2.576    4  0.000  0.526     0.00     0.00 -1    -1e-30      0.00 7.441e-01 2.555e-01 7.711e-05 2.262e-05 1.958e-04 -1.000 4.490e-04 0.343 0.848 0.924 0.451 0.111 -0.219 -0.644 -0.985 -1.025
0.00042777 -1.56000 10.04139 0.8295071125 2.4286231995    0.765  1.775  3.7660  2.563    4  0.000  0.526     0.00     0.00 -1    -1e-30      0.00 7.441e-01 2.555e-01 7.711e-05 2.262e-05 1.958e-04 -1.000 4.489e-04 0.332 0.850 0.926 0.445 0.101 -0.234 -0.665 -1.011 -1.052
0.00042777 -1.56000 10.04139 0.8295528293 2.4286379814    0.766  1.779  3.7637  2.549    4  0.000  0.526     0.00     0.00 -1    -1e-30      0.00 7.441e-01 2.555e-01 7.711e-05 2.262e-05 1.958e-04 -1.000 4.489e-04 0.322 0.850 0.928 0.439 0.090 -0.249 -0.686 -1.038 -1.080
0.00042777 -1.56000 10.04139 0.8295966387 2.4286520481    0.766  1.784  3.7616  2.537    4  0.000  0.526     0.00     0.00 -1    -1e-30      0.00 7.441e-01 2.555e-01 7.711e-05 2.262e-05 1.958e-04 -1.000 4.490e-04 0.311 0.849 0.928 0.431 0.078 -0.264 -0.706 -1.063 -1.106
0.00042777 -1.56000 10.04139 0.8296418786 2.4286665916    0.766  1.789  3.7596  2.524    4  0.000  0.526     0.00     0.00 -1    -1e-30      0.00 7.441e-01 2.555e-01 7.711e-05 2.262e-05 1.958e-04 -1.000 4.489e-04 0.298 0.848 0.926 0.423 0.066 -0.279 -0.727 -1.088 -1.132
0.00042777 -1.56000 10.04139 0.8296862841 2.4286808968    0.766  1.794  3.7579  2.512    4  0.000  0.526     0.00     0.00 -1    -1e-30      0.00 7.441e-01 2.555e-01 7.711e-05 2.262e-05 1.958e-04 -1.000 4.490e-04 0.286 0.846 0.924 0.414 0.054 -0.295 -0.747 -1.112 -1.158
0.00042777 -1.56000 10.04139 0.8297311664 2.4286952019    0.766  1.799  3.7561  2.499    4  0.000  0.526     0.00     0.00 -1    -1e-30      0.00 7.441e-01 2.555e-01 7.711e-05 2.262e-05 1.958e-04 -1.000 4.489e-04 0.272 0.843 0.920 0.404 0.040 -0.312 -0.769 -1.138 -1.184
0.00042777 -1.56000 10.04139 0.8297761083 2.4287097454    0.766  1.805  3.7543  2.486    4  0.000  0.526     0.00     0.00 -1    -1e-30      0.00 7.441e-01 2.555e-01 7.711e-05 2.262e-05 1.958e-04 -1.000 4.489e-04 0.257 0.839 0.915 0.393 0.025 -0.330 -0.792 -1.165 -1.212
0.00042777 -1.56000 10.04139 0.8298213482 2.4287242889    0.766  1.813  3.7524  2.471    4  0.000  0.526     0.00     0.00 -1    -1e-30      0.00 7.441e-01 2.555e-01 7.711e-05 2.262e-05 1.958e-04 -1.000 4.490e-04 0.238 0.832 0.907 0.378 0.006 -0.352 -0.819 -1.196 -1.245
0.00042777 -1.56000 10.04139 0.8298303485 2.4287271500    0.766  1.812  3.7528  2.473    4  0.000  0.526     0.00     0.00 -1    -1e-30      0.00 7.441e-01 2.555e-01 7.711e-05 2.262e-05 1.958e-04 -1.000 4.489e-04 0.239 0.830 0.905 0.378 0.007 -0.351 -0.817 -1.193 -1.241
0.00042777 -1.56000 10.04139 0.8298767209 2.4287421703    0.766  1.825  3.7496  2.447    4  0.000  0.526     0.00     0.00 -1    -1e-30      0.00 7.441e-01 2.555e-01 7.711e-05 2.262e-05 1.958e-04 -1.000 4.490e-04 0.208 0.820 0.892 0.353 -0.024 -0.388 -0.862 -1.245 -1.295
0.00042777 -1.56000 10.04139 0.8299224377 2.4287567139    0.766  1.841  3.7460  2.417    4  0.000  0.526     0.00     0.00 -1    -1e-30      0.00 7.441e-01 2.555e-01 7.711e-05 2.262e-05 1.958e-04 -1.000 4.489e-04 0.166 0.803 0.871 0.319 -0.065 -0.435 -0.918 -1.309 -1.361
0.00042777 -1.56000 10.04139 0.8299608827 2.4287691116    0.766  1.874  3.7400  2.360    4  0.000  0.526     0.00     0.00 -1    -1e-30      0.00 7.441e-01 2.555e-01 7.711e-05 2.262e-05 1.958e-04 -1.000 4.490e-04 0.085 0.764 0.824 0.250 -0.146 -0.526 -1.025 -1.428 -1.485
0.00042777 -1.56000 10.04139 0.8299817443 2.4287757874    0.766  1.912  3.7338  2.297    4  0.000  0.526     0.00     0.00 -1    -1e-30      0.00 7.441e-01 2.555e-01 7.711e-05 2.262e-05 1.958e-04 -1.000 4.490e-04 -0.010 0.725 0.766 0.168 -0.241 -0.632 -1.147 -1.564 -1.624
0.00042777 -1.56000 10.04139 0.8299912214 2.4287788868    0.766  1.951  3.7282  2.236    4  0.000  0.526     0.00     0.00 -1    -1e-30      0.00 7.441e-01 2.555e-01 7.711e-05 2.262e-05 1.958e-04 -1.000 4.490e-04 -0.108 0.680 0.703 0.082 -0.338 -0.738 -1.268 -1.698 -1.760
0.00042777 -1.56000 10.04139 0.8299953938 2.4287803173    0.766  1.989  3.7234  2.179    4  0.000  0.526     0.00     0.00 -1    -1e-30      0.00 7.441e-01 2.555e-01 7.711e-05 2.262e-05 1.958e-04 -1.000 4.489e-04 -0.203 0.635 0.640 -0.002 -0.431 -0.840 -1.384 -1.824 -1.889
0.00042777 -1.56000 10.04139 0.8299973607 2.4287807941    0.766  2.025  3.7194  2.127    4  0.000  0.526     0.00     0.00 -1    -1e-30      0.00 7.441e-01 2.555e-01 7.711e-05 2.262e-05 1.958e-04 -1.000 4.489e-04 -0.291 0.588 0.578 -0.081 -0.518 -0.934 -1.489 -1.938 -2.005
0.00042777 -1.56000 10.04139 0.8299981952 2.4287810326    0.766  2.046  3.7172  2.097    7  0.000  0.526     0.00     0.00 -1    -1e-30      0.00 7.441e-01 2.555e-01 7.711e-05 2.262e-05 1.958e-04 -1.000 4.489e-04 -0.345 0.561 0.540 -0.128 -0.571 -0.991 -1.551 -2.006 -2.074
0.00042777 -1.56000 10.04139 0.8299987912 2.4287812710    0.766  2.069  3.7151  2.066    7  0.000  0.526     0.00     0.00 -1    -1e-30      0.00 7.441e-01 2.555e-01 7.711e-05 2.262e-05 1.958e-04 -1.000 4.489e-04 -0.402 0.527 0.497 -0.180 -0.627 -1.051 -1.617 -2.077 -2.146
0.00042777 -1.56000 10.04139 0.8299999237 2.4287817478    0.766  2.115  3.7112  2.004    7  0.000  0.526     0.00     0.00 -1    -1e-30      0.00 7.441e-01 2.555e-01 7.711e-05 2.262e-05 1.958e-04 -1.000 4.489e-04 -0.517 0.459 0.411 -0.284 -0.740 -1.170 -1.748 -2.217 -2.287
0.00042777 -1.56000 10.04139 0.8300008774 2.4287819862    0.766  2.148  3.7086  1.961    7  0.000  0.526     0.00     0.00 -1    -1e-30      0.00 7.441e-01 2.555e-01 7.711e-05 2.262e-05 1.958e-04 -1.000 4.489e-04 -0.600 0.412 0.349 -0.360 -0.821 -1.256 -1.842 -2.317 -2.389
0.00042777 -1.56000 10.04139 0.8300018311 2.4287822247    0.766  2.174  3.7067  1.927    7  0.000  0.526     0.00     0.00 -1    -1e-30      0.00 7.441e-01 2.555e-01 7.711e-05 2.262e-05 1.958e-04 -1.000 4.489e-04 -0.664 0.376 0.300 -0.418 -0.884 -1.323 -1.914 -2.395 -2.468
0.00042777 -1.56000 10.04139 0.8300040364 2.4287829399    0.766  2.182  3.7062  1.917    7  0.000  0.526     0.00     0.00 -1    -1e-30      0.00 7.441e-01 2.555e-01 7.711e-05 2.262e-05 1.958e-04 -1.000 4.489e-04 -0.684 0.363 0.284 -0.437 -0.903 -1.344 -1.936 -2.418 -2.491
0.00042777 -1.56000 10.04139 0.8300058842 2.4287836552    0.766  2.165  3.7075  1.939    7  0.000  0.526     0.00     0.00 -1    -1e-30      0.00 7.441e-01 2.555e-01 7.711e-05 2.262e-05 1.958e-04 -1.000 4.489e-04 -0.643 0.386 0.315 -0.399 -0.863 -1.301 -1.890 -2.368 -2.441
0.00042777 -1.56000 10.04139 0.8300129175 2.4287858009    0.766  2.139  3.7096  1.973    7  0.000  0.526     0.00     0.00 -1    -1e-30      0.00 7.441e-01 2.555e-01 7.711e-05 2.262e-05 1.958e-04 -1.000 4.489e-04 -0.578 0.421 0.363 -0.341 -0.800 -1.233 -1.816 -2.289 -2.360
0.00042777 -1.56000 10.04139 0.8300430775 2.4287955761    0.766  2.170  3.7068  1.931    7  0.000  0.526     0.00     0.00 -1    -1e-30      0.00 7.441e-01 2.555e-01 7.711e-05 2.262e-05 1.958e-04 -1.000 4.489e-04 -0.656 0.383 0.308 -0.410 -0.875 -1.314 -1.905 -2.386 -2.458
0.00042777 -1.56000 10.04139 0.8300613165 2.4288012981    0.766  2.208  3.7037  1.882    7  0.000  0.526     0.00     0.00 -1    -1e-30      0.00 7.441e-01 2.555e-01 7.711e-05 2.262e-05 1.958e-04 -1.000 4.490e-04 -0.749 0.334 0.239 -0.494 -0.967 -1.411 -2.012 -2.500 -2.574
0.00042777 -1.56000 10.04139 0.8300754428 2.4288058281    0.766  2.243  3.7011  1.836    7  0.000  0.526     0.00     0.00 -1    -1e-30      0.00 7.441e-01 2.555e-01 7.711e-05 2.262e-05 1.958e-04 -1.000 4.489e-04 -0.837 0.286 0.174 -0.573 -1.052 -1.502 -2.111 -2.606 -2.681
0.00042777 -1.56000 10.04139 0.8300920129 2.4288113117    0.766  2.284  3.6980  1.783    7  0.000  0.526     0.00     0.00 -1    -1e-30      0.00 7.441e-01 2.555e-01 7.711e-05 2.262e-05 1.958e-04 -1.000 4.489e-04 -0.939 0.232 0.099 -0.665 -1.151 -1.607 -2.225 -2.729 -2.805
0.00042777 -1.56000 10.04139 0.8301079869 2.4288163185    0.766  2.325  3.6950  1.729    7  0.000  0.526     0.00     0.00 -1    -1e-30      0.00 7.441e-01 2.555e-01 7.711e-05 2.262e-05 1.958e-04 -1.000 4.489e-04 -1.043 0.177 0.022 -0.758 -1.252 -1.713 -2.342 -2.854 -2.931
0.00042777 -1.56000 10.04139 0.8301222920 2.4288210869    0.766  2.366  3.6921  1.676    7  0.000  0.526     0.00     0.00 -1    -1e-30      0.00 7.441e-01 2.555e-01 7.711e-05 2.262e-05 1.958e-04 -1.000 4.436e-04 -1.146 0.124 -0.053 -0.850 -1.351 -1.818 -2.456 -2.976 -3.055
0.00042777 -1.56000 10.04139 0.8301349878 2.4288251400    0.766  2.407  3.6891  1.624    7  0.000  0.526     0.00     0.00 -1    -1e-30      0.00 7.441e-01 2.555e-01 7.710e-05 2.262e-05 1.958e-04 -1.000 4.439e-04 -1.247 0.072 -0.127 -0.940 -1.449 -1.922 -2.569 -3.098 -3.178
0.00042777 -1.56000 10.04139 0.8301463127 2.4288287163    0.766  2.448  3.6862  1.572    7  0.000  0.525     0.00     0.00 -1    -1e-30      0.00 7.441e-01 2.555e-01 7.703e-05 2.264e-05 1.958e-04 -1.000 4.432e-04 -1.349 0.023 -0.200 -1.030 -1.545 -2.024 -2.682 -3.220 -3.301
0.00042777 -1.56000 10.04139 0.8301566243 2.4288320541    0.766  2.489  3.6833  1.519    7  0.000  0.523     0.00     0.00 -1    -1e-30      0.00 7.441e-01 2.555e-01 7.679e-05 2.277e-05 1.958e-04 -1.000 4.438e-04 -1.452 0.043 -0.253 -1.126 -1.653 -2.136 -2.802 -3.347 -3.425
0.00042777 -1.56000 10.04139 0.8301659226 2.4288349152    0.766  2.530  3.6804  1.466    7  0.000  0.518     0.00     0.00 -1    -1e-30      0.00 7.440e-01 2.555e-01 7.615e-05 2.326e-05 1.958e-04 -1.000 4.490e-04 -1.555 -0.024 -0.330 -1.214 -1.747 -2.237 -2.914 -3.469 -3.549
0.00042777 -1.56000 10.04139 0.8301743269 2.4288377762    0.766  2.571  3.6774  1.413    7  0.000  0.509     0.00     0.00 -1    -1e-30      0.00 7.440e-01 2.555e-01 7.490e-05 2.456e-05 1.958e-04 -1.000 4.482e-04 -1.657 -0.032 -0.389 -1.303 -1.847 -2.343 -3.030 -3.592 -3.672
0.00042777 -1.56000 10.04139 0.8301820159 2.4288401604    0.766  2.612  3.6744  1.360    7  0.000  0.497     0.00     0.00 -1    -1e-30      0.00 7.440e-01 2.556e-01 7.327e-05 2.648e-05 1.958e-04 -1.000 4.463e-04 -1.759 -0.033 -0.443 -1.391 -1.946 -2.449 -3.146 -3.715 -3.794
0.00042777 -1.56000 10.04139 0.8301892281 2.4288425446    0.766  2.653  3.6714  1.307    7  0.000  0.486     0.00     0.00 -1    -1e-30      0.00 7.439e-01 2.557e-01 7.165e-05 2.847e-05 1.958e-04 -1.000 4.464e-04 -1.861 -0.025 -0.493 -1.477 -2.045 -2.555 -3.262 -3.839 -3.918
0.00042777 -1.56000 10.04139 0.8301961422 2.4288446903    0.766  2.694  3.6683  1.254    7  0.000  0.476     0.00     0.00 -1    -1e-30      0.00 7.438e-01 2.558e-01 7.018e-05 3.027e-05 1.958e-04 -1.000 4.483e-04 -1.964 -0.008 -0.539 -1.562 -2.144 -2.660 -3.378 -3.964 -4.042
0.00042777 -1.56000 10.04139 0.8302027583 2.4288468361    0.766  2.735  3.6652  1.201    7  0.000  0.468     0.00     0.00 -1    -1e-30      0.00 7.437e-01 2.558e-01 6.894e-05 3.179e-05 1.958e-04 -1.000 4.463e-04 -2.066 0.018 -0.581 -1.645 -2.241 -2.765 -3.494 -4.088 -4.166
0.00042777 -1.56000 10.04139 0.8302091956 2.4288489819    0.766  2.776  3.6621  1.147    7  0.000  0.461     0.00     0.00 -1    -1e-30      0.00 7.436e-01 2.560e-01 6.787e-05 3.311e-05 1.958e-04 -1.000 4.458e-04 -2.169 0.052 -0.619 -1.728 -2.338 -2.871 -3.611 -4.213 -4.290
0.00042777 -1.56000 10.04139 0.8302150965 2.4288508892    0.766  2.816  3.6590  1.094    7  0.000  0.455     0.00     0.00 -1    -1e-30      0.00 7.435e-01 2.561e-01 6.693e-05 3.426e-05 1.957e-04 -1.000 4.489e-04 -2.271 0.099 -0.651 -1.807 -2.433 -2.975 -3.727 -4.337 -4.414
0.00042777 -1.56000 10.04139 0.8302205205 2.4288525581    0.766  2.858  3.6558  1.040    7  0.000  0.449     0.00     0.00 -1    -1e-30      0.00 7.434e-01 2.562e-01 6.611e-05 3.527e-05 1.957e-04 -1.000 4.489e-04 -2.375 0.124 -0.690 -1.884 -2.526 -3.076 -3.842 -4.462 -4.540
0.00042777 -1.56000 10.04139 0.8302252293 2.4288539886    0.766  2.900  3.6525  0.985    7  0.000  0.444     0.00     0.00 -1    -1e-30      0.00 7.432e-01 2.563e-01 6.540e-05 3.615e-05 1.956e-04 -1.000 4.488e-04 -2.479 0.137 -0.733 -1.962 -2.618 -3.178 -3.958 -4.588 -4.667
0.00042777 -1.56000 10.04139 0.8302289248 2.4288551807    0.766  2.940  3.6493  0.932    7  0.000  0.441     0.00     0.00 -1    -1e-30      0.00 7.431e-01 2.564e-01 6.482e-05 3.689e-05 1.955e-04 -1.000 4.489e-04 -2.580 0.159 -0.770 -2.034 -2.706 -3.276 -4.069 -4.709 -4.790
0.00042777 -1.56000 10.04139 0.8302320242 2.4288561344    0.766  2.979  3.6462  0.880    7  0.000  0.438     0.00     0.00 -1    -1e-30      0.00 7.430e-01 2.566e-01 6.431e-05 3.754e-05 1.954e-04 -1.000 4.489e-04 -2.679 0.187 -0.802 -2.102 -2.790 -3.371 -4.178 -4.829 -4.912
0.00042777 -1.56000 10.04139 0.8302351236 2.4288573265    0.766  3.021  3.6428  0.824    7  0.000  0.435     0.00     0.00 -1    -1e-30      0.00 7.428e-01 2.567e-01 6.389e-05 3.812e-05 1.952e-04 -1.000 4.490e-04 -2.783 0.220 -0.834 -2.173 -2.879 -3.471 -4.294 -4.955 -5.040
0.00042777 -1.56000 10.04139 0.8302378654 2.4288580418    0.766  3.061  3.6395  0.771    7  0.000  0.434     0.00     0.00 -1    -1e-30      0.00 7.428e-01 2.568e-01 6.358e-05 3.859e-05 1.950e-04 -1.000 4.489e-04 -2.883 0.256 -0.863 -2.240 -2.963 -3.566 -4.404 -5.076 -5.163
0.00042777 -1.56000 10.04139 0.8302404284 2.4288589954    0.766  3.113  3.6352  0.702    7  0.000  0.432     0.00     0.00 -1    -1e-30      0.00 7.427e-01 2.569e-01 6.330e-05 3.905e-05 1.947e-04 -1.000 4.489e-04 -3.012 0.307 -0.896 -2.322 -3.068 -3.686 -4.545 -5.232 -5.322
0.00042777 -1.56000 10.04139 0.8302406073 2.4288589954    0.766  3.133  3.6334  0.675    7  0.000  0.432     0.00     0.00 -1    -1e-30      0.00 7.427e-01 2.569e-01 6.325e-05 3.916e-05 1.947e-04 -1.000 4.488e-04 -3.063 0.330 -0.908 -2.354 -3.110 -3.734 -4.602 -5.294 -5.385
0.00042777 -1.56000 10.04139 0.8302407861 2.4288589954    0.766  3.147  3.6322  0.657    7  0.000  0.431     0.00     0.00 -1    -1e-30      0.00 7.426e-01 2.570e-01 6.302e-05 3.969e-05 1.944e-04 -1.000 4.487e-04 -3.097 0.346 -0.916 -2.375 -3.137 -3.765 -4.639 -5.335 -5.427
0.00042777 -1.56000 10.04139 0.8302410245 2.4288592339    0.766  3.170  3.6303  0.626    7  0.000  0.431     0.00     0.00 -1    -1e-30      0.00 7.425e-01 2.571e-01 6.286e-05 4.013e-05 1.941e-04 -1.000 4.481e-04 -3.155 0.371 -0.929 -2.411 -3.184 -3.819 -4.702 -5.405 -5.499
0.00042777 -1.56000 10.04139 0.8302415609 2.4288592339    0.766  3.210  3.6268  0.571    7  0.000  0.429     0.00     0.00 -1    -1e-30      0.00 7.423e-01 2.573e-01 6.245e-05 4.107e-05 1.935e-04 -1.000 4.488e-04 -3.256 0.418 -0.950 -2.472 -3.263 -3.912 -4.812 -5.528 -5.623
0.00042777 -1.56000 10.04139 0.8302416801 2.4288592339    0.766  3.222  3.6259  0.556    7  0.549  0.429     0.00     0.00 -1    -1e-30      0.00 7.422e-01 2.573e-01 6.227e-05 4.143e-05 1.933e-04 -1.000 4.490e-04 -3.284 0.432 -0.956 -2.488 -3.285 -3.937 -4.842 -5.562 -5.658
0.00042777 -1.56000 10.04139 0.8302417994 2.4288594723    0.766  3.414  3.6091  0.297    8  0.549  0.390    90.06    43.83  1 -1.18e-06      0.00 7.290e-01 2.706e-01 6.375e-05 5.931e-05 2.177e-04 -1.000 3.690e-04 -3.766 0.731 -0.986 -2.727 -3.640 -4.367 -5.365 -6.144 -6.258
0.00042777 -1.56000 10.04139 0.8302418590 2.4288594723    0.766  3.270  3.6188  0.479    8  0.549  0.390    60.78    31.18  1  -6.1e-07      0.00 7.290e-01 2.706e-01 6.375e-05 5.931e-05 2.177e-04 -1.000 3.690e-04 -3.405 0.594 -0.919 -2.524 -3.360 -4.037 -4.980 -5.726 -5.828
0.00042777 -1.56000 10.04139 0.8302419186 2.4288594723    0.765  3.128  3.6316  0.672    8  0.549  0.390    40.10    21.75  1 -3.13e-07      0.00 7.290e-01 2.706e-01 6.375e-05 5.931e-05 2.177e-04 -1.000 3.690e-04 -3.051 0.393 -0.868 -2.326 -3.088 -3.717 -4.593 -5.293 -5.385
0.00042777 -1.56000 10.04139 0.8302420974 2.4288594723    0.763  2.931  3.6496  0.940    8  0.549  0.390    22.49    13.18  1  -1.2e-07      0.00 7.290e-01 2.706e-01 6.375e-05 5.931e-05 2.177e-04 -1.000 3.690e-04 -2.558 0.168 -0.754 -2.015 -2.685 -3.254 -4.046 -4.686 -4.766
0.00042777 -1.56000 10.04139 0.8302422762 2.4288594723    0.760  2.936  3.6490  0.930    8  0.549  0.390    22.95    13.39  1 -1.24e-07      0.00 7.290e-01 2.706e-01 6.375e-05 5.931e-05 2.177e-04 -1.000 3.690e-04 -2.571 0.176 -0.756 -2.023 -2.696 -3.267 -4.061 -4.703 -4.784
0.00042777 -1.56000 10.04139 0.8302425742 2.4288597107    0.757  3.031  3.6404  0.799    8  0.550  0.390    30.45    17.05  1 -2.02e-07      0.00 7.290e-01 2.706e-01 6.375e-05 5.931e-05 2.177e-04 -1.000 3.690e-04 -2.807 0.284 -0.811 -2.175 -2.891 -3.490 -4.325 -4.994 -5.080
0.00042777 -1.56000 10.04139 0.8302428722 2.4288597107    0.753  3.182  3.6265  0.590    8  0.550  0.390    47.83    25.12  1 -4.25e-07      0.00 7.290e-01 2.706e-01 6.375e-05 5.931e-05 2.177e-04 -1.000 3.691e-04 -3.185 0.480 -0.883 -2.400 -3.191 -3.839 -4.741 -5.458 -5.555
0.00042777 -1.56000 10.04139 0.8302432299 2.4288597107    0.748  3.313  3.6145  0.409    8  0.550  0.390    70.81    35.15  1 -8.01e-07      0.00 7.290e-01 2.706e-01 6.375e-05 5.931e-05 2.177e-04 -1.000 3.690e-04 -3.512 0.694 -0.904 -2.564 -3.433 -4.130 -5.097 -5.858 -5.965
0.00042777 -1.56000 10.04139 0.8302437067 2.4288599491    0.742  3.399  3.6065  0.287    8  0.551  0.390    92.09    43.93  1 -1.22e-06      0.00 7.290e-01 2.706e-01 6.375e-05 5.931e-05 2.177e-04 -1.000 3.690e-04 -3.728 0.858 -0.894 -2.655 -3.581 -4.318 -5.330 -6.121 -6.237
0.00042777 -1.56000 10.04139 0.8302441835 2.4288601875    0.736  3.447  3.6020  0.218    8  0.551  0.390   106.95    49.75  1 -1.55e-06      0.00 7.290e-01 2.706e-01 6.375e-05 5.931e-05 2.177e-04 -1.000 3.690e-04 -3.846 0.955 -0.883 -2.700 -3.660 -4.420 -5.458 -6.265 -6.386
0.00042777 -1.56000 10.04139 0.8302447200 2.4288601875    0.729  3.471  3.5996  0.180    8  0.552  0.390   116.23    53.16  1 -1.79e-06      0.00 7.290e-01 2.706e-01 6.375e-05 5.931e-05 2.177e-04 -1.000 3.690e-04 -3.908 1.012 -0.871 -2.720 -3.699 -4.471 -5.524 -6.340 -6.465
0.00042777 -1.56000 10.04139 0.8302453160 2.4288604259    0.722  3.487  3.5984  0.155    8  0.552  0.390   122.91    55.44  0 -1.98e-06      0.00 7.290e-01 2.706e-01 6.375e-05 5.931e-05 2.177e-04 -1.000 3.690e-04 -3.948 1.040 -0.869 -2.736 -3.726 -4.506 -5.567 -6.387 -6.514
0.00042777 -1.56000 10.04139 0.8302476406 2.4288611412    0.554 -9.999  4.0000  1.705    9  0.554  0.000     0.00     0.00 -1    -1e-30      0.00 7.290e-01 2.706e-01 6.375e-05 5.931e-05 2.177e-04 -1.000 3.690e-04 29.767 29.791 30.042 30.092 30.085 30.076 30.121 30.117 30.133
#isochrone terminated
