# File generated by CMD 3.3 (http://stev.oapd.inaf.it/cmd) on Sun Jun  7 12:17:28 CEST 2020
# isochrones based on PARSEC release v1.2S +  COLIBRI S_35
# Basic references: Bressan et al. (2012), MNRAS, 427, 127 + Chen et al. (2014, 2015), MNRAS, 444, 2525 + MNRAS, 452, 1068 + Tang et al. (2014), MNRAS, 445, 4287 + Marigo et al. (2017), ApJ, 835, 77 + Pastorelli al. (2019), MNRAS in press
# Thermal pulse cycles included 
# On RGB, assumed Reimers mass loss with efficiency eta=0.2
# Photometric system: <i>UBVRIJHK</i> (cf. Maiz-Apellaniz 2006 + Bessell 1990)
# Using YBC version of bolometric corrections as in Chen et al. (2019)
# O-rich circumstellar dpmod60alox40 dust from Groenewegen (2006)
# C-rich circumstellar AMCSIC15 dust from Groenewegen (2006)
# IMF: Kroupa (2001, 2002) + Kroupa et al. (2013) canonical two-part-power law IMF corrected for unresolved binaries 
# Kind of output: isochrone tables
# Zini     MH   logAge Mini        int_IMF         Mass   logL    logTe  logg  label   McoreTP C_O  period0 period1 pmode  Mloss  tau1m   X   Y   Xc  Xn  Xo  Cexcess  Z 	 mbolmag  Umag    Bmag    Vmag    Rmag    Imag    Jmag    Hmag    Kmag
0.00042777 -1.56000 10.07918 0.0900000036 1.0816895962    0.090 -3.186  3.4770  5.438    1  0.000  0.545     0.00     0.00 -1 -5.22e-17      0.00 7.480e-01 2.515e-01 8.072e-05 2.178e-05 1.975e-04 -1.000 4.489e-04 12.734 20.104 17.347 15.343 13.652 12.046 10.749 10.454 10.358
0.00042777 -1.56000 10.07918 0.0954783708 1.1321856976    0.095 -3.015  3.5015  5.391    1  0.000  0.545     0.00     0.00 -1 -7.93e-17      0.00 7.470e-01 2.526e-01 8.072e-05 2.178e-05 1.975e-04 -1.000 4.489e-04 12.308 18.534 16.298 14.366 12.959 11.613 10.408 10.009 9.889
0.00042777 -1.56000 10.07918 0.1000000015 1.1711064577    0.100 -2.882  3.5206  5.354    1  0.000  0.545     0.00     0.00 -1  -1.1e-16      0.00 7.461e-01 2.534e-01 8.072e-05 2.178e-05 1.975e-04 -1.000 4.488e-04 11.975 17.417 15.529 13.700 12.444 11.278 10.140 9.681 9.542
0.00042777 -1.56000 10.07918 0.1199999973 1.3193154335    0.120 -2.595  3.5517  5.270    1  0.000  0.545     0.00     0.00 -1 -2.14e-16      0.00 7.434e-01 2.562e-01 8.072e-05 2.178e-05 1.975e-04 -1.000 4.490e-04 11.257 15.638 14.181 12.578 11.486 10.554 9.524 9.002 8.840
0.00042777 -1.56000 10.07918 0.1400000006 1.4384527206    0.140 -2.413  3.5669  5.216    1  0.000  0.545     0.00     0.00 -1  -3.2e-16      0.00 7.414e-01 2.582e-01 8.072e-05 2.178e-05 1.975e-04 -1.000 4.489e-04 10.802 14.727 13.450 11.961 10.937 10.097 9.118 8.576 8.403
0.00042777 -1.56000 10.07918 0.1599999964 1.5372931957    0.160 -2.270  3.5770  5.172    1  0.000  0.545     0.00     0.00 -1 -4.38e-16      0.00 7.400e-01 2.595e-01 8.072e-05 2.178e-05 1.975e-04 -1.000 4.489e-04 10.445 14.096 12.925 11.509 10.529 9.739 8.793 8.241 8.061
0.00042777 -1.56000 10.07918 0.2000000179 1.6938792467    0.200 -2.049  3.5901  5.100    1  0.000  0.545     0.00     0.00 -1 -7.08e-16      0.00 7.389e-01 2.607e-01 8.072e-05 2.178e-05 1.975e-04 -1.000 4.490e-04 9.892 13.201 12.164 10.841 9.920 9.185 8.280 7.719 7.530
0.00042777 -1.56000 10.07918 0.2386936694 1.8107533455    0.239 -1.887  3.5988  5.051    1  0.000  0.545     0.00     0.00 -1 -6.15e-16      0.00 7.389e-01 2.607e-01 8.072e-05 2.178e-05 1.975e-04 -1.000 4.489e-04 9.489 12.593 11.634 10.367 9.486 8.780 7.902 7.338 7.149
0.00042777 -1.56000 10.07918 0.2500000298 1.8403259516    0.250 -1.845  3.6011  5.038    1  0.000  0.545     0.00     0.00 -1 -5.76e-16      0.00 7.389e-01 2.607e-01 8.072e-05 2.178e-05 1.975e-04 -1.000 4.490e-04 9.383 12.436 11.496 10.244 9.372 8.674 7.803 7.238 7.050
0.00042777 -1.56000 10.07918 0.3000000417 1.9529141188    0.300 -1.690  3.6098  4.996    1  0.000  0.545     0.00     0.00 -1 -1.49e-15      0.00 7.391e-01 2.605e-01 8.070e-05 2.178e-05 1.975e-04 -1.000 4.489e-04 8.995 11.860 10.990 9.791 8.956 8.283 7.438 6.873 6.689
0.00042777 -1.56000 10.07918 0.3244977295 1.9995228052    0.324 -1.626  3.6136  4.982    1  0.000  0.545     0.00     0.00 -1 -1.69e-15      0.00 7.390e-01 2.605e-01 8.068e-05 2.178e-05 1.975e-04 -1.000 4.489e-04 8.836 11.624 10.782 9.603 8.785 8.122 7.289 6.723 6.543
0.00042777 -1.56000 10.07918 0.3500000238 2.0434176922    0.350 -1.564  3.6173  4.968    1  0.000  0.545     0.00     0.00 -1  -1.9e-15      0.00 7.391e-01 2.605e-01 8.067e-05 2.178e-05 1.975e-04 -1.000 4.488e-04 8.681 11.396 10.580 9.423 8.619 7.967 7.144 6.578 6.402
0.00042777 -1.56000 10.07918 0.3924381733 2.1079540253    0.392 -1.444  3.6267  4.934    1  0.000  0.545     0.00     0.00 -1 -2.46e-15      0.00 7.486e-01 2.509e-01 8.072e-05 2.178e-05 1.975e-04 -1.000 4.489e-04 8.380 10.912 10.163 9.056 8.291 7.665 6.868 6.303 6.137
0.00042777 -1.56000 10.07918 0.4000000358 2.1185026169    0.400 -1.424  3.6282  4.929    1  0.000  0.545     0.00     0.00 -1 -2.57e-15      0.00 7.503e-01 2.493e-01 8.072e-05 2.178e-05 1.975e-04 -1.000 4.490e-04 8.329 10.831 10.093 8.995 8.236 7.614 6.822 6.257 6.093
0.00042777 -1.56000 10.07918 0.4047483802 2.1249947548    0.405 -1.407  3.6301  4.924    1  0.000  0.545     0.00     0.00 -1 -2.68e-15      0.00 7.503e-01 2.492e-01 8.072e-05 2.178e-05 1.975e-04 -1.000 4.489e-04 8.286 10.753 10.028 8.939 8.188 7.571 6.784 6.220 6.058
0.00042777 -1.56000 10.07918 0.4500000477 2.1822810173    0.450 -1.252  3.6465  4.881    1  0.000  0.545     0.00     0.00 -1  -3.8e-15      0.00 7.505e-01 2.491e-01 8.072e-05 2.178e-05 1.975e-04 -1.000 4.489e-04 7.900 10.064 9.454 8.448 7.759 7.185 6.442 5.889 5.747
0.00042777 -1.56000 10.07918 0.5000000000 2.2374541759    0.500 -1.059  3.6714  4.834    1  0.000  0.545     0.00     0.00 -1 -5.94e-15      0.00 7.505e-01 2.491e-01 8.072e-05 2.178e-05 1.975e-04 -1.000 4.489e-04 7.418 9.127 8.713 7.822 7.222 6.708 6.035 5.518 5.400
0.00042777 -1.56000 10.07918 0.5500000715 2.2836585045    0.550 -0.846  3.6957  4.759    1  0.000  0.544     0.00     0.00 -1 -1.01e-14      0.00 7.848e-01 2.148e-01 7.031e-05 1.898e-05 1.722e-04 -1.000 3.511e-04 6.885 8.174 7.970 7.175 6.652 6.187 5.587 5.121 5.022
0.00042777 -1.56000 10.07918 0.6000000238 2.3211214542    0.600 -0.636  3.7231  4.697    1  0.000  0.544     0.00     0.00 -1 -1.68e-14      0.00 7.959e-01 2.037e-01 6.714e-05 1.814e-05 1.647e-04 -1.000 3.560e-04 6.360 7.262 7.257 6.564 6.109 5.691 5.170 4.762 4.680
0.00042777 -1.56000 10.07918 0.6107192039 2.3282401562    0.610 -0.589  3.7297  4.684    1  0.000  0.543     0.00     0.00 -1 -1.88e-14      0.00 7.987e-01 2.009e-01 6.635e-05 1.792e-05 1.628e-04 -1.000 3.598e-04 6.243 7.063 7.099 6.431 5.990 5.584 5.080 4.685 4.608
0.00042777 -1.56000 10.07918 0.6218636036 2.3353428841    0.622 -0.540  3.7366  4.670    1  0.000  0.543     0.00     0.00 -1 -2.12e-14      0.00 8.017e-01 1.979e-01 6.550e-05 1.770e-05 1.607e-04 -1.000 3.625e-04 6.120 6.865 6.938 6.295 5.868 5.472 4.986 4.603 4.530
0.00042777 -1.56000 10.07918 0.6326457262 2.3419415951    0.632 -0.492  3.7431  4.656    1  0.000  0.543     0.00     0.00 -1 -2.39e-14      0.00 8.048e-01 1.948e-01 6.464e-05 1.747e-05 1.587e-04 -1.000 3.646e-04 6.001 6.679 6.784 6.164 5.751 5.365 4.895 4.523 4.454
0.00042777 -1.56000 10.07918 0.6426667571 2.3478465080    0.642 -0.448  3.7490  4.641    1  0.000  0.543     0.00     0.00 -1 -1.71e-16      0.00 8.078e-01 1.919e-01 6.381e-05 1.725e-05 1.567e-04 -1.000 3.626e-04 5.889 6.510 6.642 6.043 5.642 5.266 4.809 4.446 4.382
0.00042777 -1.56000 10.07918 0.6499999762 2.3520355225    0.650 -0.414  3.7533  4.630    1  0.000  0.543     0.00     0.00 -1  -2.9e-14      0.00 8.100e-01 1.896e-01 6.318e-05 1.708e-05 1.552e-04 -1.000 3.615e-04 5.806 6.388 6.538 5.955 5.563 5.194 4.747 4.389 4.329
0.00042777 -1.56000 10.07918 0.6584811807 2.3567464352    0.658 -0.376  3.7579  4.616    1  0.000  0.542     0.00     0.00 -1  -3.2e-14      0.00 8.132e-01 1.864e-01 6.226e-05 1.684e-05 1.530e-04 -1.000 3.660e-04 5.710 6.249 6.418 5.853 5.470 5.109 4.673 4.322 4.266
0.00042777 -1.56000 10.07918 0.6705570221 2.3632183075    0.670 -0.320  3.7642  4.593    1  0.000  0.542     0.00     0.00 -1  -3.7e-14      0.00 8.181e-01 1.815e-01 6.090e-05 1.647e-05 1.498e-04 -1.000 3.635e-04 5.570 6.058 6.249 5.707 5.337 4.987 4.564 4.221 4.171
0.00042777 -1.56000 10.07918 0.6816502810 2.3689315319    0.681 -0.267  3.7700  4.571    1  0.000  0.542     0.00     0.00 -1 -4.04e-14      0.00 8.229e-01 1.768e-01 5.956e-05 1.612e-05 1.465e-04 -1.000 3.494e-04 5.438 5.884 6.093 5.571 5.213 4.871 4.460 4.125 4.079
0.00042777 -1.56000 10.07918 0.6922271848 2.3741834164    0.692 -0.216  3.7753  4.547    1  0.000  0.541     0.00     0.00 -1 -3.89e-14      0.00 8.278e-01 1.719e-01 5.820e-05 1.576e-05 1.433e-04 -1.000 2.812e-04 5.309 5.719 5.941 5.439 5.091 4.758 4.358 4.031 3.989
0.00042777 -1.56000 10.07918 0.6999999881 2.3779268265    0.700 -0.177  3.7791  4.528    1  0.000  0.541     0.00     0.00 -1 -5.42e-14      0.00 8.316e-01 1.682e-01 5.715e-05 1.548e-05 1.408e-04 -1.000 2.783e-04 5.211 5.596 5.827 5.339 4.998 4.672 4.280 3.957 3.919
0.00042777 -1.56000 10.07918 0.7028005123 2.3792521954    0.702 -0.162  3.7805  4.521    1  0.000  0.541     0.00     0.00 -1 -5.64e-14      0.00 8.332e-01 1.665e-01 5.664e-05 1.535e-05 1.397e-04 -1.000 2.820e-04 5.176 5.552 5.786 5.302 4.964 4.640 4.251 3.930 3.893
0.00042777 -1.56000 10.07918 0.7124448419 2.3837251663    0.712 -0.111  3.7849  4.493    1  0.000  0.539     0.00     0.00 -1  -6.5e-14      0.00 8.388e-01 1.609e-01 5.494e-05 1.493e-05 1.360e-04 -1.000 2.786e-04 5.048 5.401 5.640 5.172 4.843 4.526 4.146 3.832 3.798
0.00042777 -1.56000 10.07918 0.7209095955 2.3875377178    0.721 -0.064  3.7888  4.467    1  0.000  0.537     0.00     0.00 -1 -7.43e-14      0.00 8.437e-01 1.561e-01 5.349e-05 1.458e-05 1.328e-04 -1.000 2.757e-04 4.930 5.265 5.507 5.052 4.730 4.420 4.048 3.739 3.708
0.00042777 -1.56000 10.07918 0.7292672396 2.3912022114    0.729 -0.015  3.7925  4.438    1  0.000  0.535     0.00     0.00 -1 -8.54e-14      0.00 8.482e-01 1.515e-01 5.213e-05 1.425e-05 1.299e-04 -1.000 2.953e-04 4.808 5.127 5.370 4.927 4.612 4.308 3.944 3.642 3.613
0.00042777 -1.56000 10.07918 0.7364449501 2.3942732811    0.736  0.029  3.7955  4.410    1  0.000  0.533     0.00     0.00 -1 -9.71e-14      0.00 8.520e-01 1.477e-01 5.105e-05 1.398e-05 1.276e-04 -1.000 2.878e-04 4.697 5.005 5.247 4.814 4.506 4.207 3.849 3.552 3.525
0.00042777 -1.56000 10.07918 0.7433983684 2.3971834183    0.743  0.074  3.7983  4.380    1  0.000  0.532     0.00     0.00 -1 -1.02e-14      0.00 8.554e-01 1.443e-01 5.009e-05 1.375e-05 1.255e-04 -1.000 2.784e-04 4.584 4.882 5.122 4.699 4.396 4.102 3.751 3.458 3.433
0.00042777 -1.56000 10.07918 0.7500000000 2.3998889923    0.749  0.120  3.8009  4.349    1  0.000  0.530     0.00     0.00 -1 -1.27e-13      0.00 8.584e-01 1.413e-01 4.926e-05 1.355e-05 1.238e-04 -1.000 2.830e-04 4.471 4.760 4.998 4.584 4.286 3.996 3.650 3.363 3.339
0.00042777 -1.56000 10.07918 0.7552189231 2.4019894600    0.755  0.157  3.8029  4.322    1  0.000  0.530     0.00     0.00 -1 -1.42e-13      0.00 8.596e-01 1.401e-01 4.910e-05 1.351e-05 1.235e-04 -1.000 2.810e-04 4.378 4.662 4.896 4.488 4.194 3.908 3.567 3.283 3.261
0.00042777 -1.56000 10.07918 0.7617733479 2.4045805931    0.761  0.207  3.8053  4.285    1  0.000  0.530     0.00     0.00 -1 -1.66e-13      0.00 8.609e-01 1.389e-01 4.893e-05 1.347e-05 1.231e-04 -1.000 2.659e-04 4.252 4.531 4.760 4.360 4.071 3.789 3.453 3.174 3.153
0.00042777 -1.56000 10.07918 0.7677709460 2.4069070816    0.767  0.257  3.8071  4.246    1  0.000  0.529     0.00     0.00 -1 -1.94e-13      0.00 8.619e-01 1.378e-01 4.881e-05 1.344e-05 1.230e-04 -1.000 2.818e-04 4.128 4.403 4.627 4.234 3.949 3.670 3.338 3.063 3.043
0.00042777 -1.56000 10.07918 0.7733577490 2.4090368748    0.772  0.306  3.8084  4.205    1  0.000  0.529     0.00     0.00 -1 -2.26e-13      0.00 8.616e-01 1.381e-01 4.903e-05 1.351e-05 1.235e-04 -1.000 3.001e-04 4.005 4.279 4.497 4.109 3.827 3.550 3.221 2.949 2.929
0.00042777 -1.56000 10.07918 0.7771853805 2.4104757309    0.776  0.341  3.8089  4.174    1  0.000  0.529     0.00     0.00 -1 -2.55e-13      0.00 8.611e-01 1.386e-01 4.926e-05 1.357e-05 1.241e-04 -1.000 3.117e-04 3.917 4.190 4.405 4.019 3.738 3.463 3.136 2.865 2.845
0.00042777 -1.56000 10.07918 0.7786052823 2.4110052586    0.778  0.356  3.8088  4.160    1  0.000  0.529     0.00     0.00 -1 -2.68e-13      0.00 8.609e-01 1.388e-01 4.935e-05 1.359e-05 1.243e-04 -1.000 3.141e-04 3.880 4.155 4.368 3.982 3.702 3.427 3.099 2.828 2.808
0.00042777 -1.56000 10.07918 0.7841271758 2.4130439758    0.783  0.416  3.8075  4.098    1  0.000  0.529     0.00     0.00 -1 -3.27e-13      0.00 8.601e-01 1.396e-01 4.970e-05 1.369e-05 1.253e-04 -1.000 3.232e-04 3.731 4.012 4.220 3.832 3.549 3.273 2.942 2.669 2.649
0.00042777 -1.56000 10.07918 0.7883281708 2.4145729542    0.787  0.469  3.8044  4.035    1  0.000  0.529     0.00     0.00 -1 -3.96e-13      0.00 8.595e-01 1.402e-01 4.997e-05 1.377e-05 1.260e-04 -1.000 3.299e-04 3.599 3.892 4.096 3.701 3.413 3.132 2.794 2.516 2.494
0.00042777 -1.56000 10.07918 0.7890445590 2.4148318768    0.788  0.478  3.8035  4.022    1  0.000  0.529     0.00     0.00 -1 -4.14e-13      0.00 8.594e-01 1.403e-01 5.002e-05 1.378e-05 1.261e-04 -1.000 3.312e-04 3.574 3.870 4.074 3.676 3.388 3.105 2.765 2.485 2.463
0.00042777 -1.56000 10.07918 0.7897350788 2.4150810242    0.788  0.489  3.8024  4.007    1  0.000  0.529     0.00     0.00 -1 -4.31e-13      0.00 8.593e-01 1.404e-01 5.006e-05 1.379e-05 1.262e-04 -1.000 3.322e-04 3.547 3.848 4.051 3.651 3.360 3.076 2.733 2.451 2.428
0.00042777 -1.56000 10.07918 0.7920510173 2.4159123898    0.791  0.526  3.7976  3.952    2  0.000  0.529     0.00     0.00 -1 -4.98e-13      0.00 8.589e-01 1.407e-01 5.021e-05 1.383e-05 1.266e-04 -1.000 3.360e-04 3.454 3.772 3.973 3.560 3.261 2.969 2.616 2.325 2.300
0.00042777 -1.56000 10.07918 0.7938166857 2.4165427685    0.792  0.559  3.7919  3.897    2  0.000  0.529     0.00     0.00 -1  -5.7e-13      0.00 8.584e-01 1.413e-01 5.043e-05 1.389e-05 1.271e-04 -1.000 3.389e-04 3.373 3.713 3.912 3.483 3.173 2.873 2.506 2.205 2.176
0.00042777 -1.56000 10.07918 0.7951958179 2.4170327187    0.794  0.588  3.7848  3.841    2  0.000  0.529     0.00     0.00 -1 -6.51e-13      0.00 8.567e-01 1.429e-01 5.099e-05 1.405e-05 1.285e-04 -1.000 3.421e-04 3.299 3.670 3.865 3.415 3.093 2.781 2.398 2.084 2.052
0.00042777 -1.56000 10.07918 0.7963052988 2.4174256325    0.795  0.614  3.7777  3.787    2  0.000  0.530     0.00     0.00 -1 -7.34e-13      0.00 8.429e-01 1.568e-01 5.535e-05 1.523e-05 1.392e-04 -1.000 3.444e-04 3.235 3.641 3.830 3.358 3.023 2.699 2.300 1.973 1.936
0.00042777 -1.56000 10.07918 0.7972345352 2.4177534580    0.796  0.637  3.7704  3.735    2  0.000  0.532     0.00     0.00 -1 -8.21e-13      0.00 8.221e-01 1.776e-01 6.121e-05 1.681e-05 1.534e-04 -1.000 3.510e-04 3.177 3.623 3.802 3.307 2.959 2.623 2.207 1.867 1.826
0.00042777 -1.56000 10.07918 0.7980529666 2.4180417061    0.796  0.661  3.7634  3.684    2  0.000  0.534     0.00     0.00 -1 -4.13e-13      0.00 8.017e-01 1.979e-01 6.635e-05 1.819e-05 1.657e-04 -1.000 3.641e-04 3.119 3.607 3.775 3.257 2.895 2.548 2.115 1.763 1.717
0.00042777 -1.56000 10.07918 0.7987781167 2.4182965755    0.797  0.686  3.7568  3.632    2  0.000  0.535     0.00     0.00 -1  -4.6e-13      0.00 7.875e-01 2.121e-01 6.991e-05 1.914e-05 1.742e-04 -1.000 3.720e-04 3.054 3.585 3.741 3.201 2.827 2.469 2.021 1.657 1.607
0.00042777 -1.56000 10.07918 0.7994953394 2.4185478687    0.798  0.720  3.7507  3.575    2  0.000  0.536     0.00     0.00 -1 -8.53e-13      0.00 7.782e-01 2.214e-01 7.225e-05 1.977e-05 1.798e-04 -1.000 4.044e-04 2.971 3.545 3.688 3.126 2.741 2.373 1.910 1.536 1.481
0.00042777 -1.56000 10.07918 0.8000000119 2.4187245369    0.798  0.750  3.7468  3.530    2  0.000  0.536     0.00     0.00 -1 -1.35e-12      0.00 7.738e-01 2.258e-01 7.337e-05 2.006e-05 1.824e-04 -1.000 4.078e-04 2.896 3.499 3.632 3.058 2.665 2.291 1.819 1.437 1.379
0.00042777 -1.56000 10.07918 0.8004496098 2.4188816547    0.799  0.781  3.7438  3.487    2  0.000  0.536     0.00     0.00 -1 -1.53e-12      0.00 7.708e-01 2.288e-01 7.411e-05 2.026e-05 1.842e-04 -1.000 3.659e-04 2.818 3.444 3.570 2.985 2.587 2.208 1.728 1.341 1.281
0.00042777 -1.56000 10.07918 0.8006302118 2.4189448357    0.799  0.796  3.7429  3.468    2  0.000  0.536     0.00     0.00 -1 -1.61e-12      0.00 7.698e-01 2.298e-01 7.433e-05 2.032e-05 1.847e-04 -1.000 3.772e-04 2.781 3.415 3.537 2.950 2.550 2.169 1.687 1.298 1.238
0.00042777 -1.56000 10.07918 0.8011149764 2.4191138744    0.799  0.837  3.7404  3.418    3  0.000  0.537     0.00     0.00 -1 -1.87e-12      0.00 7.673e-01 2.322e-01 7.487e-05 2.046e-05 1.860e-04 -1.000 4.413e-04 2.679 3.331 3.447 2.852 2.447 2.063 1.574 1.181 1.119
0.00042777 -1.56000 10.07918 0.8016451597 2.4192986488    0.800  0.885  3.7381  3.360    3  0.000  0.537     0.00     0.00 -1 -2.23e-12      0.00 7.650e-01 2.346e-01 7.535e-05 2.059e-05 1.872e-04 -1.000 4.083e-04 2.556 3.230 3.337 2.734 2.325 1.937 1.442 1.043 0.979
0.00042777 -1.56000 10.07918 0.8020952344 2.4194550514    0.800  0.930  3.7363  3.308    3  0.000  0.537     0.00     0.00 -1 -2.63e-12      0.00 7.631e-01 2.365e-01 7.568e-05 2.068e-05 1.880e-04 -1.000 4.074e-04 2.444 3.134 3.234 2.625 2.214 1.823 1.322 0.919 0.854
0.00042777 -1.56000 10.07918 0.8025253415 2.4196045399    0.800  0.976  3.7346  3.256    3  0.000  0.537     0.00     0.00 -1  -3.1e-12      0.00 7.614e-01 2.382e-01 7.595e-05 2.076e-05 1.886e-04 -1.000 4.490e-04 2.330 3.035 3.128 2.514 2.099 1.706 1.200 0.792 0.728
0.00042777 -1.56000 10.07918 0.8029622436 2.4197561741    0.801  1.026  3.7330  3.199    3  0.000  0.537     0.00     0.00 -1 -3.71e-12      0.00 7.596e-01 2.400e-01 7.618e-05 2.083e-05 1.892e-04 -1.000 4.471e-04 2.204 2.924 3.011 2.392 1.975 1.578 1.068 0.656 0.590
0.00042777 -1.56000 10.07918 0.8033637404 2.4198951721    0.801  1.076  3.7315  3.144    3  0.000  0.536     0.00     0.00 -1 -4.43e-12      0.00 7.579e-01 2.416e-01 7.632e-05 2.089e-05 1.897e-04 -1.000 4.410e-04 2.080 2.813 2.895 2.271 1.851 1.452 0.937 0.520 0.454
0.00042777 -1.56000 10.07918 0.8037241697 2.4200201035    0.801  1.124  3.7300  3.089    3  0.000  0.536     0.00     0.00 -1 -5.28e-12      0.00 7.565e-01 2.431e-01 7.637e-05 2.095e-05 1.901e-04 -1.000 4.155e-04 1.959 2.705 2.782 2.153 1.731 1.329 0.809 0.389 0.322
0.00042777 -1.56000 10.07918 0.8040392399 2.4201290607    0.802  1.170  3.7286  3.038    3  0.000  0.535     0.00     0.00 -1 -6.22e-12      0.00 7.552e-01 2.444e-01 7.635e-05 2.103e-05 1.904e-04 -1.000 4.008e-04 1.845 2.605 2.675 2.042 1.617 1.214 0.689 0.265 0.198
0.00042777 -1.56000 10.07918 0.8043462634 2.4202351570    0.802  1.219  3.7271  2.984    3  0.000  0.533     0.00     0.00 -1  -7.4e-12      0.00 7.539e-01 2.457e-01 7.623e-05 2.115e-05 1.906e-04 -1.000 4.466e-04 1.723 2.497 2.562 1.924 1.496 1.091 0.561 0.133 0.066
0.00042777 -1.56000 10.07918 0.8046407104 2.4203367233    0.802  1.270  3.7255  2.926    3  0.000  0.532     0.00     0.00 -1 -8.89e-12      0.00 7.528e-01 2.467e-01 7.604e-05 2.132e-05 1.908e-04 -1.000 4.203e-04 1.596 2.386 2.443 1.800 1.370 0.961 0.427 -0.005 -0.073
0.00042777 -1.56000 10.07918 0.8048876524 2.4204218388    0.802  1.316  3.7240  2.874    3  0.000  0.530     0.00     0.00 -1 -1.05e-11      0.00 7.520e-01 2.476e-01 7.582e-05 2.152e-05 1.909e-04 -1.000 3.967e-04 1.479 2.285 2.335 1.686 1.254 0.843 0.304 -0.132 -0.200
0.00042777 -1.56000 10.07918 0.8051127791 2.4204995632    0.802  1.363  3.7225  2.822    3  0.000  0.528     0.00     0.00 -1 -1.24e-11      0.00 7.513e-01 2.483e-01 7.558e-05 2.174e-05 1.910e-04 -1.000 4.484e-04 1.363 2.184 2.228 1.574 1.139 0.726 0.182 -0.258 -0.327
0.00042777 -1.56000 10.07918 0.8053245544 2.4205725193    0.802  1.410  3.7209  2.768    3  0.000  0.526     0.00     0.00 -1 -1.47e-11      0.00 7.507e-01 2.488e-01 7.535e-05 2.196e-05 1.912e-04 -1.000 4.462e-04 1.245 2.082 2.118 1.459 1.021 0.606 0.057 -0.386 -0.456
0.00042777 -1.56000 10.07918 0.8055118322 2.4206368923    0.802  1.456  3.7193  2.716    3  0.000  0.525     0.00     0.00 -1 -1.74e-11      0.00 7.504e-01 2.492e-01 7.518e-05 2.215e-05 1.912e-04 -1.000 4.448e-04 1.131 1.984 2.014 1.349 0.908 0.490 -0.063 -0.511 -0.582
0.00042777 -1.56000 10.07918 0.8056898713 2.4206981659    0.802  1.503  3.7176  2.662    3  0.000  0.524     0.00     0.00 -1 -2.06e-11      0.00 7.501e-01 2.495e-01 7.504e-05 2.229e-05 1.913e-04 -1.000 4.468e-04 1.012 1.883 1.906 1.235 0.791 0.370 -0.189 -0.642 -0.713
0.00042777 -1.56000 10.07918 0.8058468103 2.4207522869    0.802  1.549  3.7160  2.609    3  0.000  0.523     0.00     0.00 -1 -2.44e-11      0.00 7.499e-01 2.497e-01 7.495e-05 2.239e-05 1.913e-04 -1.000 4.489e-04 0.897 1.787 1.801 1.124 0.677 0.253 -0.310 -0.767 -0.839
0.00042777 -1.56000 10.07918 0.8059864640 2.4208002090    0.802  1.593  3.7143  2.558    3  0.000  0.523     0.00     0.00 -1 -2.86e-11      0.00 7.498e-01 2.498e-01 7.491e-05 2.244e-05 1.913e-04 -1.000 4.488e-04 0.786 1.694 1.701 1.018 0.568 0.141 -0.428 -0.890 -0.962
0.00042777 -1.56000 10.07918 0.8061195612 2.4208459854    0.802  1.640  3.7126  2.505    3  0.000  0.522     0.00     0.00 -1 -3.38e-11      0.00 7.498e-01 2.498e-01 7.489e-05 2.247e-05 1.913e-04 -1.000 4.489e-04 0.671 1.596 1.597 0.907 0.454 0.024 -0.550 -1.017 -1.089
0.00042777 -1.56000 10.07918 0.8062400222 2.4208874702    0.802  1.685  3.7108  2.452    3  0.000  0.522     0.00     0.00 -1 -3.99e-11      0.00 7.498e-01 2.498e-01 7.488e-05 2.247e-05 1.913e-04 -1.000 4.489e-04 0.558 1.506 1.495 0.798 0.341 -0.092 -0.671 -1.142 -1.215
0.00042777 -1.56000 10.07918 0.8063461185 2.4209239483    0.802  1.729  3.7090  2.402    3  0.000  0.522     0.00     0.00 -1 -4.68e-11      0.00 7.497e-01 2.498e-01 7.488e-05 2.248e-05 1.913e-04 -1.000 4.489e-04 0.449 1.420 1.399 0.694 0.233 -0.203 -0.787 -1.262 -1.336
0.00042777 -1.56000 10.07918 0.8064435720 2.4209573269    0.802  1.772  3.7073  2.351    3  0.000  0.522     0.00     0.00 -1 -5.48e-11      0.00 7.497e-01 2.498e-01 7.487e-05 2.249e-05 1.913e-04 -1.000 4.489e-04 0.341 1.337 1.303 0.590 0.126 -0.313 -0.903 -1.382 -1.457
0.00042777 -1.56000 10.07918 0.8065378070 2.4209897518    0.802  1.817  3.7054  2.298    3  0.000  0.522     0.00     0.00 -1 -6.47e-11      0.00 7.497e-01 2.498e-01 7.487e-05 2.249e-05 1.913e-04 -1.000 4.488e-04 0.227 1.250 1.204 0.482 0.014 -0.428 -1.024 -1.507 -1.583
0.00042777 -1.56000 10.07918 0.8066203594 2.4210178852    0.801  1.860  3.7035  2.248    3  0.000  0.522     0.00     0.00 -1 -7.57e-11      0.00 7.497e-01 2.498e-01 7.486e-05 2.250e-05 1.913e-04 -1.000 4.489e-04 0.120 1.168 1.110 0.380 -0.092 -0.538 -1.139 -1.627 -1.703
0.00042777 -1.56000 10.07918 0.8066962957 2.4210441113    0.801  1.902  3.7017  2.198    3  0.000  0.522     0.00     0.00 -1 -8.84e-11      0.00 7.497e-01 2.498e-01 7.486e-05 2.250e-05 1.913e-04 -1.000 4.489e-04 0.014 1.088 1.018 0.279 -0.197 -0.646 -1.252 -1.745 -1.822
0.00042777 -1.56000 10.07918 0.8067681789 2.4210686684    0.801  1.946  3.6998  2.147    3  0.000  0.522     0.00     0.00 -1 -1.04e-10      0.00 7.497e-01 2.498e-01 7.486e-05 2.251e-05 1.913e-04 -1.000 4.489e-04 -0.094 1.007 0.926 0.177 -0.303 -0.756 -1.368 -1.865 -1.943
0.00042777 -1.56000 10.07918 0.8068314195 2.4210903645    0.800  1.986  3.6979  2.099    3  0.000  0.522     0.00     0.00 -1  -1.2e-10      0.00 7.497e-01 2.498e-01 7.485e-05 2.251e-05 1.913e-04 -1.000 4.490e-04 -0.194 0.935 0.840 0.083 -0.402 -0.857 -1.475 -1.977 -2.056
0.00042777 -1.56000 10.07918 0.8068923354 2.4211113453    0.800  2.024  3.6962  2.054    3  0.000  0.522     0.00     0.00 -1 -1.38e-10      0.00 7.497e-01 2.498e-01 7.485e-05 2.252e-05 1.913e-04 -1.000 4.489e-04 -0.291 0.865 0.758 -0.007 -0.496 -0.955 -1.579 -2.086 -2.165
0.00042777 -1.56000 10.07918 0.8069555759 2.4211330414    0.800  2.060  3.6945  2.011    3  0.000  0.522     0.00     0.00 -1 -1.58e-10      0.00 7.497e-01 2.499e-01 7.485e-05 2.252e-05 1.913e-04 -1.000 4.489e-04 -0.381 0.800 0.682 -0.092 -0.584 -1.047 -1.675 -2.187 -2.267
0.00042777 -1.56000 10.07918 0.8070121408 2.4211523533    0.799  2.085  3.6934  1.981    3  0.000  0.522     0.00     0.00 -1 -1.73e-10      0.00 7.497e-01 2.499e-01 7.485e-05 2.252e-05 1.913e-04 -1.000 4.489e-04 -0.442 0.756 0.630 -0.150 -0.645 -1.109 -1.741 -2.256 -2.336
0.00042777 -1.56000 10.07918 0.8070550561 2.4211671352    0.799  2.071  3.6943  1.998    3  0.000  0.522     0.00     0.00 -1 -1.67e-10      0.00 7.497e-01 2.499e-01 7.484e-05 2.253e-05 1.913e-04 -1.000 4.489e-04 -0.409 0.775 0.656 -0.119 -0.612 -1.075 -1.704 -2.216 -2.296
0.00042777 -1.56000 10.07918 0.8070607185 2.4211690426    0.799  2.070  3.6945  2.001    3  0.000  0.522     0.00     0.00 -1 -1.66e-10      0.00 7.497e-01 2.499e-01 7.484e-05 2.253e-05 1.913e-04 -1.000 4.489e-04 -0.404 0.777 0.659 -0.115 -0.608 -1.070 -1.699 -2.210 -2.290
0.00042777 -1.56000 10.07918 0.8070909381 2.4211792946    0.799  2.096  3.6932  1.969    3  0.000  0.522     0.00     0.00 -1 -1.81e-10      0.00 7.497e-01 2.499e-01 7.484e-05 2.253e-05 1.913e-04 -1.000 4.489e-04 -0.470 0.733 0.605 -0.176 -0.672 -1.137 -1.769 -2.285 -2.365
0.00042777 -1.56000 10.07918 0.8071367741 2.4211950302    0.798  2.138  3.6912  1.919    3  0.000  0.522     0.00     0.00 -1  -2.1e-10      0.00 7.497e-01 2.499e-01 7.484e-05 2.253e-05 1.913e-04 -1.000 4.489e-04 -0.575 0.665 0.518 -0.274 -0.775 -1.244 -1.883 -2.404 -2.485
0.00042777 -1.56000 10.07918 0.8071795106 2.4212098122    0.798  2.180  3.6890  1.868    3  0.000  0.522     0.00     0.00 -1 -2.45e-10      0.00 7.497e-01 2.499e-01 7.484e-05 2.253e-05 1.913e-04 -1.000 4.489e-04 -0.680 0.598 0.433 -0.371 -0.877 -1.350 -1.997 -2.524 -2.606
0.00042777 -1.56000 10.07918 0.8072188497 2.4212231636    0.797  2.222  3.6869  1.818    3  0.000  0.522     0.00     0.00 -1 -2.86e-10      0.00 7.497e-01 2.499e-01 7.484e-05 2.254e-05 1.913e-04 -1.000 4.489e-04 -0.784 0.533 0.350 -0.467 -0.978 -1.455 -2.109 -2.643 -2.726
0.00042777 -1.56000 10.07918 0.8072534204 2.4212350845    0.797  2.261  3.6848  1.770    3  0.000  0.522     0.00     0.00 -1 -3.32e-10      0.00 7.497e-01 2.499e-01 7.483e-05 2.254e-05 1.913e-04 -1.000 4.488e-04 -0.883 0.499 0.278 -0.559 -1.077 -1.557 -2.219 -2.759 -2.840
0.00042777 -1.56000 10.07918 0.8072870970 2.4212465286    0.796  2.302  3.6827  1.720    3  0.000  0.522     0.00     0.00 -1 -3.86e-10      0.00 7.497e-01 2.499e-01 7.483e-05 2.254e-05 1.913e-04 -1.000 4.489e-04 -0.986 0.463 0.204 -0.657 -1.181 -1.664 -2.332 -2.879 -2.959
0.00042777 -1.56000 10.07918 0.8073167801 2.4212567806    0.796  2.341  3.6804  1.671    3  0.000  0.522     0.00     0.00 -1 -4.47e-10      0.00 7.497e-01 2.499e-01 7.483e-05 2.254e-05 1.913e-04 -1.000 4.489e-04 -1.083 0.434 0.138 -0.746 -1.278 -1.765 -2.440 -2.993 -3.073
0.00042777 -1.56000 10.07918 0.8073455095 2.4212665558    0.795  2.381  3.6783  1.622    3  0.000  0.522     0.00     0.00 -1 -5.19e-10      0.00 7.497e-01 2.499e-01 7.483e-05 2.254e-05 1.913e-04 -1.000 4.489e-04 -1.184 0.403 0.069 -0.838 -1.378 -1.869 -2.551 -3.110 -3.188
0.00042777 -1.56000 10.07918 0.8073710203 2.4212753773    0.794  2.420  3.6761  1.575    3  0.000  0.522     0.00     0.00 -1    -6e-10      0.00 7.497e-01 2.499e-01 7.483e-05 2.255e-05 1.913e-04 -1.000 4.488e-04 -1.280 0.381 0.007 -0.925 -1.472 -1.968 -2.657 -3.222 -3.300
0.00042777 -1.56000 10.07918 0.8074007630 2.4212853909    0.793  2.468  3.6733  1.515    3  0.000  0.522     0.00     0.00 -1 -7.17e-10      0.00 7.497e-01 2.499e-01 7.483e-05 2.255e-05 1.913e-04 -1.000 4.489e-04 -1.400 0.357 -0.069 -1.032 -1.590 -2.091 -2.790 -3.363 -3.440
0.00042777 -1.56000 10.07918 0.8074271679 2.4212944508    0.792  2.514  3.6705  1.457    3  0.000  0.522     0.00     0.00 -1 -8.53e-10      0.00 7.497e-01 2.499e-01 7.483e-05 2.255e-05 1.913e-04 -1.000 4.489e-04 -1.516 0.286 -0.156 -1.131 -1.697 -2.205 -2.915 -3.496 -3.576
0.00042777 -1.56000 10.07918 0.8074479699 2.4213016033    0.791  2.554  3.6683  1.408    3  0.000  0.522     0.00     0.00 -1  -9.9e-10      0.00 7.497e-01 2.499e-01 7.483e-05 2.255e-05 1.913e-04 -1.000 4.489e-04 -1.614 0.275 -0.213 -1.216 -1.792 -2.305 -3.023 -3.610 -3.689
0.00042777 -1.56000 10.07918 0.8074700236 2.4213092327    0.790  2.598  3.6655  1.351    3  0.000  0.522     0.00     0.00 -1 -1.17e-09      0.00 7.497e-01 2.499e-01 7.482e-05 2.255e-05 1.913e-04 -1.000 4.489e-04 -1.726 0.276 -0.272 -1.311 -1.899 -2.420 -3.147 -3.742 -3.821
0.00042777 -1.56000 10.07918 0.8074876666 2.4213151932    0.789  2.637  3.6632  1.303    3  0.000  0.522     0.00     0.00 -1 -1.36e-09      0.00 7.497e-01 2.499e-01 7.482e-05 2.255e-05 1.913e-04 -1.000 4.489e-04 -1.822 0.278 -0.322 -1.393 -1.991 -2.518 -3.254 -3.855 -3.933
0.00042777 -1.56000 10.07918 0.8075063229 2.4213216305    0.788  2.680  3.6604  1.247    3  0.000  0.522     0.00     0.00 -1  -1.6e-09      0.00 7.497e-01 2.499e-01 7.482e-05 2.255e-05 1.913e-04 -1.000 4.489e-04 -1.931 0.297 -0.371 -1.483 -2.095 -2.629 -3.375 -3.984 -4.062
0.00042777 -1.56000 10.07918 0.8075241446 2.4213278294    0.786  2.725  3.6575  1.190    3  0.000  0.522     0.00     0.00 -1 -1.89e-09      0.00 7.497e-01 2.499e-01 7.482e-05 2.256e-05 1.913e-04 -1.000 4.489e-04 -2.043 0.318 -0.419 -1.573 -2.199 -2.741 -3.500 -4.117 -4.194
0.00042777 -1.56000 10.07918 0.8075407743 2.4213335514    0.784  2.770  3.6546  1.132    3  0.000  0.522     0.00     0.00 -1 -2.25e-09      0.00 7.497e-01 2.499e-01 7.482e-05 2.256e-05 1.913e-04 -1.000 4.489e-04 -2.156 0.310 -0.479 -1.662 -2.302 -2.852 -3.623 -4.249 -4.328
0.00042777 -1.56000 10.07918 0.8075552583 2.4213383198    0.782  2.813  3.6517  1.078    3  0.000  0.522     0.00     0.00 -1 -2.64e-09      0.00 7.496e-01 2.499e-01 7.482e-05 2.256e-05 1.913e-04 -1.000 4.489e-04 -2.262 0.309 -0.531 -1.745 -2.397 -2.956 -3.738 -4.373 -4.453
0.00042777 -1.56000 10.07918 0.8075694442 2.4213433266    0.780  2.857  3.6488  1.021    3  0.000  0.522     0.00     0.00 -1 -3.13e-09      0.00 7.496e-01 2.499e-01 7.482e-05 2.256e-05 1.913e-04 -1.000 4.489e-04 -2.372 0.305 -0.588 -1.832 -2.496 -3.064 -3.858 -4.503 -4.584
0.00042777 -1.56000 10.07918 0.8075817227 2.4213473797    0.778  2.898  3.6459  0.967    3  0.000  0.522     0.00     0.00 -1 -3.67e-09      0.00 7.496e-01 2.499e-01 7.482e-05 2.256e-05 1.913e-04 -1.000 4.489e-04 -2.476 0.317 -0.631 -1.908 -2.587 -3.163 -3.971 -4.625 -4.708
0.00042777 -1.56000 10.07918 0.8075936437 2.4213514328    0.776  2.941  3.6430  0.911    3  0.000  0.522     0.00     0.00 -1 -4.32e-09      0.00 7.496e-01 2.499e-01 7.482e-05 2.256e-05 1.913e-04 -1.000 4.488e-04 -2.583 0.335 -0.673 -1.985 -2.680 -3.267 -4.088 -4.751 -4.835
0.00042777 -1.56000 10.07918 0.8076047897 2.4213552475    0.773  2.984  3.6401  0.855    3  0.000  0.522     0.00     0.00 -1  -5.1e-09      0.00 7.496e-01 2.499e-01 7.482e-05 2.256e-05 1.913e-04 -1.000 4.489e-04 -2.690 0.355 -0.714 -2.062 -2.773 -3.370 -4.205 -4.877 -4.963
0.00042777 -1.56000 10.07918 0.8076145053 2.4213585854    0.770  3.024  3.6372  0.801    3  0.000  0.522     0.00     0.00 -1 -5.95e-09      0.00 7.496e-01 2.499e-01 7.482e-05 2.256e-05 1.913e-04 -1.000 4.489e-04 -2.790 0.383 -0.747 -2.130 -2.857 -3.465 -4.314 -4.995 -5.084
0.00042777 -1.56000 10.07918 0.8076239824 2.4213619232    0.767  3.065  3.6343  0.747    3  0.000  0.522     0.00     0.00 -1 -6.98e-09      0.00 7.496e-01 2.499e-01 7.482e-05 2.256e-05 1.913e-04 -1.000 4.489e-04 -2.893 0.409 -0.782 -2.201 -2.945 -3.563 -4.425 -5.117 -5.208
0.00042777 -1.56000 10.07918 0.8076328039 2.4213650227    0.764  3.106  3.6313  0.692    3  0.000  0.522     0.00     0.00 -1 -8.19e-09      0.00 7.496e-01 2.499e-01 7.482e-05 2.256e-05 1.913e-04 -1.000 4.489e-04 -2.995 0.437 -0.816 -2.271 -3.031 -3.660 -4.537 -5.238 -5.331
0.00042777 -1.56000 10.07918 0.8076408505 2.4213676453    0.760  3.146  3.6284  0.639    3  0.000  0.522     0.00     0.00 -1 -9.57e-09      0.00 7.496e-01 2.499e-01 7.482e-05 2.256e-05 1.913e-04 -1.000 4.489e-04 -3.095 0.470 -0.845 -2.335 -3.113 -3.753 -4.644 -5.356 -5.450
0.00042777 -1.56000 10.07918 0.8076488972 2.4213705063    0.756  3.188  3.6255  0.583    3  0.000  0.522     0.00     0.00 -1 -1.13e-08      0.00 7.496e-01 2.499e-01 7.482e-05 2.256e-05 1.913e-04 -1.000 4.489e-04 -3.199 0.500 -0.878 -2.404 -3.199 -3.850 -4.757 -5.478 -5.575
0.00042777 -1.56000 10.07918 0.8076560497 2.4213728905    0.751  3.227  3.6226  0.529    3  0.000  0.522     0.00     0.00 -1 -1.32e-08      0.00 7.496e-01 2.499e-01 7.482e-05 2.256e-05 1.913e-04 -1.000 4.489e-04 -3.298 0.537 -0.904 -2.466 -3.279 -3.942 -4.863 -5.595 -5.694
0.00042777 -1.56000 10.07918 0.8076629639 2.4213752747    0.746  3.267  3.6197  0.475    3  0.000  0.522     0.00     0.00 -1 -1.54e-08      0.00 7.496e-01 2.499e-01 7.482e-05 2.256e-05 1.913e-04 -1.000 4.488e-04 -3.398 0.578 -0.926 -2.526 -3.359 -4.034 -4.971 -5.713 -5.814
0.00042777 -1.56000 10.07918 0.8076687455 2.4213771820    0.741  3.299  3.6175  0.431    3  0.000  0.522     0.00     0.00 -1 -1.76e-08      0.00 7.496e-01 2.499e-01 7.482e-05 2.257e-05 1.913e-04 -1.000 4.489e-04 -3.477 0.615 -0.937 -2.569 -3.420 -4.107 -5.056 -5.806 -5.910
0.00042777 -1.56000 10.07918 0.8076687455 2.4213771820    0.741  1.718  3.7867  2.689    4  0.000  0.526     0.00     0.00 -1    -1e-30      0.00 7.441e-01 2.555e-01 7.711e-05 2.262e-05 1.958e-04 -1.000 4.489e-04 0.475 0.894 0.963 0.550 0.247 -0.050 -0.427 -0.723 -0.756
0.00042777 -1.56000 10.07918 0.8076720834 2.4213783741    0.741  1.724  3.7849  2.675    4  0.000  0.526     0.00     0.00 -1    -1e-30      0.00 7.441e-01 2.555e-01 7.711e-05 2.262e-05 1.958e-04 -1.000 4.489e-04 0.459 0.885 0.955 0.537 0.230 -0.069 -0.451 -0.752 -0.785
0.00042777 -1.56000 10.07918 0.8077273965 2.4213972092    0.741  1.737  3.7827  2.654    4  0.000  0.526     0.00     0.00 -1    -1e-30      0.00 7.441e-01 2.555e-01 7.711e-05 2.262e-05 1.958e-04 -1.000 4.489e-04 0.428 0.863 0.935 0.509 0.199 -0.105 -0.492 -0.798 -0.832
0.00042777 -1.56000 10.07918 0.8077833652 2.4214165211    0.741  1.738  3.7830  2.654    4  0.000  0.526     0.00     0.00 -1    -1e-30      0.00 7.441e-01 2.555e-01 7.711e-05 2.262e-05 1.958e-04 -1.000 4.489e-04 0.424 0.858 0.929 0.505 0.195 -0.108 -0.495 -0.800 -0.834
0.00042777 -1.56000 10.07918 0.8078405261 2.4214360714    0.741  1.739  3.7838  2.656    4  0.000  0.526     0.00     0.00 -1    -1e-30      0.00 7.441e-01 2.555e-01 7.711e-05 2.262e-05 1.958e-04 -1.000 4.489e-04 0.422 0.854 0.924 0.502 0.193 -0.109 -0.493 -0.796 -0.830
0.00042777 -1.56000 10.07918 0.8078972101 2.4214553833    0.741  1.739  3.7849  2.660    4  0.000  0.526     0.00     0.00 -1    -1e-30      0.00 7.441e-01 2.555e-01 7.711e-05 2.262e-05 1.958e-04 -1.000 4.489e-04 0.422 0.849 0.918 0.499 0.193 -0.107 -0.488 -0.789 -0.822
0.00042777 -1.56000 10.07918 0.8079504967 2.4214735031    0.742  1.739  3.7862  2.666    4  0.000  0.526     0.00     0.00 -1    -1e-30      0.00 7.441e-01 2.555e-01 7.711e-05 2.262e-05 1.958e-04 -1.000 4.489e-04 0.423 0.845 0.912 0.498 0.194 -0.103 -0.481 -0.779 -0.812
0.00042777 -1.56000 10.07918 0.8080028892 2.4214913845    0.742  1.738  3.7878  2.673    4  0.000  0.526     0.00     0.00 -1    -1e-30      0.00 7.441e-01 2.555e-01 7.711e-05 2.262e-05 1.958e-04 -1.000 4.489e-04 0.424 0.841 0.906 0.496 0.196 -0.098 -0.473 -0.766 -0.799
0.00042777 -1.56000 10.07918 0.8080558777 2.4215095043    0.742  1.737  3.7895  2.681    4  0.000  0.526     0.00     0.00 -1    -1e-30      0.00 7.441e-01 2.555e-01 7.711e-05 2.262e-05 1.958e-04 -1.000 4.489e-04 0.426 0.836 0.899 0.495 0.199 -0.092 -0.463 -0.752 -0.784
0.00042777 -1.56000 10.07918 0.8081113100 2.4215285778    0.742  1.736  3.7915  2.690    4  0.000  0.526     0.00     0.00 -1    -1e-30      0.00 7.441e-01 2.555e-01 7.711e-05 2.262e-05 1.958e-04 -1.000 4.489e-04 0.429 0.832 0.892 0.494 0.202 -0.086 -0.451 -0.736 -0.767
0.00042777 -1.56000 10.07918 0.8081659675 2.4215471745    0.742  1.736  3.7933  2.698    4  0.000  0.526     0.00     0.00 -1    -1e-30      0.00 7.441e-01 2.555e-01 7.711e-05 2.262e-05 1.958e-04 -1.000 4.489e-04 0.431 0.828 0.885 0.493 0.205 -0.080 -0.440 -0.721 -0.752
0.00042777 -1.56000 10.07918 0.8082221746 2.4215664864    0.742  1.735  3.7950  2.705    4  0.000  0.526     0.00     0.00 -1    -1e-30      0.00 7.441e-01 2.555e-01 7.711e-05 2.262e-05 1.958e-04 -1.000 4.489e-04 0.433 0.824 0.879 0.492 0.207 -0.074 -0.430 -0.707 -0.737
0.00042777 -1.56000 10.07918 0.8082779646 2.4215855598    0.742  1.734  3.7965  2.712    4  0.000  0.526     0.00     0.00 -1    -1e-30      0.00 7.441e-01 2.555e-01 7.711e-05 2.262e-05 1.958e-04 -1.000 4.489e-04 0.434 0.820 0.873 0.491 0.209 -0.069 -0.422 -0.696 -0.725
0.00042777 -1.56000 10.07918 0.8083330989 2.4216043949    0.742  1.734  3.7976  2.717    4  0.000  0.526     0.00     0.00 -1    -1e-30      0.00 7.441e-01 2.555e-01 7.711e-05 2.262e-05 1.958e-04 -1.000 4.489e-04 0.435 0.817 0.869 0.490 0.210 -0.066 -0.416 -0.687 -0.716
0.00042777 -1.56000 10.07918 0.8083865047 2.4216225147    0.742  1.734  3.7982  2.719    4  0.000  0.526     0.00     0.00 -1    -1e-30      0.00 7.441e-01 2.555e-01 7.711e-05 2.262e-05 1.958e-04 -1.000 4.489e-04 0.435 0.815 0.866 0.489 0.211 -0.065 -0.413 -0.683 -0.711
0.00042777 -1.56000 10.07918 0.8084098101 2.4216303825    0.742  1.734  3.7985  2.721    4  0.000  0.526     0.00     0.00 -1    -1e-30      0.00 7.441e-01 2.555e-01 7.711e-05 2.262e-05 1.958e-04 -1.000 4.489e-04 0.435 0.814 0.864 0.489 0.211 -0.064 -0.411 -0.680 -0.709
0.00042777 -1.56000 10.07918 0.8084219694 2.4216346741    0.742  1.734  3.7985  2.720    4  0.000  0.526     0.00     0.00 -1    -1e-30      0.00 7.441e-01 2.555e-01 7.711e-05 2.262e-05 1.958e-04 -1.000 4.489e-04 0.435 0.814 0.864 0.489 0.211 -0.064 -0.412 -0.681 -0.709
0.00042777 -1.56000 10.07918 0.8084751964 2.4216527939    0.742  1.735  3.7984  2.719    4  0.000  0.526     0.00     0.00 -1    -1e-30      0.00 7.441e-01 2.555e-01 7.711e-05 2.262e-05 1.958e-04 -1.000 4.489e-04 0.434 0.813 0.863 0.487 0.209 -0.066 -0.414 -0.683 -0.712
0.00042777 -1.56000 10.07918 0.8085291386 2.4216711521    0.742  1.735  3.7978  2.716    4  0.000  0.526     0.00     0.00 -1    -1e-30      0.00 7.441e-01 2.555e-01 7.711e-05 2.262e-05 1.958e-04 -1.000 4.489e-04 0.432 0.813 0.864 0.486 0.207 -0.069 -0.419 -0.689 -0.718
0.00042777 -1.56000 10.07918 0.8085821271 2.4216892719    0.742  1.737  3.7967  2.711    4  0.000  0.526     0.00     0.00 -1    -1e-30      0.00 7.441e-01 2.555e-01 7.711e-05 2.262e-05 1.958e-04 -1.000 4.489e-04 0.428 0.814 0.866 0.485 0.203 -0.075 -0.427 -0.700 -0.729
0.00042777 -1.56000 10.07918 0.8086343408 2.4217071533    0.742  1.738  3.7951  2.703    4  0.000  0.526     0.00     0.00 -1    -1e-30      0.00 7.441e-01 2.555e-01 7.711e-05 2.262e-05 1.958e-04 -1.000 4.489e-04 0.424 0.815 0.870 0.484 0.199 -0.082 -0.439 -0.716 -0.745
0.00042777 -1.56000 10.07918 0.8086863160 2.4217247963    0.742  1.740  3.7929  2.692    4  0.000  0.526     0.00     0.00 -1    -1e-30      0.00 7.441e-01 2.555e-01 7.711e-05 2.262e-05 1.958e-04 -1.000 4.489e-04 0.419 0.817 0.875 0.482 0.192 -0.092 -0.454 -0.736 -0.767
0.00042777 -1.56000 10.07918 0.8087379336 2.4217424393    0.742  1.743  3.7903  2.679    4  0.000  0.526     0.00     0.00 -1    -1e-30      0.00 7.441e-01 2.555e-01 7.711e-05 2.262e-05 1.958e-04 -1.000 4.489e-04 0.413 0.820 0.881 0.480 0.185 -0.105 -0.473 -0.760 -0.792
0.00042777 -1.56000 10.07918 0.8087896705 2.4217600822    0.742  1.746  3.7874  2.664    4  0.000  0.526     0.00     0.00 -1    -1e-30      0.00 7.441e-01 2.555e-01 7.711e-05 2.262e-05 1.958e-04 -1.000 4.489e-04 0.406 0.824 0.888 0.478 0.177 -0.118 -0.493 -0.788 -0.820
0.00042777 -1.56000 10.07918 0.8087945580 2.4217617512    0.742  1.746  3.7871  2.663    4  0.000  0.526     0.00     0.00 -1    -1e-30      0.00 7.441e-01 2.555e-01 7.711e-05 2.262e-05 1.958e-04 -1.000 4.489e-04 0.405 0.824 0.889 0.478 0.176 -0.119 -0.495 -0.790 -0.823
0.00042777 -1.56000 10.07918 0.8088027835 2.4217646122    0.742  1.747  3.7866  2.660    4  0.000  0.526     0.00     0.00 -1    -1e-30      0.00 7.441e-01 2.555e-01 7.711e-05 2.262e-05 1.958e-04 -1.000 4.489e-04 0.404 0.825 0.890 0.477 0.175 -0.122 -0.499 -0.795 -0.828
0.00042777 -1.56000 10.07918 0.8088515401 2.4217813015    0.743  1.750  3.7835  2.645    4  0.000  0.526     0.00     0.00 -1    -1e-30      0.00 7.441e-01 2.555e-01 7.711e-05 2.262e-05 1.958e-04 -1.000 4.489e-04 0.395 0.828 0.897 0.475 0.166 -0.136 -0.522 -0.825 -0.859
0.00042777 -1.56000 10.07918 0.8088990450 2.4217975140    0.743  1.754  3.7803  2.628    4  0.000  0.526     0.00     0.00 -1    -1e-30      0.00 7.441e-01 2.555e-01 7.711e-05 2.262e-05 1.958e-04 -1.000 4.489e-04 0.386 0.831 0.903 0.471 0.156 -0.152 -0.545 -0.856 -0.891
0.00042777 -1.56000 10.07918 0.8089498281 2.4218146801    0.743  1.758  3.7768  2.610    4  0.000  0.526     0.00     0.00 -1    -1e-30      0.00 7.441e-01 2.555e-01 7.711e-05 2.262e-05 1.958e-04 -1.000 4.489e-04 0.374 0.837 0.911 0.466 0.144 -0.171 -0.573 -0.893 -0.930
0.00042777 -1.56000 10.07918 0.8089981079 2.4218311310    0.743  1.763  3.7734  2.591    4  0.000  0.526     0.00     0.00 -1    -1e-30      0.00 7.441e-01 2.555e-01 7.711e-05 2.262e-05 1.958e-04 -1.000 4.490e-04 0.362 0.842 0.916 0.460 0.131 -0.190 -0.602 -0.930 -0.968
0.00042777 -1.56000 10.07918 0.8090444207 2.4218468666    0.743  1.768  3.7704  2.574    4  0.000  0.526     0.00     0.00 -1    -1e-30      0.00 7.441e-01 2.555e-01 7.711e-05 2.262e-05 1.958e-04 -1.000 4.489e-04 0.350 0.845 0.920 0.454 0.118 -0.208 -0.628 -0.964 -1.003
0.00042777 -1.56000 10.07918 0.8090921640 2.4218633175    0.743  1.773  3.7674  2.557    4  0.000  0.526     0.00     0.00 -1    -1e-30      0.00 7.441e-01 2.555e-01 7.711e-05 2.262e-05 1.958e-04 -1.000 4.489e-04 0.336 0.847 0.922 0.446 0.104 -0.227 -0.655 -0.998 -1.039
0.00042777 -1.56000 10.07918 0.8091390133 2.4218792915    0.743  1.779  3.7647  2.541    4  0.000  0.526     0.00     0.00 -1    -1e-30      0.00 7.441e-01 2.555e-01 7.711e-05 2.262e-05 1.958e-04 -1.000 4.489e-04 0.322 0.846 0.922 0.437 0.090 -0.246 -0.681 -1.030 -1.072
0.00042777 -1.56000 10.07918 0.8091863990 2.4218952656    0.743  1.785  3.7623  2.525    4  0.000  0.526     0.00     0.00 -1    -1e-30      0.00 7.441e-01 2.555e-01 7.711e-05 2.262e-05 1.958e-04 -1.000 4.489e-04 0.308 0.844 0.921 0.427 0.076 -0.265 -0.706 -1.061 -1.104
0.00042777 -1.56000 10.07918 0.8092337847 2.4219114780    0.743  1.791  3.7599  2.509    4  0.000  0.526     0.00     0.00 -1    -1e-30      0.00 7.441e-01 2.555e-01 7.711e-05 2.262e-05 1.958e-04 -1.000 4.489e-04 0.292 0.840 0.917 0.416 0.060 -0.285 -0.733 -1.093 -1.137
0.00042777 -1.56000 10.07918 0.8092815280 2.4219276905    0.743  1.799  3.7573  2.491    4  0.000  0.526     0.00     0.00 -1    -1e-30      0.00 7.441e-01 2.555e-01 7.711e-05 2.262e-05 1.958e-04 -1.000 4.489e-04 0.272 0.837 0.912 0.402 0.040 -0.310 -0.763 -1.130 -1.175
0.00042777 -1.56000 10.07918 0.8092910647 2.4219310284    0.743  1.799  3.7577  2.493    4  0.000  0.526     0.00     0.00 -1    -1e-30      0.00 7.441e-01 2.555e-01 7.711e-05 2.262e-05 1.958e-04 -1.000 4.490e-04 0.273 0.836 0.912 0.402 0.041 -0.308 -0.761 -1.126 -1.172
0.00042777 -1.56000 10.07918 0.8093399405 2.4219477177    0.743  1.810  3.7543  2.468    4  0.000  0.526     0.00     0.00 -1    -1e-30      0.00 7.441e-01 2.555e-01 7.711e-05 2.262e-05 1.958e-04 -1.000 4.489e-04 0.246 0.829 0.903 0.381 0.013 -0.342 -0.803 -1.176 -1.224
0.00042777 -1.56000 10.07918 0.8093881607 2.4219641685    0.743  1.825  3.7505  2.438    4  0.000  0.526     0.00     0.00 -1    -1e-30      0.00 7.441e-01 2.555e-01 7.711e-05 2.262e-05 1.958e-04 -1.000 4.489e-04 0.208 0.815 0.886 0.351 -0.024 -0.386 -0.858 -1.239 -1.289
0.00042777 -1.56000 10.07918 0.8094286323 2.4219777584    0.743  1.856  3.7441  2.382    4  0.000  0.526     0.00     0.00 -1    -1e-30      0.00 7.441e-01 2.555e-01 7.711e-05 2.262e-05 1.958e-04 -1.000 4.489e-04 0.131 0.782 0.846 0.287 -0.101 -0.474 -0.962 -1.357 -1.410
0.00042777 -1.56000 10.07918 0.8094506264 2.4219853878    0.743  1.895  3.7371  2.314    4  0.000  0.526     0.00     0.00 -1    -1e-30      0.00 7.441e-01 2.555e-01 7.711e-05 2.262e-05 1.958e-04 -1.000 4.489e-04 0.033 0.739 0.789 0.203 -0.199 -0.584 -1.090 -1.500 -1.558
0.00042777 -1.56000 10.07918 0.8094605803 2.4219887257    0.743  1.936  3.7307  2.248    4  0.000  0.526     0.00     0.00 -1    -1e-30      0.00 7.441e-01 2.555e-01 7.711e-05 2.262e-05 1.958e-04 -1.000 4.489e-04 -0.070 0.695 0.725 0.114 -0.300 -0.697 -1.220 -1.644 -1.705
0.00042777 -1.56000 10.07918 0.8094649911 2.4219901562    0.743  1.977  3.7251  2.185    4  0.000  0.526     0.00     0.00 -1    -1e-30      0.00 7.441e-01 2.555e-01 7.711e-05 2.262e-05 1.958e-04 -1.000 4.489e-04 -0.172 0.649 0.659 0.025 -0.401 -0.807 -1.345 -1.782 -1.846
0.00042777 -1.56000 10.07918 0.8094670773 2.4219908714    0.743  2.014  3.7207  2.130    4  0.000  0.526     0.00     0.00 -1    -1e-30      0.00 7.441e-01 2.555e-01 7.711e-05 2.262e-05 1.958e-04 -1.000 4.489e-04 -0.266 0.601 0.594 -0.059 -0.494 -0.907 -1.458 -1.904 -1.970
0.00042777 -1.56000 10.07918 0.8094679117 2.4219911098    0.743  2.037  3.7183  2.097    4  0.000  0.526     0.00     0.00 -1    -1e-30      0.00 7.441e-01 2.555e-01 7.711e-05 2.262e-05 1.958e-04 -1.000 4.489e-04 -0.322 0.571 0.555 -0.109 -0.549 -0.967 -1.524 -1.977 -2.044
0.00042777 -1.56000 10.07918 0.8094679713 2.4219911098    0.743  2.037  3.7182  2.097    7  0.000  0.526     0.00     0.00 -1    -1e-30      0.00 7.441e-01 2.555e-01 7.711e-05 2.262e-05 1.958e-04 -1.000 4.489e-04 -0.324 0.571 0.554 -0.110 -0.550 -0.968 -1.526 -1.978 -2.045
0.00042777 -1.56000 10.07918 0.8094690442 2.4219915867    0.743  2.077  3.7146  2.042    7  0.000  0.526     0.00     0.00 -1    -1e-30      0.00 7.441e-01 2.555e-01 7.711e-05 2.262e-05 1.958e-04 -1.000 4.489e-04 -0.423 0.514 0.480 -0.200 -0.648 -1.073 -1.640 -2.102 -2.170
0.00042777 -1.56000 10.07918 0.8094699979 2.4219918251    0.743  2.114  3.7115  1.993    7  0.000  0.526     0.00     0.00 -1    -1e-30      0.00 7.441e-01 2.555e-01 7.711e-05 2.262e-05 1.958e-04 -1.000 4.489e-04 -0.515 0.459 0.411 -0.284 -0.738 -1.169 -1.745 -2.214 -2.284
0.00042777 -1.56000 10.07918 0.8094709516 2.4219923019    0.743  2.138  3.7095  1.961    7  0.000  0.526     0.00     0.00 -1    -1e-30      0.00 7.441e-01 2.555e-01 7.711e-05 2.262e-05 1.958e-04 -1.000 4.489e-04 -0.576 0.425 0.365 -0.339 -0.798 -1.232 -1.815 -2.288 -2.359
0.00042777 -1.56000 10.07918 0.8094719052 2.4219925404    0.743  2.158  3.7080  1.935    7  0.000  0.526     0.00     0.00 -1    -1e-30      0.00 7.441e-01 2.555e-01 7.711e-05 2.262e-05 1.958e-04 -1.000 4.489e-04 -0.625 0.397 0.328 -0.383 -0.846 -1.283 -1.870 -2.347 -2.419
0.00042777 -1.56000 10.07918 0.8094733357 2.4219930172    0.743  2.164  3.7076  1.928    7  0.000  0.526     0.00     0.00 -1    -1e-30      0.00 7.441e-01 2.555e-01 7.711e-05 2.262e-05 1.958e-04 -1.000 4.489e-04 -0.640 0.388 0.316 -0.397 -0.861 -1.298 -1.887 -2.365 -2.437
0.00042777 -1.56000 10.07918 0.8094760180 2.4219939709    0.743  2.157  3.7082  1.937    7  0.000  0.526     0.00     0.00 -1    -1e-30      0.00 7.441e-01 2.555e-01 7.711e-05 2.262e-05 1.958e-04 -1.000 4.489e-04 -0.623 0.397 0.329 -0.382 -0.844 -1.281 -1.867 -2.344 -2.416
0.00042777 -1.56000 10.07918 0.8094804287 2.4219954014    0.743  2.146  3.7091  1.951    7  0.000  0.526     0.00     0.00 -1    -1e-30      0.00 7.441e-01 2.555e-01 7.711e-05 2.262e-05 1.958e-04 -1.000 4.489e-04 -0.596 0.412 0.349 -0.357 -0.818 -1.252 -1.836 -2.311 -2.382
0.00042777 -1.56000 10.07918 0.8095072508 2.4220046997    0.743  2.159  3.7078  1.933    7  0.000  0.526     0.00     0.00 -1    -1e-30      0.00 7.441e-01 2.555e-01 7.711e-05 2.262e-05 1.958e-04 -1.000 4.489e-04 -0.628 0.398 0.328 -0.385 -0.848 -1.285 -1.873 -2.351 -2.423
0.00042777 -1.56000 10.07918 0.8095235229 2.4220101833    0.743  2.175  3.7064  1.911    7  0.000  0.526     0.00     0.00 -1    -1e-30      0.00 7.441e-01 2.555e-01 7.711e-05 2.262e-05 1.958e-04 -1.000 4.489e-04 -0.668 0.378 0.299 -0.421 -0.888 -1.327 -1.920 -2.401 -2.474
0.00042777 -1.56000 10.07918 0.8095433712 2.4220168591    0.743  2.217  3.7030  1.857    7  0.000  0.526     0.00     0.00 -1    -1e-30      0.00 7.441e-01 2.555e-01 7.711e-05 2.262e-05 1.958e-04 -1.000 4.489e-04 -0.772 0.324 0.223 -0.514 -0.989 -1.435 -2.037 -2.528 -2.602
0.00042777 -1.56000 10.07918 0.8095635176 2.4220237732    0.743  2.261  3.6996  1.798    7  0.000  0.526     0.00     0.00 -1    -1e-30      0.00 7.441e-01 2.555e-01 7.711e-05 2.262e-05 1.958e-04 -1.000 4.489e-04 -0.883 0.264 0.141 -0.615 -1.097 -1.550 -2.163 -2.662 -2.738
0.00042777 -1.56000 10.07918 0.8095816374 2.4220299721    0.743  2.305  3.6964  1.742    7  0.000  0.526     0.00     0.00 -1    -1e-30      0.00 7.441e-01 2.555e-01 7.711e-05 2.262e-05 1.958e-04 -1.000 4.489e-04 -0.991 0.208 0.061 -0.711 -1.202 -1.661 -2.284 -2.793 -2.870
0.00042777 -1.56000 10.07918 0.8095976710 2.4220354557    0.743  2.347  3.6933  1.688    7  0.000  0.526     0.00     0.00 -1    -1e-30      0.00 7.441e-01 2.555e-01 7.711e-05 2.262e-05 1.958e-04 -1.000 4.447e-04 -1.097 0.153 -0.016 -0.806 -1.304 -1.769 -2.403 -2.920 -2.998
0.00042777 -1.56000 10.07918 0.8096118569 2.4220402241    0.743  2.389  3.6903  1.633    7  0.000  0.526     0.00     0.00 -1    -1e-30      0.00 7.441e-01 2.555e-01 7.710e-05 2.262e-05 1.958e-04 -1.000 4.433e-04 -1.203 0.099 -0.093 -0.900 -1.406 -1.877 -2.520 -3.046 -3.125
0.00042777 -1.56000 10.07918 0.8096243143 2.4220445156    0.743  2.431  3.6872  1.579    7  0.000  0.525     0.00     0.00 -1    -1e-30      0.00 7.441e-01 2.555e-01 7.705e-05 2.263e-05 1.958e-04 -1.000 4.434e-04 -1.307 0.049 -0.168 -0.992 -1.505 -1.982 -2.636 -3.171 -3.252
0.00042777 -1.56000 10.07918 0.8096353412 2.4220480919    0.743  2.472  3.6842  1.526    7  0.000  0.523     0.00     0.00 -1    -1e-30      0.00 7.441e-01 2.555e-01 7.684e-05 2.274e-05 1.958e-04 -1.000 4.438e-04 -1.411 0.052 -0.227 -1.088 -1.612 -2.093 -2.756 -3.299 -3.377
0.00042777 -1.56000 10.07918 0.8096454144 2.4220516682    0.743  2.515  3.6812  1.472    7  0.000  0.518     0.00     0.00 -1    -1e-30      0.00 7.441e-01 2.555e-01 7.626e-05 2.317e-05 1.958e-04 -1.000 4.490e-04 -1.516 -0.008 -0.303 -1.179 -1.710 -2.198 -2.872 -3.425 -3.505
0.00042777 -1.56000 10.07918 0.8096545935 2.4220547676    0.743  2.557  3.6781  1.417    7  0.000  0.509     0.00     0.00 -1    -1e-30      0.00 7.440e-01 2.555e-01 7.505e-05 2.437e-05 1.958e-04 -1.000 4.489e-04 -1.622 -0.019 -0.364 -1.271 -1.813 -2.307 -2.992 -3.552 -3.632
0.00042777 -1.56000 10.07918 0.8096631765 2.4220576286    0.743  2.600  3.6750  1.361    7  0.000  0.497     0.00     0.00 -1    -1e-30      0.00 7.440e-01 2.555e-01 7.330e-05 2.639e-05 1.958e-04 -1.000 4.489e-04 -1.729 -0.020 -0.421 -1.363 -1.917 -2.418 -3.113 -3.682 -3.761
0.00042777 -1.56000 10.07918 0.8096711636 2.4220602512    0.743  2.643  3.6718  1.306    7  0.000  0.485     0.00     0.00 -1    -1e-30      0.00 7.440e-01 2.556e-01 7.149e-05 2.859e-05 1.958e-04 -1.000 4.427e-04 -1.837 -0.012 -0.474 -1.455 -2.021 -2.530 -3.236 -3.812 -3.891
0.00042777 -1.56000 10.07918 0.8096787333 2.4220628738    0.743  2.686  3.6685  1.249    7  0.000  0.474     0.00     0.00 -1    -1e-30      0.00 7.439e-01 2.557e-01 6.987e-05 3.058e-05 1.958e-04 -1.000 4.489e-04 -1.945 0.007 -0.523 -1.545 -2.125 -2.642 -3.359 -3.944 -4.022
0.00042777 -1.56000 10.07918 0.8096860051 2.4220654964    0.743  2.729  3.6653  1.193    7  0.000  0.465     0.00     0.00 -1    -1e-30      0.00 7.438e-01 2.557e-01 6.848e-05 3.228e-05 1.957e-04 -1.000 4.489e-04 -2.053 0.035 -0.566 -1.632 -2.227 -2.752 -3.481 -4.074 -4.152
0.00042777 -1.56000 10.07918 0.8096929789 2.4220678806    0.743  2.772  3.6620  1.138    7  0.000  0.457     0.00     0.00 -1    -1e-30      0.00 7.437e-01 2.558e-01 6.732e-05 3.370e-05 1.957e-04 -1.000 4.489e-04 -2.159 0.072 -0.605 -1.716 -2.328 -2.861 -3.602 -4.204 -4.281
0.00042777 -1.56000 10.07918 0.8096992970 2.4220700264    0.743  2.814  3.6588  1.082    7  0.000  0.450     0.00     0.00 -1    -1e-30      0.00 7.437e-01 2.559e-01 6.630e-05 3.495e-05 1.957e-04 -1.000 4.489e-04 -2.265 0.123 -0.636 -1.798 -2.427 -2.969 -3.722 -4.333 -4.410
0.00042777 -1.56000 10.07918 0.8097045422 2.4220716953    0.743  2.854  3.6557  1.030    7  0.000  0.445     0.00     0.00 -1    -1e-30      0.00 7.435e-01 2.560e-01 6.548e-05 3.596e-05 1.956e-04 -1.000 4.489e-04 -2.364 0.144 -0.675 -1.872 -2.515 -3.066 -3.832 -4.452 -4.530
0.00042777 -1.56000 10.07918 0.8097089529 2.4220731258    0.743  2.892  3.6526  0.980    7  0.000  0.440     0.00     0.00 -1    -1e-30      0.00 7.434e-01 2.562e-01 6.478e-05 3.682e-05 1.956e-04 -1.000 4.489e-04 -2.460 0.158 -0.714 -1.943 -2.600 -3.160 -3.939 -4.569 -4.648
0.00042777 -1.56000 10.07918 0.8097127080 2.4220745564    0.743  2.932  3.6494  0.927    7  0.000  0.436     0.00     0.00 -1    -1e-30      0.00 7.433e-01 2.563e-01 6.413e-05 3.764e-05 1.955e-04 -1.000 4.427e-04 -2.561 0.180 -0.750 -2.016 -2.688 -3.258 -4.051 -4.690 -4.771
0.00042777 -1.56000 10.07918 0.8097162843 2.4220757484    0.743  2.976  3.6459  0.868    7  0.000  0.432     0.00     0.00 -1    -1e-30      0.00 7.431e-01 2.564e-01 6.354e-05 3.840e-05 1.953e-04 -1.000 4.489e-04 -2.671 0.212 -0.786 -2.091 -2.781 -3.363 -4.172 -4.823 -4.906
0.00042777 -1.56000 10.07918 0.8097198606 2.4220769405    0.744  3.023  3.6421  0.806    7  0.000  0.430     0.00     0.00 -1    -1e-30      0.00 7.430e-01 2.565e-01 6.306e-05 3.904e-05 1.951e-04 -1.000 4.489e-04 -2.789 0.251 -0.821 -2.171 -2.881 -3.475 -4.302 -4.965 -5.051
0.00042777 -1.56000 10.07918 0.8097230792 2.4220781326    0.744  3.074  3.6379  0.738    7  0.000  0.428     0.00     0.00 -1    -1e-30      0.00 7.429e-01 2.567e-01 6.267e-05 3.961e-05 1.949e-04 -1.000 4.489e-04 -2.916 0.297 -0.857 -2.254 -2.987 -3.596 -4.442 -5.119 -5.207
0.00042777 -1.56000 10.07918 0.8097241521 2.4220783710    0.744  3.103  3.6354  0.700    7  0.000  0.427     0.00     0.00 -1    -1e-30      0.00 7.428e-01 2.567e-01 6.253e-05 3.984e-05 1.948e-04 -1.000 4.489e-04 -2.988 0.328 -0.874 -2.300 -3.045 -3.662 -4.521 -5.206 -5.296
0.00042777 -1.56000 10.07918 0.8097243905 2.4220783710    0.744  3.113  3.6346  0.687    7  0.000  0.427     0.00     0.00 -1    -1e-30      0.00 7.428e-01 2.567e-01 6.248e-05 3.993e-05 1.947e-04 -1.000 4.489e-04 -3.013 0.337 -0.881 -2.316 -3.065 -3.686 -4.548 -5.236 -5.326
0.00042777 -1.56000 10.07918 0.8097247481 2.4220786095    0.744  3.130  3.6332  0.664    7  0.000  0.426     0.00     0.00 -1    -1e-30      0.00 7.427e-01 2.568e-01 6.239e-05 4.015e-05 1.946e-04 -1.000 4.489e-04 -3.055 0.353 -0.892 -2.343 -3.100 -3.725 -4.594 -5.287 -5.378
0.00042777 -1.56000 10.07918 0.8097251654 2.4220788479    0.744  3.157  3.6309  0.628    7  0.000  0.425     0.00     0.00 -1    -1e-30      0.00 7.426e-01 2.570e-01 6.204e-05 4.081e-05 1.942e-04 -1.000 4.489e-04 -3.122 0.383 -0.908 -2.385 -3.155 -3.788 -4.668 -5.369 -5.462
0.00042777 -1.56000 10.07918 0.8097254038 2.4220788479    0.744  3.414  3.6091  0.283    8  0.549  0.390    92.76    44.31  1 -1.29e-06      0.00 7.290e-01 2.706e-01 6.375e-05 5.931e-05 2.177e-04 -1.000 3.690e-04 -3.766 0.748 -0.977 -2.723 -3.638 -4.367 -5.366 -6.145 -6.258
0.00042777 -1.56000 10.07918 0.8097254634 2.4220788479    0.743  3.270  3.6183  0.464    8  0.549  0.390    62.83    31.64  1  -6.7e-07      0.00 7.290e-01 2.706e-01 6.375e-05 5.931e-05 2.177e-04 -1.000 3.690e-04 -3.405 0.625 -0.901 -2.514 -3.356 -4.036 -4.981 -5.729 -5.832
0.00042777 -1.56000 10.07918 0.8097255230 2.4220788479    0.743  3.126  3.6314  0.660    8  0.549  0.390    41.17    21.94  1  -3.4e-07      0.00 7.290e-01 2.706e-01 6.375e-05 5.931e-05 2.177e-04 -1.000 3.690e-04 -3.046 0.417 -0.852 -2.317 -3.081 -3.712 -4.589 -5.289 -5.382
0.00042777 -1.56000 10.07918 0.8097257018 2.4220788479    0.742  2.931  3.6491  0.926    8  0.549  0.390    23.21    13.36  1 -1.31e-07      0.00 7.290e-01 2.706e-01 6.375e-05 5.931e-05 2.177e-04 -1.000 3.691e-04 -2.558 0.192 -0.742 -2.010 -2.683 -3.254 -4.048 -4.689 -4.770
0.00042777 -1.56000 10.07918 0.8097258806 2.4220790863    0.740  2.937  3.6486  0.917    8  0.549  0.390    23.65    13.56  1 -1.35e-07      0.00 7.290e-01 2.706e-01 6.375e-05 5.931e-05 2.177e-04 -1.000 3.690e-04 -2.572 0.199 -0.745 -2.019 -2.695 -3.267 -4.064 -4.706 -4.788
0.00042777 -1.56000 10.07918 0.8097261786 2.4220790863    0.739  3.032  3.6398  0.786    8  0.550  0.390    31.42    17.31  1 -2.19e-07      0.00 7.290e-01 2.706e-01 6.375e-05 5.931e-05 2.177e-04 -1.000 3.690e-04 -2.811 0.307 -0.801 -2.172 -2.892 -3.493 -4.330 -5.001 -5.088
0.00042777 -1.56000 10.07918 0.8097264767 2.4220790863    0.737  3.183  3.6260  0.578    8  0.550  0.390    49.20    25.47  1 -4.58e-07      0.00 7.290e-01 2.706e-01 6.375e-05 5.931e-05 2.177e-04 -1.000 3.690e-04 -3.189 0.502 -0.873 -2.397 -3.191 -3.841 -4.746 -5.465 -5.561
0.00042777 -1.56000 10.07918 0.8097268939 2.4220793247    0.734  3.314  3.6141  0.399    8  0.550  0.390    72.48    35.52  1 -8.51e-07      0.00 7.290e-01 2.706e-01 6.375e-05 5.931e-05 2.177e-04 -1.000 3.690e-04 -3.514 0.715 -0.893 -2.560 -3.431 -4.131 -5.100 -5.863 -5.970
0.00042777 -1.56000 10.07918 0.8097273111 2.4220795631    0.732  3.400  3.6062  0.280    8  0.551  0.390    93.74    44.27  1 -1.28e-06      0.00 7.290e-01 2.706e-01 6.375e-05 5.931e-05 2.177e-04 -1.000 3.690e-04 -3.729 0.874 -0.885 -2.650 -3.579 -4.318 -5.332 -6.123 -6.240
0.00042777 -1.56000 10.07918 0.8097278476 2.4220795631    0.729  3.447  3.6018  0.213    8  0.551  0.390   108.27    50.00  1  -1.6e-06      0.00 7.290e-01 2.706e-01 6.375e-05 5.931e-05 2.177e-04 -1.000 3.690e-04 -3.847 0.967 -0.876 -2.697 -3.658 -4.419 -5.459 -6.267 -6.388
0.00042777 -1.56000 10.07918 0.8097283840 2.4220798016    0.725  3.471  3.5995  0.177    8  0.552  0.390   117.02    53.30  1 -1.82e-06      0.00 7.290e-01 2.706e-01 6.375e-05 5.931e-05 2.177e-04 -1.000 3.690e-04 -3.908 1.019 -0.867 -2.718 -3.698 -4.471 -5.524 -6.341 -6.466
0.00042777 -1.56000 10.07918 0.8097289801 2.4220800400    0.722  3.487  3.5984  0.155    8  0.552  0.390   122.99    55.45  0 -1.99e-06      0.00 7.290e-01 2.706e-01 6.375e-05 5.931e-05 2.177e-04 -1.000 3.690e-04 -3.948 1.041 -0.869 -2.736 -3.726 -4.506 -5.567 -6.387 -6.514
0.00042777 -1.56000 10.07918 0.8097313643 2.4220807552    0.554 -9.999  4.0000  1.705    9  0.554  0.000     0.00     0.00 -1    -1e-30      0.00 7.290e-01 2.706e-01 6.375e-05 5.931e-05 2.177e-04 -1.000 3.690e-04 29.767 29.791 30.042 30.092 30.085 30.076 30.121 30.117 30.133
#isochrone terminated
