# File generated by CMD 3.3 (http://stev.oapd.inaf.it/cmd) on Sun Jun  7 12:18:13 CEST 2020
# isochrones based on PARSEC release v1.2S +  COLIBRI S_35
# Basic references: Bressan et al. (2012), MNRAS, 427, 127 + Chen et al. (2014, 2015), MNRAS, 444, 2525 + MNRAS, 452, 1068 + Tang et al. (2014), MNRAS, 445, 4287 + Marigo et al. (2017), ApJ, 835, 77 + Pastorelli al. (2019), MNRAS in press
# Thermal pulse cycles included 
# On RGB, assumed Reimers mass loss with efficiency eta=0.2
# Photometric system: <i>UBVRIJHK</i> (cf. Maiz-Apellaniz 2006 + Bessell 1990)
# Using YBC version of bolometric corrections as in Chen et al. (2019)
# O-rich circumstellar dpmod60alox40 dust from Groenewegen (2006)
# C-rich circumstellar AMCSIC15 dust from Groenewegen (2006)
# IMF: Kroupa (2001, 2002) + Kroupa et al. (2013) canonical two-part-power law IMF corrected for unresolved binaries 
# Kind of output: isochrone tables
# Zini     MH   logAge Mini        int_IMF         Mass   logL    logTe  logg  label   McoreTP C_O  period0 period1 pmode  Mloss  tau1m   X   Y   Xc  Xn  Xo  Cexcess  Z 	 mbolmag  Umag    Bmag    Vmag    Rmag    Imag    Jmag    Hmag    Kmag
0.00042777 -1.56000 10.14613 0.0900000036 1.0816895962    0.090 -3.184  3.4774  5.437    1  0.000  0.545     0.00     0.00 -1 -2.36e-17      0.00 7.476e-01 2.519e-01 8.072e-05 2.178e-05 1.975e-04 -1.000 4.489e-04 12.729 20.082 17.333 15.330 13.643 12.041 10.745 10.449 10.352
0.00042777 -1.56000 10.14613 0.0941690952 1.1204661131    0.094 -3.053  3.4961  5.401    1  0.000  0.545     0.00     0.00 -1  -3.7e-17      0.00 7.467e-01 2.529e-01 8.072e-05 2.178e-05 1.975e-04 -1.000 4.489e-04 12.403 18.862 16.522 14.568 13.109 11.710 10.485 10.105 9.991
0.00042777 -1.56000 10.14613 0.1000000015 1.1711064577    0.100 -2.880  3.5208  5.354    1  0.000  0.545     0.00     0.00 -1 -5.25e-17      0.00 7.454e-01 2.542e-01 8.072e-05 2.178e-05 1.975e-04 -1.000 4.489e-04 11.971 17.405 15.520 13.693 12.439 11.274 10.137 9.677 9.539
0.00042777 -1.56000 10.14613 0.1199999973 1.3193154335    0.120 -2.593  3.5519  5.270    1  0.000  0.545     0.00     0.00 -1 -1.72e-16      0.00 7.422e-01 2.574e-01 8.072e-05 2.178e-05 1.975e-04 -1.000 4.490e-04 11.253 15.628 14.173 12.572 11.481 10.550 9.521 8.998 8.836
0.00042777 -1.56000 10.14613 0.1400000006 1.4384527206    0.140 -2.410  3.5671  5.214    1  0.000  0.545     0.00     0.00 -1 -2.22e-16      0.00 7.399e-01 2.597e-01 8.072e-05 2.178e-05 1.975e-04 -1.000 4.489e-04 10.795 14.714 13.439 11.952 10.929 10.091 9.112 8.570 8.396
0.00042777 -1.56000 10.14613 0.1599999964 1.5372931957    0.160 -2.266  3.5772  5.169    1  0.000  0.545     0.00     0.00 -1 -1.98e-16      0.00 7.384e-01 2.611e-01 8.072e-05 2.178e-05 1.975e-04 -1.000 4.489e-04 10.435 14.080 12.911 11.497 10.518 9.729 8.784 8.232 8.051
0.00042777 -1.56000 10.14613 0.2000000179 1.6938792467    0.200 -2.044  3.5902  5.096    1  0.000  0.545     0.00     0.00 -1 -7.19e-16      0.00 7.373e-01 2.622e-01 8.072e-05 2.178e-05 1.975e-04 -1.000 4.489e-04 9.880 13.186 12.150 10.828 9.908 9.173 8.268 7.707 7.519
0.00042777 -1.56000 10.14613 0.2203446031 1.7586631775    0.220 -1.956  3.5950  5.069    1  0.000  0.545     0.00     0.00 -1 -3.77e-17      0.00 7.374e-01 2.621e-01 8.072e-05 2.178e-05 1.975e-04 -1.000 4.490e-04 9.661 12.854 11.861 10.570 9.671 8.953 8.063 7.500 7.311
0.00042777 -1.56000 10.14613 0.2500000298 1.8403259516    0.250 -1.842  3.6013  5.035    1  0.000  0.545     0.00     0.00 -1 -6.13e-19      0.00 7.375e-01 2.620e-01 8.072e-05 2.178e-05 1.975e-04 -1.000 4.489e-04 9.375 12.424 11.485 10.234 9.363 8.665 7.794 7.230 7.042
0.00042777 -1.56000 10.14613 0.3000000417 1.9529141188    0.300 -1.688  3.6099  4.995    1  0.000  0.545     0.00     0.00 -1 -6.05e-20      0.00 7.377e-01 2.619e-01 8.070e-05 2.178e-05 1.975e-04 -1.000 4.489e-04 8.990 11.852 10.983 9.784 8.951 8.278 7.434 6.868 6.684
0.00042777 -1.56000 10.14613 0.3303408623 2.0099673271    0.330 -1.610  3.6146  4.977    1  0.000  0.545     0.00     0.00 -1 -7.47e-19      0.00 7.376e-01 2.620e-01 8.068e-05 2.178e-05 1.975e-04 -1.000 4.656e-04 8.795 11.562 10.728 9.555 8.741 8.081 7.251 6.685 6.506
0.00042777 -1.56000 10.14613 0.3500000238 2.0434176922    0.350 -1.563  3.6175  4.967    1  0.000  0.544     0.00     0.00 -1 -2.72e-18      0.00 7.375e-01 2.620e-01 8.067e-05 2.178e-05 1.975e-04 -1.000 4.676e-04 8.677 11.389 10.574 9.418 8.615 7.963 7.141 6.575 6.399
0.00042777 -1.56000 10.14613 0.3842833340 2.0962779522    0.384 -1.463  3.6253  4.938    1  0.000  0.545     0.00     0.00 -1 -1.41e-16      0.00 7.464e-01 2.532e-01 8.071e-05 2.178e-05 1.975e-04 -1.000 4.570e-04 8.426 10.985 10.226 9.112 8.341 7.711 6.911 6.346 6.178
0.00042777 -1.56000 10.14613 0.4000000358 2.1185026169    0.400 -1.419  3.6287  4.926    1  0.000  0.545     0.00     0.00 -1 -2.61e-15      0.00 7.503e-01 2.493e-01 8.072e-05 2.178e-05 1.975e-04 -1.000 4.489e-04 8.318 10.811 10.077 8.980 8.223 7.603 6.812 6.247 6.083
0.00042777 -1.56000 10.14613 0.4500000477 2.1822810173    0.450 -1.245  3.6474  4.877    1  0.000  0.545     0.00     0.00 -1  -7.4e-16      0.00 7.505e-01 2.491e-01 8.072e-05 2.178e-05 1.975e-04 -1.000 4.490e-04 7.881 10.028 9.425 8.423 7.738 7.166 6.426 5.874 5.732
0.00042777 -1.56000 10.14613 0.5000000000 2.2374541759    0.500 -1.047  3.6731  4.828    1  0.000  0.545     0.00     0.00 -1 -5.63e-15      0.00 7.505e-01 2.491e-01 8.072e-05 2.178e-05 1.975e-04 -1.000 4.489e-04 7.388 9.067 8.668 7.783 7.189 6.679 6.011 5.496 5.380
0.00042777 -1.56000 10.14613 0.5500000715 2.2836585045    0.550 -0.824  3.6979  4.746    1  0.000  0.544     0.00     0.00 -1 -9.42e-17      0.00 7.904e-01 2.092e-01 6.862e-05 1.853e-05 1.682e-04 -1.000 3.800e-04 6.831 8.084 7.899 7.112 6.595 6.135 5.542 5.081 4.983
0.00042777 -1.56000 10.14613 0.6000000238 2.3211214542    0.600 -0.603  3.7271  4.679    1  0.000  0.543     0.00     0.00 -1 -1.85e-14      0.00 8.032e-01 1.965e-01 6.499e-05 1.756e-05 1.595e-04 -1.000 3.660e-04 6.277 7.129 7.149 6.471 6.025 5.614 5.103 4.703 4.624
0.00042777 -1.56000 10.14613 0.6047797799 2.3243315220    0.604 -0.581  3.7302  4.673    1  0.000  0.543     0.00     0.00 -1 -1.95e-14      0.00 8.046e-01 1.950e-01 6.459e-05 1.745e-05 1.585e-04 -1.000 3.657e-04 6.221 7.036 7.074 6.409 5.969 5.563 5.061 4.666 4.589
0.00042777 -1.56000 10.14613 0.6143733859 2.3306016922    0.614 -0.535  3.7363  4.659    1  0.000  0.543     0.00     0.00 -1 -2.76e-25      0.00 8.075e-01 1.921e-01 6.376e-05 1.723e-05 1.565e-04 -1.000 3.648e-04 6.109 6.856 6.928 6.284 5.857 5.460 4.974 4.590 4.517
0.00042777 -1.56000 10.14613 0.6232900620 2.3362309933    0.623 -0.493  3.7419  4.645    1  0.000  0.543     0.00     0.00 -1 -6.83e-23      0.00 8.104e-01 1.893e-01 6.296e-05 1.702e-05 1.546e-04 -1.000 3.563e-04 6.003 6.692 6.792 6.168 5.752 5.365 4.892 4.518 4.448
0.00042777 -1.56000 10.14613 0.6319782138 2.3415405750    0.632 -0.451  3.7472  4.631    1  0.000  0.543     0.00     0.00 -1 -4.95e-20      0.00 8.132e-01 1.864e-01 6.215e-05 1.680e-05 1.527e-04 -1.000 3.544e-04 5.899 6.537 6.661 6.056 5.651 5.272 4.811 4.445 4.380
0.00042777 -1.56000 10.14613 0.6418566704 2.3473770618    0.642 -0.404  3.7532  4.613    1  0.000  0.542     0.00     0.00 -1 -8.09e-17      0.00 8.166e-01 1.830e-01 6.120e-05 1.655e-05 1.504e-04 -1.000 3.563e-04 5.779 6.361 6.511 5.928 5.536 5.167 4.719 4.361 4.301
0.00042777 -1.56000 10.14613 0.6499999762 2.3520355225    0.650 -0.363  3.7580  4.598    1  0.000  0.542     0.00     0.00 -1 -3.04e-14      0.00 8.195e-01 1.802e-01 6.039e-05 1.634e-05 1.485e-04 -1.000 3.535e-04 5.678 6.216 6.386 5.822 5.439 5.079 4.642 4.291 4.235
0.00042777 -1.56000 10.14613 0.6524701118 2.3534219265    0.652 -0.351  3.7593  4.593    1  0.000  0.542     0.00     0.00 -1 -3.06e-14      0.00 8.206e-01 1.791e-01 6.008e-05 1.626e-05 1.477e-04 -1.000 3.505e-04 5.647 6.173 6.348 5.789 5.410 5.051 4.618 4.269 4.214
0.00042777 -1.56000 10.14613 0.6625941992 2.3589811325    0.662 -0.299  3.7649  4.570    1  0.000  0.542     0.00     0.00 -1 -1.32e-14      0.00 8.252e-01 1.744e-01 5.878e-05 1.591e-05 1.446e-04 -1.000 3.372e-04 5.518 6.000 6.194 5.655 5.286 4.937 4.515 4.173 4.123
0.00042777 -1.56000 10.14613 0.6720264554 2.3639874458    0.672 -0.249  3.7700  4.546    1  0.000  0.542     0.00     0.00 -1 -4.17e-23      0.00 8.298e-01 1.699e-01 5.750e-05 1.556e-05 1.416e-04 -1.000 3.192e-04 5.392 5.837 6.046 5.525 5.167 4.826 4.414 4.079 4.033
0.00042777 -1.56000 10.14613 0.6807937026 2.3684980869    0.680 -0.200  3.7746  4.522    1  0.000  0.541     0.00     0.00 -1 -2.99e-20      0.00 8.343e-01 1.654e-01 5.624e-05 1.523e-05 1.386e-04 -1.000 3.110e-04 5.271 5.685 5.905 5.401 5.052 4.718 4.317 3.988 3.946
0.00042777 -1.56000 10.14613 0.6893162131 2.3727564812    0.689 -0.151  3.7791  4.496    1  0.000  0.541     0.00     0.00 -1 -2.09e-17      0.00 8.389e-01 1.608e-01 5.496e-05 1.489e-05 1.355e-04 -1.000 2.827e-04 5.148 5.533 5.763 5.275 4.935 4.609 4.216 3.893 3.855
0.00042777 -1.56000 10.14613 0.6966406703 2.3763208389    0.696 -0.106  3.7828  4.470    1  0.000  0.540     0.00     0.00 -1 -5.62e-15      0.00 8.430e-01 1.566e-01 5.381e-05 1.459e-05 1.328e-04 -1.000 3.253e-04 5.036 5.401 5.636 5.161 4.828 4.508 4.123 3.806 3.771
0.00042777 -1.56000 10.14613 0.6999999881 2.3779268265    0.700 -0.085  3.7845  4.458    1  0.000  0.540     0.00     0.00 -1 -7.25e-14      0.00 8.450e-01 1.547e-01 5.326e-05 1.444e-05 1.315e-04 -1.000 3.397e-04 4.983 5.339 5.576 5.107 4.777 4.460 4.079 3.764 3.730
0.00042777 -1.56000 10.14613 0.7057743669 2.3806464672    0.705 -0.047  3.7873  4.435    1  0.000  0.539     0.00     0.00 -1  -8.1e-14      0.00 8.484e-01 1.512e-01 5.222e-05 1.418e-05 1.292e-04 -1.000 3.390e-04 4.888 5.231 5.469 5.010 4.686 4.373 3.998 3.687 3.655
0.00042777 -1.56000 10.14613 0.7124366760 2.3837213516    0.712 -0.001  3.7904  4.404    1  0.000  0.537     0.00     0.00 -1 -8.58e-20      0.00 8.523e-01 1.474e-01 5.108e-05 1.390e-05 1.267e-04 -1.000 3.066e-04 4.772 5.101 5.340 4.892 4.573 4.266 3.897 3.592 3.562
0.00042777 -1.56000 10.14613 0.7190992236 2.3867309093    0.719  0.049  3.7933  4.371    1  0.000  0.536     0.00     0.00 -1 -4.72e-24      0.00 8.560e-01 1.437e-01 5.002e-05 1.364e-05 1.244e-04 -1.000 2.972e-04 4.648 4.967 5.204 4.766 4.454 4.151 3.789 3.488 3.460
0.00042777 -1.56000 10.14613 0.7267974019 2.3901293278    0.726  0.110  3.7963  4.326    1  0.000  0.534     0.00     0.00 -1 -2.22e-21      0.00 8.598e-01 1.399e-01 4.893e-05 1.338e-05 1.221e-04 -1.000 2.850e-04 4.495 4.802 5.037 4.610 4.304 4.007 3.651 3.356 3.329
0.00042777 -1.56000 10.14613 0.7339923382 2.3932316303    0.733  0.172  3.7989  4.278    1  0.000  0.533     0.00     0.00 -1 -6.98e-19      0.00 8.624e-01 1.373e-01 4.821e-05 1.321e-05 1.207e-04 -1.000 2.660e-04 4.339 4.639 4.870 4.452 4.151 3.858 3.508 3.217 3.193
0.00042777 -1.56000 10.14613 0.7390536070 2.3953723907    0.738  0.220  3.8002  4.239    1  0.000  0.531     0.00     0.00 -1    -4e-17      0.00 8.637e-01 1.360e-01 4.787e-05 1.314e-05 1.201e-04 -1.000 2.659e-04 4.221 4.517 4.745 4.331 4.033 3.744 3.396 3.108 3.084
0.00042777 -1.56000 10.14613 0.7434471250 2.3972036839    0.743  0.264  3.8009  4.201    1  0.000  0.531     0.00     0.00 -1 -1.36e-15      0.00 8.644e-01 1.353e-01 4.768e-05 1.311e-05 1.198e-04 -1.000 2.660e-04 4.111 4.406 4.630 4.220 3.924 3.636 3.290 3.003 2.980
0.00042777 -1.56000 10.14613 0.7444701195 2.3976264000    0.744  0.274  3.8010  4.191    1  0.000  0.530     0.00     0.00 -1  -3.1e-15      0.00 8.645e-01 1.352e-01 4.765e-05 1.310e-05 1.197e-04 -1.000 2.659e-04 4.084 4.380 4.603 4.193 3.898 3.610 3.264 2.978 2.954
0.00042777 -1.56000 10.14613 0.7459858656 2.3982505798    0.745  0.292  3.8009  4.174    1  0.000  0.530     0.00     0.00 -1 -1.05e-14      0.00 8.647e-01 1.350e-01 4.760e-05 1.309e-05 1.197e-04 -1.000 2.659e-04 4.041 4.338 4.559 4.149 3.854 3.565 3.219 2.933 2.910
0.00042777 -1.56000 10.14613 0.7500000000 2.3998889923    0.749  0.341  3.7997  4.123    1  0.000  0.529     0.00     0.00 -1 -2.74e-13      0.00 8.652e-01 1.345e-01 4.747e-05 1.307e-05 1.195e-04 -1.000 2.660e-04 3.919 4.221 4.438 4.027 3.730 3.440 3.091 2.803 2.779
0.00042777 -1.56000 10.14613 0.7505844831 2.4001259804    0.750  0.348  3.7996  4.115    1  0.000  0.529     0.00     0.00 -1  -2.8e-13      0.00 8.651e-01 1.346e-01 4.751e-05 1.308e-05 1.196e-04 -1.000 2.669e-04 3.901 4.205 4.421 4.009 3.712 3.422 3.073 2.785 2.761
0.00042777 -1.56000 10.14613 0.7543328404 2.4016351700    0.753  0.398  3.7971  4.057    1  0.000  0.529     0.00     0.00 -1 -3.37e-13      0.00 8.646e-01 1.352e-01 4.776e-05 1.315e-05 1.203e-04 -1.000 2.733e-04 3.774 4.089 4.301 3.883 3.582 3.288 2.934 2.641 2.615
0.00042777 -1.56000 10.14613 0.7549723387 2.4018909931    0.754  0.408  3.7964  4.045    1  0.000  0.529     0.00     0.00 -1  -3.5e-13      0.00 8.645e-01 1.353e-01 4.780e-05 1.316e-05 1.204e-04 -1.000 2.744e-04 3.750 4.068 4.279 3.860 3.558 3.263 2.907 2.613 2.587
0.00042777 -1.56000 10.14613 0.7556349635 2.4021553993    0.754  0.419  3.7955  4.031    2  0.000  0.529     0.00     0.00 -1 -3.64e-13      0.00 8.644e-01 1.354e-01 4.784e-05 1.318e-05 1.205e-04 -1.000 2.756e-04 3.724 4.046 4.256 3.834 3.530 3.234 2.875 2.580 2.554
0.00042777 -1.56000 10.14613 0.7578573227 2.4030387402    0.757  0.458  3.7910  3.975    2  0.000  0.529     0.00     0.00 -1 -4.23e-13      0.00 8.640e-01 1.357e-01 4.799e-05 1.322e-05 1.209e-04 -1.000 2.794e-04 3.626 3.966 4.173 3.739 3.427 3.124 2.755 2.452 2.423
0.00042777 -1.56000 10.14613 0.7595516443 2.4037079811    0.758  0.492  3.7857  3.921    2  0.000  0.529     0.00     0.00 -1 -4.86e-13      0.00 8.618e-01 1.379e-01 4.880e-05 1.344e-05 1.229e-04 -1.000 2.822e-04 3.540 3.905 4.106 3.657 3.336 3.025 2.644 2.331 2.299
0.00042777 -1.56000 10.14613 0.7608750463 2.4042284489    0.760  0.522  3.7797  3.867    2  0.000  0.530     0.00     0.00 -1 -5.55e-13      0.00 8.552e-01 1.446e-01 5.113e-05 1.407e-05 1.286e-04 -1.000 2.916e-04 3.464 3.856 4.052 3.586 3.253 2.933 2.538 2.214 2.179
0.00042777 -1.56000 10.14613 0.7619396448 2.4046456814    0.761  0.550  3.7736  3.815    2  0.000  0.531     0.00     0.00 -1 -6.27e-13      0.00 8.379e-01 1.618e-01 5.659e-05 1.556e-05 1.421e-04 -1.000 3.013e-04 3.395 3.822 4.009 3.522 3.179 2.848 2.439 2.105 2.066
0.00042777 -1.56000 10.14613 0.7628312707 2.4049940109    0.761  0.576  3.7669  3.763    2  0.000  0.533     0.00     0.00 -1 -7.07e-13      0.00 8.164e-01 1.832e-01 6.248e-05 1.715e-05 1.564e-04 -1.000 3.496e-04 3.329 3.795 3.972 3.463 3.108 2.766 2.342 1.996 1.952
0.00042777 -1.56000 10.14613 0.7636166215 2.4052999020    0.762  0.604  3.7602  3.709    2  0.000  0.534     0.00     0.00 -1 -1.78e-19      0.00 7.994e-01 2.002e-01 6.681e-05 1.831e-05 1.668e-04 -1.000 3.899e-04 3.261 3.768 3.933 3.403 3.035 2.682 2.243 1.885 1.837
0.00042777 -1.56000 10.14613 0.7643124461 2.4055705070    0.763  0.634  3.7541  3.655    2  0.000  0.535     0.00     0.00 -1  -2.8e-23      0.00 7.877e-01 2.119e-01 6.977e-05 1.910e-05 1.738e-04 -1.000 3.900e-04 3.185 3.736 3.887 3.336 2.956 2.594 2.140 1.772 1.719
0.00042777 -1.56000 10.14613 0.7650005817 2.4058375359    0.764  0.673  3.7485  3.594    2  0.000  0.536     0.00     0.00 -1 -4.82e-23      0.00 7.796e-01 2.200e-01 7.182e-05 1.965e-05 1.787e-04 -1.000 3.779e-04 3.088 3.679 3.817 3.247 2.857 2.485 2.018 1.639 1.583
0.00042777 -1.56000 10.14613 0.7655432224 2.4060478210    0.764  0.712  3.7447  3.541    2  0.000  0.536     0.00     0.00 -1 -7.49e-23      0.00 7.752e-01 2.244e-01 7.294e-05 1.995e-05 1.814e-04 -1.000 4.015e-04 2.991 3.611 3.739 3.157 2.759 2.382 1.905 1.520 1.461
0.00042777 -1.56000 10.14613 0.7659137845 2.4061911106    0.764  0.741  3.7424  3.502    2  0.000  0.536     0.00     0.00 -1 -1.02e-22      0.00 7.727e-01 2.269e-01 7.356e-05 2.011e-05 1.829e-04 -1.000 3.660e-04 2.917 3.554 3.677 3.087 2.686 2.304 1.822 1.433 1.372
0.00042777 -1.56000 10.14613 0.7660783529 2.4062547684    0.765  0.756  3.7416  3.484    2  0.000  0.536     0.00     0.00 -1 -1.17e-22      0.00 7.718e-01 2.278e-01 7.377e-05 2.017e-05 1.834e-04 -1.000 3.883e-04 2.880 3.523 3.644 3.051 2.648 2.266 1.781 1.390 1.329
0.00042777 -1.56000 10.14613 0.7665200830 2.4064252377    0.765  0.797  3.7395  3.435    3  0.000  0.536     0.00     0.00 -1 -1.71e-22      0.00 7.694e-01 2.301e-01 7.429e-05 2.031e-05 1.846e-04 -1.000 4.397e-04 2.778 3.438 3.552 2.953 2.546 2.160 1.669 1.274 1.211
0.00042777 -1.56000 10.14613 0.7670036554 2.4066116810    0.765  0.845  3.7374  3.378    3  0.000  0.537     0.00     0.00 -1  -2.6e-22      0.00 7.671e-01 2.325e-01 7.476e-05 2.043e-05 1.857e-04 -1.000 4.114e-04 2.657 3.337 3.442 2.836 2.425 2.036 1.539 1.139 1.075
0.00042777 -1.56000 10.14613 0.7674144506 2.4067697525    0.766  0.889  3.7357  3.328    3  0.000  0.537     0.00     0.00 -1 -3.75e-22      0.00 7.652e-01 2.344e-01 7.510e-05 2.053e-05 1.866e-04 -1.000 4.041e-04 2.546 3.242 3.340 2.729 2.315 1.923 1.421 1.017 0.953
0.00042777 -1.56000 10.14613 0.7678073049 2.4069209099    0.766  0.935  3.7342  3.276    3  0.000  0.537     0.00     0.00 -1 -5.35e-22      0.00 7.635e-01 2.360e-01 7.538e-05 2.060e-05 1.872e-04 -1.000 4.384e-04 2.434 3.143 3.235 2.619 2.203 1.808 1.302 0.894 0.829
0.00042777 -1.56000 10.14613 0.7682065964 2.4070744514    0.767  0.984  3.7327  3.221    3  0.000  0.537     0.00     0.00 -1 -7.75e-22      0.00 7.619e-01 2.377e-01 7.562e-05 2.067e-05 1.879e-04 -1.000 4.380e-04 2.310 3.033 3.120 2.499 2.080 1.683 1.172 0.760 0.694
0.00042777 -1.56000 10.14613 0.7685737014 2.4072151184    0.767  1.033  3.7312  3.166    3  0.000  0.537     0.00     0.00 -1  -1.1e-21      0.00 7.603e-01 2.392e-01 7.580e-05 2.073e-05 1.884e-04 -1.000 4.095e-04 2.187 2.923 3.005 2.379 1.958 1.559 1.043 0.627 0.560
0.00042777 -1.56000 10.14613 0.7689034939 2.4073417187    0.767  1.081  3.7298  3.113    3  0.000  0.536     0.00     0.00 -1 -1.51e-21      0.00 7.590e-01 2.406e-01 7.592e-05 2.078e-05 1.887e-04 -1.000 3.937e-04 2.068 2.816 2.892 2.262 1.839 1.437 0.917 0.497 0.430
0.00042777 -1.56000 10.14613 0.7691919208 2.4074521065    0.767  1.126  3.7284  3.063    3  0.000  0.536     0.00     0.00 -1 -2.02e-21      0.00 7.578e-01 2.418e-01 7.598e-05 2.083e-05 1.890e-04 -1.000 4.084e-04 1.954 2.716 2.786 2.152 1.727 1.323 0.798 0.374 0.307
0.00042777 -1.56000 10.14613 0.7694730759 2.4075596333    0.768  1.174  3.7270  3.009    3  0.000  0.535     0.00     0.00 -1  -2.7e-21      0.00 7.567e-01 2.429e-01 7.599e-05 2.089e-05 1.893e-04 -1.000 4.479e-04 1.834 2.609 2.674 2.035 1.607 1.201 0.672 0.244 0.176
0.00042777 -1.56000 10.14613 0.7697429061 2.4076628685    0.768  1.225  3.7255  2.952    3  0.000  0.534     0.00     0.00 -1 -3.59e-21      0.00 7.557e-01 2.439e-01 7.595e-05 2.097e-05 1.895e-04 -1.000 4.318e-04 1.707 2.498 2.556 1.912 1.482 1.073 0.539 0.107 0.039
0.00042777 -1.56000 10.14613 0.7699692249 2.4077491760    0.768  1.271  3.7240  2.900    3  0.000  0.534     0.00     0.00 -1 -4.61e-21      0.00 7.549e-01 2.447e-01 7.588e-05 2.104e-05 1.897e-04 -1.000 3.995e-04 1.592 2.397 2.448 1.799 1.366 0.956 0.417 -0.019 -0.087
0.00042777 -1.56000 10.14613 0.7701756954 2.4078280926    0.768  1.318  3.7226  2.848    3  0.000  0.533     0.00     0.00 -1 -5.84e-21      0.00 7.543e-01 2.453e-01 7.579e-05 2.113e-05 1.898e-04 -1.000 4.184e-04 1.476 2.296 2.341 1.687 1.252 0.839 0.296 -0.144 -0.213
0.00042777 -1.56000 10.14613 0.7703700066 2.4079022408    0.768  1.365  3.7211  2.795    3  0.000  0.532     0.00     0.00 -1 -7.35e-21      0.00 7.537e-01 2.458e-01 7.570e-05 2.123e-05 1.899e-04 -1.000 4.490e-04 1.357 2.193 2.231 1.571 1.134 0.718 0.170 -0.273 -0.343
0.00042777 -1.56000 10.14613 0.7705417275 2.4079678059    0.768  1.411  3.7195  2.743    3  0.000  0.531     0.00     0.00 -1 -9.09e-21      0.00 7.534e-01 2.462e-01 7.562e-05 2.131e-05 1.900e-04 -1.000 4.489e-04 1.243 2.094 2.125 1.461 1.020 0.602 0.049 -0.398 -0.469
0.00042777 -1.56000 10.14613 0.7707051039 2.4080300331    0.768  1.459  3.7179  2.688    3  0.000  0.530     0.00     0.00 -1 -1.12e-20      0.00 7.531e-01 2.464e-01 7.555e-05 2.138e-05 1.900e-04 -1.000 4.489e-04 1.123 1.993 2.016 1.346 0.902 0.481 -0.077 -0.528 -0.599
0.00042777 -1.56000 10.14613 0.7708492279 2.4080848694    0.768  1.505  3.7162  2.636    3  0.000  0.530     0.00     0.00 -1 -1.36e-20      0.00 7.529e-01 2.466e-01 7.551e-05 2.142e-05 1.901e-04 -1.000 4.469e-04 1.008 1.895 1.911 1.234 0.788 0.364 -0.199 -0.655 -0.727
0.00042777 -1.56000 10.14613 0.7709774971 2.4081337452    0.768  1.550  3.7145  2.584    3  0.000  0.530     0.00     0.00 -1 -1.63e-20      0.00 7.529e-01 2.467e-01 7.549e-05 2.144e-05 1.901e-04 -1.000 4.294e-04 0.896 1.801 1.809 1.127 0.677 0.251 -0.317 -0.778 -0.851
0.00042777 -1.56000 10.14613 0.7710996866 2.4081802368    0.768  1.596  3.7128  2.531    3  0.000  0.530     0.00     0.00 -1 -1.95e-20      0.00 7.529e-01 2.467e-01 7.549e-05 2.145e-05 1.901e-04 -1.000 4.016e-04 0.779 1.702 1.704 1.015 0.562 0.132 -0.441 -0.906 -0.979
0.00042777 -1.56000 10.14613 0.7712103128 2.4082224369    0.768  1.642  3.7111  2.478    3  0.000  0.530     0.00     0.00 -1 -2.32e-20      0.00 7.528e-01 2.468e-01 7.548e-05 2.145e-05 1.901e-04 -1.000 4.018e-04 0.664 1.607 1.600 0.904 0.448 0.015 -0.563 -1.033 -1.107
0.00042777 -1.56000 10.14613 0.7713077664 2.4082593918    0.768  1.687  3.7093  2.426    3  0.000  0.530     0.00     0.00 -1 -2.72e-20      0.00 7.528e-01 2.468e-01 7.548e-05 2.146e-05 1.901e-04 -1.000 4.020e-04 0.554 1.520 1.502 0.798 0.338 -0.097 -0.681 -1.155 -1.229
0.00042777 -1.56000 10.14613 0.7713972926 2.4082934856    0.768  1.731  3.7076  2.375    3  0.000  0.530     0.00     0.00 -1 -1.54e-21      0.00 7.528e-01 2.468e-01 7.548e-05 2.146e-05 1.901e-04 -1.000 4.021e-04 0.443 1.434 1.404 0.692 0.229 -0.210 -0.798 -1.277 -1.352
0.00042777 -1.56000 10.14613 0.7714838982 2.4083263874    0.768  1.777  3.7056  2.321    3  0.000  0.530     0.00     0.00 -1 -4.63e-22      0.00 7.528e-01 2.468e-01 7.548e-05 2.146e-05 1.901e-04 -1.000 4.022e-04 0.327 1.345 1.302 0.582 0.114 -0.328 -0.922 -1.405 -1.481
0.00042777 -1.56000 10.14613 0.7715597749 2.4083552361    0.768  1.821  3.7038  2.269    3  0.000  0.530     0.00     0.00 -1 -5.32e-22      0.00 7.528e-01 2.468e-01 7.548e-05 2.146e-05 1.901e-04 -1.000 4.024e-04 0.217 1.261 1.206 0.477 0.005 -0.440 -1.040 -1.528 -1.604
0.00042777 -1.56000 10.14613 0.7716295719 2.4083817005    0.768  1.865  3.7019  2.218    3  0.000  0.530     0.00     0.00 -1 -6.07e-22      0.00 7.528e-01 2.468e-01 7.548e-05 2.146e-05 1.901e-04 -1.000 4.025e-04 0.108 1.177 1.110 0.373 -0.103 -0.552 -1.157 -1.649 -1.727
0.00042777 -1.56000 10.14613 0.7716956735 2.4084069729    0.768  1.910  3.7000  2.166    3  0.000  0.530     0.00     0.00 -1 -6.92e-22      0.00 7.528e-01 2.468e-01 7.548e-05 2.146e-05 1.901e-04 -1.000 4.027e-04 -0.004 1.093 1.014 0.267 -0.214 -0.666 -1.277 -1.774 -1.852
0.00042777 -1.56000 10.14613 0.7717538476 2.4084289074    0.768  1.951  3.6981  2.116    3  0.000  0.530     0.00     0.00 -1 -7.81e-22      0.00 7.528e-01 2.468e-01 7.548e-05 2.147e-05 1.901e-04 -1.000 4.027e-04 -0.109 1.017 0.925 0.168 -0.316 -0.772 -1.389 -1.891 -1.969
0.00042777 -1.56000 10.14613 0.7718098760 2.4084503651    0.768  1.992  3.6962  2.068    3  0.000  0.530     0.00     0.00 -1 -8.76e-22      0.00 7.528e-01 2.468e-01 7.548e-05 2.147e-05 1.901e-04 -1.000 4.028e-04 -0.211 0.942 0.837 0.072 -0.417 -0.876 -1.499 -2.006 -2.085
0.00042777 -1.56000 10.14613 0.7718679905 2.4084722996    0.768  2.030  3.6946  2.024    3  0.000  0.530     0.00     0.00 -1 -9.83e-22      0.00 7.528e-01 2.468e-01 7.548e-05 2.147e-05 1.901e-04 -1.000 4.029e-04 -0.304 0.875 0.758 -0.015 -0.508 -0.970 -1.598 -2.109 -2.190
0.00042777 -1.56000 10.14613 0.7719199657 2.4084920883    0.767  2.056  3.6934  1.993    3  0.000  0.530     0.00     0.00 -1 -1.08e-21      0.00 7.528e-01 2.468e-01 7.548e-05 2.147e-05 1.901e-04 -1.000 4.030e-04 -0.370 0.827 0.702 -0.077 -0.572 -1.037 -1.668 -2.183 -2.263
0.00042777 -1.56000 10.14613 0.7719579935 2.4085063934    0.767  2.045  3.6942  2.006    3  0.000  0.530     0.00     0.00 -1 -1.09e-21      0.00 7.528e-01 2.468e-01 7.548e-05 2.147e-05 1.901e-04 -1.000 4.030e-04 -0.343 0.841 0.722 -0.053 -0.547 -1.009 -1.639 -2.151 -2.231
0.00042777 -1.56000 10.14613 0.7719660997 2.4085094929    0.767  2.053  3.6939  1.998    3  0.000  0.530     0.00     0.00 -1 -1.12e-21      0.00 7.528e-01 2.468e-01 7.548e-05 2.147e-05 1.901e-04 -1.000 4.030e-04 -0.362 0.828 0.706 -0.071 -0.565 -1.028 -1.659 -2.172 -2.252
0.00042777 -1.56000 10.14613 0.7720075250 2.4085252285    0.767  2.096  3.6918  1.947    3  0.000  0.530     0.00     0.00 -1 -1.24e-21      0.00 7.528e-01 2.468e-01 7.547e-05 2.147e-05 1.901e-04 -1.000 4.032e-04 -0.469 0.757 0.618 -0.170 -0.670 -1.137 -1.774 -2.293 -2.374
0.00042777 -1.56000 10.14613 0.7720459104 2.4085397720    0.767  2.137  3.6897  1.896    3  0.000  0.530     0.00     0.00 -1 -1.38e-21      0.00 7.528e-01 2.468e-01 7.547e-05 2.147e-05 1.901e-04 -1.000 4.032e-04 -0.573 0.689 0.533 -0.267 -0.772 -1.243 -1.887 -2.412 -2.494
0.00042777 -1.56000 10.14613 0.7720827460 2.4085538387    0.767  2.181  3.6876  1.844    3  0.000  0.530     0.00     0.00 -1 -1.53e-21      0.00 7.528e-01 2.468e-01 7.547e-05 2.147e-05 1.901e-04 -1.000 4.033e-04 -0.682 0.621 0.445 -0.367 -0.877 -1.352 -2.004 -2.536 -2.618
0.00042777 -1.56000 10.14613 0.7721138597 2.4085657597    0.767  2.220  3.6855  1.796    3  0.000  0.530     0.00     0.00 -1 -1.69e-21      0.00 7.528e-01 2.468e-01 7.547e-05 2.147e-05 1.901e-04 -1.000 4.034e-04 -0.780 0.573 0.370 -0.459 -0.974 -1.453 -2.112 -2.650 -2.733
0.00042777 -1.56000 10.14613 0.7721437812 2.4085769653    0.766  2.261  3.6834  1.747    3  0.000  0.530     0.00     0.00 -1 -1.86e-21      0.00 7.528e-01 2.468e-01 7.547e-05 2.147e-05 1.901e-04 -1.000 4.034e-04 -0.883 0.541 0.297 -0.556 -1.078 -1.560 -2.226 -2.770 -2.851
0.00042777 -1.56000 10.14613 0.7721704841 2.4085872173    0.766  2.301  3.6812  1.699    3  0.000  0.530     0.00     0.00 -1 -2.03e-21      0.00 7.528e-01 2.468e-01 7.547e-05 2.147e-05 1.901e-04 -1.000 4.034e-04 -0.981 0.508 0.228 -0.647 -1.176 -1.662 -2.335 -2.885 -2.965
0.00042777 -1.56000 10.14613 0.7721953988 2.4085965157    0.766  2.340  3.6791  1.651    3  0.000  0.530     0.00     0.00 -1 -2.23e-21      0.00 7.528e-01 2.468e-01 7.547e-05 2.148e-05 1.901e-04 -1.000 4.034e-04 -1.080 0.477 0.160 -0.738 -1.274 -1.764 -2.444 -3.000 -3.079
0.00042777 -1.56000 10.14613 0.7722187638 2.4086053371    0.765  2.379  3.6769  1.602    3  0.000  0.530     0.00     0.00 -1 -2.43e-21      0.00 7.528e-01 2.468e-01 7.547e-05 2.148e-05 1.901e-04 -1.000 4.034e-04 -1.179 0.450 0.093 -0.827 -1.371 -1.865 -2.552 -3.115 -3.193
0.00042777 -1.56000 10.14613 0.7722445726 2.4086153507    0.765  2.427  3.6742  1.544    3  0.000  0.530     0.00     0.00 -1  -2.7e-21      0.00 7.527e-01 2.468e-01 7.547e-05 2.148e-05 1.901e-04 -1.000 4.035e-04 -1.297 0.424 0.018 -0.933 -1.488 -1.987 -2.683 -3.253 -3.330
0.00042777 -1.56000 10.14613 0.7722641230 2.4086227417    0.765  2.465  3.6720  1.496    3  0.000  0.530     0.00     0.00 -1 -2.93e-21      0.00 7.527e-01 2.469e-01 7.547e-05 2.148e-05 1.901e-04 -1.000 4.036e-04 -1.393 0.352 -0.059 -1.016 -1.575 -2.080 -2.785 -3.363 -3.442
0.00042777 -1.56000 10.14613 0.7722856998 2.4086308479    0.764  2.511  3.6693  1.440    3  0.000  0.530     0.00     0.00 -1 -3.23e-21      0.00 7.527e-01 2.469e-01 7.547e-05 2.148e-05 1.901e-04 -1.000 4.036e-04 -1.507 0.338 -0.126 -1.115 -1.686 -2.197 -2.911 -3.496 -3.575
0.00042777 -1.56000 10.14613 0.7723056078 2.4086384773    0.764  2.557  3.6665  1.383    3  0.000  0.530     0.00     0.00 -1 -3.56e-21      0.00 7.527e-01 2.469e-01 7.547e-05 2.148e-05 1.901e-04 -1.000 4.036e-04 -1.621 0.334 -0.189 -1.213 -1.796 -2.314 -3.038 -3.630 -3.709
0.00042777 -1.56000 10.14613 0.7723247409 2.4086456299    0.763  2.604  3.6638  1.324    3  0.000  0.530     0.00     0.00 -1 -3.93e-21      0.00 7.527e-01 2.469e-01 7.547e-05 2.148e-05 1.901e-04 -1.000 4.036e-04 -1.740 0.333 -0.252 -1.314 -1.909 -2.434 -3.168 -3.768 -3.846
0.00042777 -1.56000 10.14613 0.7723405957 2.4086515903    0.763  2.646  3.6610  1.270    3  0.000  0.530     0.00     0.00 -1 -4.29e-21      0.00 7.527e-01 2.469e-01 7.547e-05 2.148e-05 1.901e-04 -1.000 4.037e-04 -1.845 0.348 -0.301 -1.402 -2.010 -2.542 -3.286 -3.894 -3.971
0.00042777 -1.56000 10.14613 0.7723563910 2.4086575508    0.762  2.692  3.6581  1.213    3  0.000  0.530     0.00     0.00 -1 -4.71e-21      0.00 7.527e-01 2.469e-01 7.547e-05 2.148e-05 1.901e-04 -1.000 4.037e-04 -1.959 0.370 -0.351 -1.494 -2.117 -2.657 -3.413 -4.028 -4.105
0.00042777 -1.56000 10.14613 0.7723702788 2.4086627960    0.761  2.735  3.6553  1.158    3  0.000  0.530     0.00     0.00 -1 -5.13e-21      0.00 7.527e-01 2.469e-01 7.547e-05 2.148e-05 1.901e-04 -1.000 4.038e-04 -2.067 0.365 -0.406 -1.580 -2.215 -2.763 -3.530 -4.154 -4.233
0.00042777 -1.56000 10.14613 0.7723832130 2.4086678028    0.760  2.778  3.6525  1.103    3  0.000  0.530     0.00     0.00 -1  -5.6e-21      0.00 7.527e-01 2.469e-01 7.547e-05 2.148e-05 1.901e-04 -1.000 4.037e-04 -2.175 0.360 -0.462 -1.665 -2.313 -2.869 -3.648 -4.281 -4.360
0.00042777 -1.56000 10.14613 0.7723952532 2.4086723328    0.760  2.821  3.6497  1.048    3  0.000  0.530     0.00     0.00 -1  -6.1e-21      0.00 7.527e-01 2.469e-01 7.547e-05 2.148e-05 1.901e-04 -1.000 4.038e-04 -2.283 0.355 -0.517 -1.750 -2.410 -2.975 -3.766 -4.407 -4.488
0.00042777 -1.56000 10.14613 0.7724058628 2.4086763859    0.759  2.862  3.6469  0.996    3  0.000  0.530     0.00     0.00 -1 -6.61e-21      0.00 7.527e-01 2.469e-01 7.547e-05 2.148e-05 1.901e-04 -1.000 4.038e-04 -2.385 0.358 -0.566 -1.828 -2.500 -3.073 -3.876 -4.527 -4.610
0.00042777 -1.56000 10.14613 0.7724162340 2.4086804390    0.758  2.904  3.6440  0.941    3  0.000  0.530     0.00     0.00 -1 -7.18e-21      0.00 7.527e-01 2.469e-01 7.547e-05 2.148e-05 1.901e-04 -1.000 4.038e-04 -2.491 0.372 -0.609 -1.906 -2.594 -3.176 -3.992 -4.652 -4.737
0.00042777 -1.56000 10.14613 0.7724253535 2.4086837769    0.757  2.945  3.6412  0.889    3  0.000  0.530     0.00     0.00 -1 -7.76e-21      0.00 7.527e-01 2.469e-01 7.547e-05 2.148e-05 1.901e-04 -1.000 4.038e-04 -2.592 0.391 -0.647 -1.978 -2.681 -3.273 -4.102 -4.771 -4.857
0.00042777 -1.56000 10.14613 0.7724338770 2.4086871147    0.755  2.985  3.6385  0.838    3  0.000  0.530     0.00     0.00 -1 -8.38e-21      0.00 7.527e-01 2.469e-01 7.547e-05 2.148e-05 1.901e-04 -1.000 4.038e-04 -2.691 0.413 -0.683 -2.047 -2.766 -3.368 -4.210 -4.888 -4.976
0.00042777 -1.56000 10.14613 0.7724423409 2.4086902142    0.754  3.027  3.6356  0.783    3  0.000  0.530     0.00     0.00 -1 -9.09e-21      0.00 7.527e-01 2.469e-01 7.547e-05 2.148e-05 1.901e-04 -1.000 4.039e-04 -2.796 0.436 -0.721 -2.120 -2.855 -3.468 -4.324 -5.012 -5.102
0.00042777 -1.56000 10.14613 0.7724494338 2.4086928368    0.753  3.064  3.6328  0.734    3  0.000  0.530     0.00     0.00 -1 -9.76e-21      0.00 7.527e-01 2.469e-01 7.547e-05 2.148e-05 1.901e-04 -1.000 4.038e-04 -2.890 0.463 -0.751 -2.183 -2.934 -3.556 -4.426 -5.123 -5.215
0.00042777 -1.56000 10.14613 0.7724567056 2.4086956978    0.751  3.105  3.6300  0.681    3  0.000  0.530     0.00     0.00 -1 -1.06e-20      0.00 7.527e-01 2.469e-01 7.547e-05 2.148e-05 1.901e-04 -1.000 4.039e-04 -2.993 0.488 -0.787 -2.254 -3.021 -3.654 -4.537 -5.244 -5.337
0.00042777 -1.56000 10.14613 0.7724632621 2.4086980820    0.750  3.144  3.6271  0.629    3  0.000  0.530     0.00     0.00 -1 -1.14e-20      0.00 7.527e-01 2.469e-01 7.547e-05 2.148e-05 1.901e-04 -1.000 4.039e-04 -3.091 0.518 -0.816 -2.317 -3.101 -3.745 -4.643 -5.359 -5.455
0.00042777 -1.56000 10.14613 0.7724694610 2.4087004662    0.748  3.183  3.6244  0.578    3  0.000  0.530     0.00     0.00 -1 -1.22e-20      0.00 7.527e-01 2.469e-01 7.547e-05 2.148e-05 1.901e-04 -1.000 4.039e-04 -3.188 0.548 -0.846 -2.381 -3.181 -3.836 -4.748 -5.474 -5.572
0.00042777 -1.56000 10.14613 0.7724754214 2.4087028503    0.746  3.223  3.6215  0.526    3  0.000  0.530     0.00     0.00 -1 -1.32e-20      0.00 7.527e-01 2.469e-01 7.547e-05 2.148e-05 1.901e-04 -1.000 4.039e-04 -3.287 0.580 -0.875 -2.444 -3.262 -3.928 -4.854 -5.590 -5.690
0.00042777 -1.56000 10.14613 0.7724808455 2.4087047577    0.744  3.261  3.6188  0.476    3  0.000  0.530     0.00     0.00 -1 -1.42e-20      0.00 7.527e-01 2.469e-01 7.547e-05 2.148e-05 1.901e-04 -1.000 4.039e-04 -3.382 0.619 -0.895 -2.501 -3.337 -4.015 -4.956 -5.702 -5.805
0.00042777 -1.56000 10.14613 0.7724869251 2.4087071419    0.741  3.301  3.6160  0.422    3  0.000  0.530     0.00     0.00 -1 -1.53e-20      0.00 7.527e-01 2.469e-01 7.547e-05 2.148e-05 1.901e-04 -1.000 4.039e-04 -3.484 0.661 -0.913 -2.558 -3.416 -4.108 -5.066 -5.821 -5.926
0.00042777 -1.56000 10.14613 0.7724869251 2.4087071419    0.702  1.683  3.8440  2.930    4  0.000  0.526     0.00     0.00 -1    -1e-30      0.00 7.441e-01 2.555e-01 7.711e-05 2.262e-05 1.958e-04 -1.000 4.489e-04 0.563 0.826 0.805 0.557 0.371 0.182 -0.057 -0.226 -0.245
0.00042777 -1.56000 10.14613 0.7724899650 2.4087083340    0.702  1.698  3.8342  2.876    4  0.000  0.526     0.00     0.00 -1    -1e-30      0.00 7.441e-01 2.555e-01 7.711e-05 2.262e-05 1.958e-04 -1.000 4.489e-04 0.526 0.809 0.803 0.530 0.325 0.116 -0.145 -0.334 -0.355
0.00042777 -1.56000 10.14613 0.7725403905 2.4087274075    0.702  1.701  3.8360  2.879    4  0.000  0.526     0.00     0.00 -1    -1e-30      0.00 7.441e-01 2.555e-01 7.711e-05 2.262e-05 1.958e-04 -1.000 4.489e-04 0.516 0.796 0.787 0.518 0.317 0.112 -0.145 -0.330 -0.351
0.00042777 -1.56000 10.14613 0.7725914121 2.4087467194    0.702  1.702  3.8373  2.884    4  0.000  0.526     0.00     0.00 -1    -1e-30      0.00 7.441e-01 2.555e-01 7.711e-05 2.262e-05 1.958e-04 -1.000 4.489e-04 0.516 0.792 0.781 0.516 0.317 0.115 -0.139 -0.321 -0.341
0.00042777 -1.56000 10.14613 0.7726435661 2.4087665081    0.703  1.702  3.8394  2.893    4  0.000  0.526     0.00     0.00 -1    -1e-30      0.00 7.441e-01 2.555e-01 7.711e-05 2.262e-05 1.958e-04 -1.000 4.489e-04 0.516 0.788 0.773 0.514 0.319 0.121 -0.128 -0.306 -0.326
0.00042777 -1.56000 10.14613 0.7726952434 2.4087860584    0.703  1.701  3.8420  2.903    4  0.000  0.526     0.00     0.00 -1    -1e-30      0.00 7.441e-01 2.555e-01 7.711e-05 2.262e-05 1.958e-04 -1.000 4.489e-04 0.517 0.784 0.764 0.512 0.323 0.130 -0.114 -0.286 -0.306
0.00042777 -1.56000 10.14613 0.7727438211 2.4088044167    0.703  1.701  3.8447  2.915    4  0.000  0.526     0.00     0.00 -1    -1e-30      0.00 7.441e-01 2.555e-01 7.711e-05 2.262e-05 1.958e-04 -1.000 4.489e-04 0.518 0.781 0.756 0.511 0.327 0.139 -0.098 -0.264 -0.284
0.00042777 -1.56000 10.14613 0.7727915645 2.4088225365    0.703  1.700  3.8475  2.927    4  0.000  0.526     0.00     0.00 -1    -1e-30      0.00 7.441e-01 2.555e-01 7.711e-05 2.262e-05 1.958e-04 -1.000 4.489e-04 0.520 0.777 0.748 0.510 0.332 0.150 -0.081 -0.241 -0.260
0.00042777 -1.56000 10.14613 0.7728398442 2.4088408947    0.703  1.699  3.8504  2.939    4  0.000  0.526     0.00     0.00 -1    -1e-30      0.00 7.441e-01 2.555e-01 7.711e-05 2.262e-05 1.958e-04 -1.000 4.489e-04 0.523 0.774 0.740 0.510 0.338 0.161 -0.064 -0.218 -0.237
0.00042777 -1.56000 10.14613 0.7728904486 2.4088599682    0.703  1.698  3.8532  2.952    4  0.000  0.526     0.00     0.00 -1    -1e-30      0.00 7.441e-01 2.555e-01 7.711e-05 2.262e-05 1.958e-04 -1.000 4.489e-04 0.525 0.772 0.733 0.510 0.343 0.172 -0.046 -0.195 -0.213
0.00042777 -1.56000 10.14613 0.7729402781 2.4088788033    0.703  1.697  3.8556  2.962    4  0.000  0.526     0.00     0.00 -1    -1e-30      0.00 7.441e-01 2.555e-01 7.711e-05 2.262e-05 1.958e-04 -1.000 4.489e-04 0.527 0.770 0.727 0.509 0.348 0.181 -0.032 -0.176 -0.194
0.00042777 -1.56000 10.14613 0.7729915380 2.4088983536    0.703  1.697  3.8575  2.970    4  0.000  0.526     0.00     0.00 -1    -1e-30      0.00 7.441e-01 2.555e-01 7.711e-05 2.262e-05 1.958e-04 -1.000 4.489e-04 0.528 0.768 0.721 0.509 0.351 0.188 -0.021 -0.161 -0.178
0.00042777 -1.56000 10.14613 0.7730424404 2.4089174271    0.703  1.696  3.8590  2.976    4  0.000  0.526     0.00     0.00 -1    -1e-30      0.00 7.441e-01 2.555e-01 7.711e-05 2.262e-05 1.958e-04 -1.000 4.489e-04 0.529 0.766 0.717 0.509 0.354 0.193 -0.012 -0.149 -0.166
0.00042777 -1.56000 10.14613 0.7730926871 2.4089365005    0.703  1.696  3.8597  2.979    4  0.000  0.526     0.00     0.00 -1    -1e-30      0.00 7.441e-01 2.555e-01 7.711e-05 2.262e-05 1.958e-04 -1.000 4.489e-04 0.529 0.765 0.715 0.508 0.355 0.196 -0.008 -0.143 -0.161
0.00042777 -1.56000 10.14613 0.7731413841 2.4089548588    0.703  1.697  3.8596  2.979    4  0.000  0.526     0.00     0.00 -1    -1e-30      0.00 7.441e-01 2.555e-01 7.711e-05 2.262e-05 1.958e-04 -1.000 4.489e-04 0.528 0.764 0.714 0.507 0.353 0.194 -0.010 -0.145 -0.163
0.00042777 -1.56000 10.14613 0.7731626630 2.4089629650    0.703  1.697  3.8593  2.977    4  0.000  0.526     0.00     0.00 -1    -1e-30      0.00 7.441e-01 2.555e-01 7.711e-05 2.262e-05 1.958e-04 -1.000 4.489e-04 0.527 0.764 0.714 0.507 0.353 0.193 -0.011 -0.148 -0.165
0.00042777 -1.56000 10.14613 0.7731897831 2.4089732170    0.703  1.697  3.8588  2.975    4  0.000  0.526     0.00     0.00 -1    -1e-30      0.00 7.441e-01 2.555e-01 7.711e-05 2.262e-05 1.958e-04 -1.000 4.489e-04 0.526 0.764 0.715 0.506 0.351 0.190 -0.015 -0.152 -0.170
0.00042777 -1.56000 10.14613 0.7732377648 2.4089913368    0.703  1.699  3.8575  2.968    4  0.000  0.526     0.00     0.00 -1    -1e-30      0.00 7.441e-01 2.555e-01 7.711e-05 2.262e-05 1.958e-04 -1.000 4.489e-04 0.524 0.763 0.716 0.504 0.346 0.183 -0.025 -0.165 -0.183
0.00042777 -1.56000 10.14613 0.7732867599 2.4090099335    0.703  1.700  3.8552  2.958    4  0.000  0.526     0.00     0.00 -1    -1e-30      0.00 7.441e-01 2.555e-01 7.711e-05 2.262e-05 1.958e-04 -1.000 4.489e-04 0.519 0.763 0.720 0.502 0.340 0.172 -0.041 -0.186 -0.204
0.00042777 -1.56000 10.14613 0.7733374834 2.4090290070    0.703  1.702  3.8521  2.943    4  0.000  0.526     0.00     0.00 -1    -1e-30      0.00 7.441e-01 2.555e-01 7.711e-05 2.262e-05 1.958e-04 -1.000 4.489e-04 0.514 0.763 0.726 0.500 0.331 0.157 -0.063 -0.214 -0.233
0.00042777 -1.56000 10.14613 0.7733898759 2.4090490341    0.703  1.705  3.8480  2.924    4  0.000  0.526     0.00     0.00 -1    -1e-30      0.00 7.441e-01 2.555e-01 7.711e-05 2.262e-05 1.958e-04 -1.000 4.489e-04 0.507 0.763 0.733 0.496 0.320 0.138 -0.092 -0.251 -0.270
0.00042777 -1.56000 10.14613 0.7734398246 2.4090678692    0.703  1.708  3.8431  2.902    4  0.000  0.526     0.00     0.00 -1    -1e-30      0.00 7.441e-01 2.555e-01 7.711e-05 2.262e-05 1.958e-04 -1.000 4.489e-04 0.499 0.765 0.742 0.493 0.307 0.116 -0.125 -0.295 -0.314
0.00042777 -1.56000 10.14613 0.7734902501 2.4090869427    0.703  1.712  3.8374  2.875    4  0.000  0.526     0.00     0.00 -1    -1e-30      0.00 7.441e-01 2.555e-01 7.711e-05 2.262e-05 1.958e-04 -1.000 4.489e-04 0.490 0.767 0.754 0.490 0.291 0.090 -0.164 -0.346 -0.366
0.00042777 -1.56000 10.14613 0.7735189199 2.4090976715    0.704  1.714  3.8339  2.859    4  0.000  0.526     0.00     0.00 -1    -1e-30      0.00 7.441e-01 2.555e-01 7.711e-05 2.262e-05 1.958e-04 -1.000 4.489e-04 0.485 0.769 0.761 0.488 0.283 0.074 -0.188 -0.377 -0.398
0.00042777 -1.56000 10.14613 0.7735702395 2.4091169834    0.704  1.719  3.8274  2.829    4  0.000  0.526     0.00     0.00 -1    -1e-30      0.00 7.441e-01 2.555e-01 7.711e-05 2.262e-05 1.958e-04 -1.000 4.489e-04 0.474 0.772 0.775 0.485 0.266 0.045 -0.232 -0.435 -0.457
0.00042777 -1.56000 10.14613 0.7736214995 2.4091365337    0.704  1.723  3.8203  2.795    4  0.000  0.526     0.00     0.00 -1    -1e-30      0.00 7.441e-01 2.555e-01 7.711e-05 2.262e-05 1.958e-04 -1.000 4.490e-04 0.462 0.778 0.791 0.482 0.249 0.015 -0.279 -0.499 -0.522
0.00042777 -1.56000 10.14613 0.7736710906 2.4091551304    0.704  1.728  3.8132  2.762    4  0.000  0.526     0.00     0.00 -1    -1e-30      0.00 7.441e-01 2.555e-01 7.711e-05 2.262e-05 1.958e-04 -1.000 4.489e-04 0.449 0.785 0.808 0.478 0.231 -0.016 -0.327 -0.563 -0.587
0.00042777 -1.56000 10.14613 0.7737228870 2.4091746807    0.704  1.734  3.8047  2.722    4  0.000  0.526     0.00     0.00 -1    -1e-30      0.00 7.441e-01 2.555e-01 7.711e-05 2.262e-05 1.958e-04 -1.000 4.489e-04 0.434 0.795 0.832 0.476 0.212 -0.051 -0.383 -0.637 -0.664
0.00042777 -1.56000 10.14613 0.7737724185 2.4091935158    0.704  1.740  3.7972  2.686    4  0.000  0.526     0.00     0.00 -1    -1e-30      0.00 7.441e-01 2.555e-01 7.711e-05 2.262e-05 1.958e-04 -1.000 4.489e-04 0.419 0.804 0.852 0.474 0.193 -0.083 -0.434 -0.705 -0.735
0.00042777 -1.56000 10.14613 0.7738214135 2.4092118740    0.704  1.747  3.7910  2.655    4  0.000  0.526     0.00     0.00 -1    -1e-30      0.00 7.441e-01 2.555e-01 7.711e-05 2.262e-05 1.958e-04 -1.000 4.489e-04 0.403 0.810 0.867 0.468 0.175 -0.113 -0.479 -0.765 -0.796
0.00042777 -1.56000 10.14613 0.7738709450 2.4092307091    0.704  1.753  3.7850  2.624    4  0.000  0.526     0.00     0.00 -1    -1e-30      0.00 7.441e-01 2.555e-01 7.711e-05 2.262e-05 1.958e-04 -1.000 4.489e-04 0.386 0.815 0.879 0.462 0.156 -0.143 -0.524 -0.823 -0.857
0.00042777 -1.56000 10.14613 0.7739200592 2.4092490673    0.704  1.760  3.7801  2.598    4  0.000  0.526     0.00     0.00 -1    -1e-30      0.00 7.441e-01 2.555e-01 7.711e-05 2.262e-05 1.958e-04 -1.000 4.489e-04 0.369 0.817 0.886 0.453 0.138 -0.170 -0.564 -0.874 -0.910
0.00042777 -1.56000 10.14613 0.7739722729 2.4092688560    0.704  1.769  3.7752  2.570    4  0.000  0.526     0.00     0.00 -1    -1e-30      0.00 7.441e-01 2.555e-01 7.711e-05 2.262e-05 1.958e-04 -1.000 4.489e-04 0.348 0.820 0.891 0.442 0.116 -0.201 -0.607 -0.930 -0.968
0.00042777 -1.56000 10.14613 0.7740213871 2.4092874527    0.704  1.779  3.7704  2.540    4  0.000  0.526     0.00     0.00 -1    -1e-30      0.00 7.441e-01 2.555e-01 7.711e-05 2.262e-05 1.958e-04 -1.000 4.489e-04 0.323 0.820 0.890 0.425 0.090 -0.236 -0.656 -0.991 -1.030
0.00042777 -1.56000 10.14613 0.7740672231 2.4093046188    0.704  1.773  3.7740  2.561    4  0.000  0.526     0.00     0.00 -1    -1e-30      0.00 7.441e-01 2.555e-01 7.711e-05 2.262e-05 1.958e-04 -1.000 4.489e-04 0.338 0.817 0.887 0.434 0.106 -0.213 -0.623 -0.949 -0.987
0.00042777 -1.56000 10.14613 0.7740749717 2.4093077183    0.704  1.770  3.7731  2.560    4  0.000  0.526     0.00     0.00 -1    -1e-30      0.00 7.441e-01 2.555e-01 7.711e-05 2.262e-05 1.958e-04 -1.000 4.489e-04 0.345 0.828 0.899 0.443 0.113 -0.208 -0.620 -0.948 -0.986
0.00042777 -1.56000 10.14613 0.7741260529 2.4093267918    0.704  1.787  3.7657  2.514    4  0.000  0.526     0.00     0.00 -1    -1e-30      0.00 7.441e-01 2.555e-01 7.711e-05 2.262e-05 1.958e-04 -1.000 4.489e-04 0.303 0.825 0.896 0.415 0.071 -0.264 -0.696 -1.043 -1.084
0.00042777 -1.56000 10.14613 0.7741745114 2.4093451500    0.704  1.810  3.7582  2.461    4  0.000  0.526     0.00     0.00 -1    -1e-30      0.00 7.441e-01 2.555e-01 7.711e-05 2.262e-05 1.958e-04 -1.000 4.489e-04 0.245 0.807 0.879 0.372 0.012 -0.336 -0.787 -1.150 -1.196
0.00042777 -1.56000 10.14613 0.7742074728 2.4093575478    0.704  1.839  3.7507  2.401    4  0.000  0.526     0.00     0.00 -1    -1e-30      0.00 7.441e-01 2.555e-01 7.711e-05 2.262e-05 1.958e-04 -1.000 4.489e-04 0.172 0.780 0.847 0.313 -0.062 -0.423 -0.894 -1.273 -1.323
0.00042777 -1.56000 10.14613 0.7742252946 2.4093642235    0.704  1.870  3.7439  2.343    4  0.000  0.526     0.00     0.00 -1    -1e-30      0.00 7.441e-01 2.555e-01 7.711e-05 2.262e-05 1.958e-04 -1.000 4.489e-04 0.094 0.749 0.809 0.249 -0.139 -0.512 -1.000 -1.394 -1.448
0.00042777 -1.56000 10.14613 0.7742348313 2.4093680382    0.704  1.905  3.7373  2.282    4  0.000  0.526     0.00     0.00 -1    -1e-30      0.00 7.441e-01 2.555e-01 7.711e-05 2.262e-05 1.958e-04 -1.000 4.489e-04 0.007 0.714 0.760 0.176 -0.226 -0.610 -1.116 -1.524 -1.582
0.00042777 -1.56000 10.14613 0.7742393017 2.4093697071    0.704  1.939  3.7317  2.225    4  0.000  0.526     0.00     0.00 -1    -1e-30      0.00 7.441e-01 2.555e-01 7.711e-05 2.262e-05 1.958e-04 -1.000 4.489e-04 -0.078 0.680 0.710 0.103 -0.309 -0.704 -1.224 -1.646 -1.706
0.00042777 -1.56000 10.14613 0.7742418051 2.4093706608    0.704  1.974  3.7266  2.170    4  0.000  0.526     0.00     0.00 -1    -1e-30      0.00 7.441e-01 2.555e-01 7.711e-05 2.262e-05 1.958e-04 -1.000 4.489e-04 -0.166 0.642 0.654 0.026 -0.396 -0.800 -1.334 -1.767 -1.830
0.00042777 -1.56000 10.14613 0.7742431760 2.4093711376    0.704  2.010  3.7222  2.116    4  0.000  0.526     0.00     0.00 -1    -1e-30      0.00 7.441e-01 2.555e-01 7.711e-05 2.262e-05 1.958e-04 -1.000 4.489e-04 -0.255 0.598 0.594 -0.052 -0.484 -0.895 -1.441 -1.885 -1.950
0.00042777 -1.56000 10.14613 0.7742436528 2.4093713760    0.704  2.026  3.7204  2.094    7  0.000  0.526     0.00     0.00 -1    -1e-30      0.00 7.441e-01 2.555e-01 7.711e-05 2.262e-05 1.958e-04 -1.000 4.489e-04 -0.294 0.578 0.567 -0.087 -0.522 -0.936 -1.487 -1.934 -2.000
0.00042777 -1.56000 10.14613 0.7742443681 2.4093716145    0.704  2.055  3.7175  2.053    7  0.000  0.526     0.00     0.00 -1    -1e-30      0.00 7.441e-01 2.555e-01 7.711e-05 2.262e-05 1.958e-04 -1.000 4.489e-04 -0.368 0.538 0.514 -0.153 -0.594 -1.014 -1.573 -2.027 -2.094
0.00042777 -1.56000 10.14613 0.7742451429 2.4093718529    0.704  2.090  3.7142  2.004    7  0.000  0.526     0.00     0.00 -1    -1e-30      0.00 7.441e-01 2.555e-01 7.711e-05 2.262e-05 1.958e-04 -1.000 4.489e-04 -0.456 0.488 0.450 -0.232 -0.681 -1.106 -1.674 -2.136 -2.205
0.00042777 -1.56000 10.14613 0.7742459774 2.4093720913    0.704  2.122  3.7115  1.962    7  0.000  0.526     0.00     0.00 -1    -1e-30      0.00 7.441e-01 2.555e-01 7.711e-05 2.262e-05 1.958e-04 -1.000 4.489e-04 -0.534 0.444 0.392 -0.303 -0.758 -1.188 -1.765 -2.233 -2.304
0.00042777 -1.56000 10.14613 0.7742468119 2.4093725681    0.704  2.134  3.7106  1.946    7  0.000  0.526     0.00     0.00 -1    -1e-30      0.00 7.441e-01 2.555e-01 7.711e-05 2.262e-05 1.958e-04 -1.000 4.489e-04 -0.565 0.427 0.369 -0.331 -0.788 -1.220 -1.799 -2.270 -2.341
0.00042777 -1.56000 10.14613 0.7742479444 2.4093728065    0.704  2.141  3.7102  1.938    7  0.000  0.526     0.00     0.00 -1    -1e-30      0.00 7.441e-01 2.555e-01 7.711e-05 2.262e-05 1.958e-04 -1.000 4.489e-04 -0.581 0.415 0.354 -0.347 -0.805 -1.237 -1.818 -2.289 -2.360
0.00042777 -1.56000 10.14613 0.7742501497 2.4093737602    0.704  2.135  3.7108  1.945    7  0.000  0.526     0.00     0.00 -1    -1e-30      0.00 7.441e-01 2.555e-01 7.711e-05 2.262e-05 1.958e-04 -1.000 4.489e-04 -0.569 0.420 0.363 -0.336 -0.792 -1.224 -1.803 -2.273 -2.343
0.00042777 -1.56000 10.14613 0.7742536664 2.4093749523    0.704  2.127  3.7113  1.956    7  0.000  0.526     0.00     0.00 -1    -1e-30      0.00 7.441e-01 2.555e-01 7.711e-05 2.262e-05 1.958e-04 -1.000 4.489e-04 -0.548 0.433 0.379 -0.317 -0.772 -1.203 -1.780 -2.249 -2.319
0.00042777 -1.56000 10.14613 0.7742757201 2.4093832970    0.704  2.136  3.7103  1.943    7  0.000  0.526     0.00     0.00 -1    -1e-30      0.00 7.441e-01 2.555e-01 7.711e-05 2.262e-05 1.958e-04 -1.000 4.489e-04 -0.569 0.426 0.366 -0.335 -0.792 -1.225 -1.805 -2.277 -2.347
0.00042777 -1.56000 10.14613 0.7742897868 2.4093885422    0.704  2.163  3.7079  1.907    7  0.000  0.526     0.00     0.00 -1    -1e-30      0.00 7.441e-01 2.555e-01 7.711e-05 2.262e-05 1.958e-04 -1.000 4.490e-04 -0.637 0.392 0.318 -0.395 -0.858 -1.295 -1.883 -2.360 -2.432
0.00042777 -1.56000 10.14613 0.7743105888 2.4093964100    0.704  2.213  3.7037  1.840    7  0.000  0.526     0.00     0.00 -1    -1e-30      0.00 7.441e-01 2.555e-01 7.711e-05 2.262e-05 1.958e-04 -1.000 4.489e-04 -0.763 0.326 0.226 -0.508 -0.981 -1.426 -2.027 -2.515 -2.589
0.00042777 -1.56000 10.14613 0.7743276358 2.4094028473    0.704  2.268  3.6994  1.768    7  0.000  0.526     0.00     0.00 -1    -1e-30      0.00 7.441e-01 2.555e-01 7.711e-05 2.262e-05 1.958e-04 -1.000 4.489e-04 -0.899 0.256 0.127 -0.630 -1.113 -1.566 -2.181 -2.681 -2.756
0.00042777 -1.56000 10.14613 0.7743428349 2.4094085693    0.704  2.323  3.6951  1.695    7  0.000  0.526     0.00     0.00 -1    -1e-30      0.00 7.441e-01 2.555e-01 7.711e-05 2.262e-05 1.958e-04 -1.000 4.489e-04 -1.037 0.188 0.028 -0.753 -1.247 -1.708 -2.336 -2.849 -2.926
0.00042777 -1.56000 10.14613 0.7743563056 2.4094138145    0.704  2.368  3.6917  1.637    7  0.000  0.526     0.00     0.00 -1    -1e-30      0.00 7.441e-01 2.555e-01 7.710e-05 2.262e-05 1.958e-04 -1.000 4.488e-04 -1.150 0.132 -0.053 -0.853 -1.355 -1.823 -2.463 -2.984 -3.063
0.00042777 -1.56000 10.14613 0.7743682861 2.4094183445    0.704  2.412  3.6884  1.580    7  0.000  0.525     0.00     0.00 -1    -1e-30      0.00 7.441e-01 2.555e-01 7.707e-05 2.262e-05 1.958e-04 -1.000 4.488e-04 -1.259 0.079 -0.131 -0.950 -1.460 -1.934 -2.585 -3.116 -3.196
0.00042777 -1.56000 10.14613 0.7743787766 2.4094221592    0.704  2.454  3.6853  1.525    7  0.000  0.524     0.00     0.00 -1    -1e-30      0.00 7.441e-01 2.555e-01 7.689e-05 2.268e-05 1.958e-04 -1.000 4.489e-04 -1.365 0.058 -0.198 -1.045 -1.564 -2.044 -2.705 -3.245 -3.325
0.00042777 -1.56000 10.14613 0.7743880749 2.4094257355    0.704  2.495  3.6823  1.472    7  0.000  0.520     0.00     0.00 -1    -1e-30      0.00 7.441e-01 2.555e-01 7.636e-05 2.303e-05 1.958e-04 -1.000 4.489e-04 -1.468 0.014 -0.268 -1.134 -1.662 -2.148 -2.819 -3.368 -3.449
0.00042777 -1.56000 10.14613 0.7743965983 2.4094288349    0.704  2.536  3.6792  1.418    7  0.000  0.511     0.00     0.00 -1    -1e-30      0.00 7.441e-01 2.555e-01 7.513e-05 2.420e-05 1.958e-04 -1.000 4.489e-04 -1.571 0.002 -0.328 -1.225 -1.763 -2.255 -2.936 -3.493 -3.573
0.00042777 -1.56000 10.14613 0.7744044065 2.4094319344    0.704  2.578  3.6762  1.365    7  0.000  0.498     0.00     0.00 -1    -1e-30      0.00 7.441e-01 2.555e-01 7.326e-05 2.633e-05 1.958e-04 -1.000 4.489e-04 -1.674 0.000 -0.384 -1.314 -1.863 -2.362 -3.054 -3.619 -3.698
0.00042777 -1.56000 10.14613 0.7744116783 2.4094345570    0.704  2.619  3.6731  1.311    7  0.000  0.485     0.00     0.00 -1    -1e-30      0.00 7.440e-01 2.555e-01 7.127e-05 2.873e-05 1.958e-04 -1.000 4.482e-04 -1.778 0.006 -0.436 -1.402 -1.964 -2.470 -3.172 -3.745 -3.823
0.00042777 -1.56000 10.14613 0.7744185328 2.4094371796    0.705  2.661  3.6699  1.257    7  0.000  0.473     0.00     0.00 -1    -1e-30      0.00 7.440e-01 2.556e-01 6.948e-05 3.092e-05 1.957e-04 -1.000 4.448e-04 -1.881 0.022 -0.483 -1.489 -2.064 -2.577 -3.289 -3.870 -3.949
0.00042777 -1.56000 10.14613 0.7744250298 2.4094395638    0.705  2.701  3.6668  1.204    7  0.000  0.462     0.00     0.00 -1    -1e-30      0.00 7.439e-01 2.556e-01 6.798e-05 3.276e-05 1.957e-04 -1.000 4.489e-04 -1.983 0.047 -0.525 -1.571 -2.161 -2.682 -3.405 -3.994 -4.072
0.00042777 -1.56000 10.14613 0.7744312286 2.4094419479    0.705  2.741  3.6637  1.151    7  0.000  0.454     0.00     0.00 -1    -1e-30      0.00 7.438e-01 2.557e-01 6.672e-05 3.431e-05 1.957e-04 -1.000 4.490e-04 -2.084 0.079 -0.563 -1.652 -2.256 -2.785 -3.519 -4.116 -4.194
0.00042777 -1.56000 10.14613 0.7744371295 2.4094440937    0.705  2.782  3.6606  1.098    7  0.000  0.446     0.00     0.00 -1    -1e-30      0.00 7.437e-01 2.558e-01 6.560e-05 3.568e-05 1.957e-04 -1.000 4.490e-04 -2.185 0.121 -0.596 -1.731 -2.351 -2.888 -3.634 -4.240 -4.317
0.00042777 -1.56000 10.14613 0.7744423747 2.4094462395    0.705  2.823  3.6574  1.045    7  0.000  0.439     0.00     0.00 -1    -1e-30      0.00 7.436e-01 2.559e-01 6.458e-05 3.693e-05 1.957e-04 -1.000 4.490e-04 -2.286 0.171 -0.625 -1.808 -2.444 -2.990 -3.749 -4.364 -4.441
0.00042777 -1.56000 10.14613 0.7744466662 2.4094476700    0.705  2.861  3.6544  0.994    7  0.000  0.433     0.00     0.00 -1    -1e-30      0.00 7.435e-01 2.561e-01 6.375e-05 3.796e-05 1.956e-04 -1.000 4.489e-04 -2.384 0.181 -0.666 -1.880 -2.530 -3.085 -3.857 -4.481 -4.559
0.00042777 -1.56000 10.14613 0.7744503617 2.4094491005    0.705  2.902  3.6511  0.940    7  0.000  0.428     0.00     0.00 -1    -1e-30      0.00 7.434e-01 2.562e-01 6.296e-05 3.893e-05 1.955e-04 -1.000 4.483e-04 -2.485 0.203 -0.703 -1.954 -2.619 -3.184 -3.970 -4.604 -4.684
0.00042777 -1.56000 10.14613 0.7744534612 2.4094502926    0.705  2.943  3.6478  0.887    7  0.000  0.424     0.00     0.00 -1    -1e-30      0.00 7.433e-01 2.563e-01 6.230e-05 3.975e-05 1.954e-04 -1.000 4.446e-04 -2.587 0.230 -0.737 -2.024 -2.706 -3.282 -4.082 -4.726 -4.808
0.00042777 -1.56000 10.14613 0.7744566202 2.4094514847    0.705  2.986  3.6443  0.829    7  0.000  0.421     0.00     0.00 -1    -1e-30      0.00 7.431e-01 2.564e-01 6.175e-05 4.044e-05 1.952e-04 -1.000 4.490e-04 -2.695 0.264 -0.770 -2.098 -2.797 -3.385 -4.201 -4.857 -4.941
0.00042777 -1.56000 10.14613 0.7744594216 2.4094526768    0.705  3.027  3.6410  0.775    7  0.000  0.418     0.00     0.00 -1    -1e-30      0.00 7.430e-01 2.565e-01 6.136e-05 4.095e-05 1.951e-04 -1.000 4.489e-04 -2.797 0.299 -0.801 -2.167 -2.884 -3.483 -4.315 -4.981 -5.067
0.00042777 -1.56000 10.14613 0.7744622231 2.4094536304    0.705  3.083  3.6363  0.700    7  0.000  0.416     0.00     0.00 -1    -1e-30      0.00 7.429e-01 2.567e-01 6.091e-05 4.158e-05 1.948e-04 -1.000 4.489e-04 -2.937 0.355 -0.837 -2.257 -2.999 -3.614 -4.468 -5.150 -5.239
0.00042777 -1.56000 10.14613 0.7744624019 2.4094536304    0.705  3.083  3.6362  0.700    7  0.000  0.416     0.00     0.00 -1    -1e-30      0.00 7.429e-01 2.567e-01 6.084e-05 4.167e-05 1.947e-04 -1.000 4.489e-04 -2.937 0.358 -0.835 -2.256 -2.998 -3.613 -4.468 -5.151 -5.240
0.00042777 -1.56000 10.14613 0.7744626403 2.4094538689    0.705  3.091  3.6355  0.689    7  0.000  0.415     0.00     0.00 -1    -1e-30      0.00 7.429e-01 2.567e-01 6.078e-05 4.176e-05 1.947e-04 -1.000 4.489e-04 -2.957 0.366 -0.840 -2.268 -3.014 -3.632 -4.490 -5.175 -5.265
0.00042777 -1.56000 10.14613 0.7744627595 2.4094538689    0.705  3.122  3.6328  0.647    7  0.000  0.413     0.00     0.00 -1    -1e-30      0.00 7.427e-01 2.568e-01 6.032e-05 4.249e-05 1.944e-04 -1.000 4.489e-04 -3.035 0.401 -0.858 -2.317 -3.078 -3.705 -4.576 -5.270 -5.362
0.00042777 -1.56000 10.14613 0.7744629383 2.4094538689    0.705  3.161  3.6294  0.595    7  0.000  0.411     0.00     0.00 -1    -1e-30      0.00 7.425e-01 2.570e-01 5.984e-05 4.343e-05 1.938e-04 -1.000 4.490e-04 -3.131 0.447 -0.878 -2.376 -3.155 -3.794 -4.682 -5.388 -5.481
0.00042777 -1.56000 10.14613 0.7744632363 2.4094541073    0.705  3.193  3.6266  0.551    7  0.000  0.410     0.00     0.00 -1    -1e-30      0.00 7.424e-01 2.572e-01 5.954e-05 4.415e-05 1.933e-04 -1.000 4.490e-04 -3.213 0.488 -0.894 -2.423 -3.218 -3.868 -4.770 -5.486 -5.582
0.00042777 -1.56000 10.14613 0.7744636536 2.4094541073    0.705  3.222  3.6241  0.512    7  0.000  0.409     0.00     0.00 -1    -1e-30      0.00 7.422e-01 2.573e-01 5.931e-05 4.472e-05 1.929e-04 -1.000 4.490e-04 -3.286 0.524 -0.908 -2.466 -3.276 -3.935 -4.850 -5.575 -5.673
0.00042777 -1.56000 10.14613 0.7744640112 2.4094543457    0.705  3.414  3.6091  0.260    8  0.549  0.390    98.04    45.09  1 -1.53e-06      0.00 7.290e-01 2.706e-01 6.375e-05 5.931e-05 2.177e-04 -1.000 3.690e-04 -3.766 0.778 -0.959 -2.716 -3.636 -4.367 -5.367 -6.145 -6.259
0.00042777 -1.56000 10.14613 0.7744640708 2.4094543457    0.705  3.270  3.6174  0.437    8  0.549  0.390    66.86    32.39  1 -7.92e-07      0.00 7.290e-01 2.706e-01 6.375e-05 5.931e-05 2.177e-04 -1.000 3.690e-04 -3.405 0.681 -0.868 -2.498 -3.348 -4.034 -4.984 -5.734 -5.839
0.00042777 -1.56000 10.14613 0.7744641304 2.4094543457    0.705  3.123  3.6309  0.639    8  0.549  0.390    43.30    22.25  1 -3.95e-07      0.00 7.290e-01 2.706e-01 6.375e-05 5.931e-05 2.177e-04 -1.000 3.690e-04 -3.036 0.460 -0.826 -2.300 -3.069 -3.702 -4.582 -5.283 -5.376
0.00042777 -1.56000 10.14613 0.7744642496 2.4094543457    0.705  2.931  3.6483  0.900    8  0.549  0.390    24.65    13.67  1 -1.54e-07      0.00 7.290e-01 2.706e-01 6.375e-05 5.931e-05 2.177e-04 -1.000 3.690e-04 -2.558 0.235 -0.721 -2.001 -2.679 -3.254 -4.052 -4.695 -4.776
0.00042777 -1.56000 10.14613 0.7744644880 2.4094545841    0.705  2.937  3.6477  0.892    8  0.549  0.390    25.10    13.88  1 -1.59e-07      0.00 7.290e-01 2.706e-01 6.375e-05 5.931e-05 2.177e-04 -1.000 3.690e-04 -2.573 0.241 -0.724 -2.011 -2.692 -3.268 -4.068 -4.713 -4.795
0.00042777 -1.56000 10.14613 0.7744647264 2.4094545841    0.705  3.035  3.6388  0.759    8  0.550  0.390    33.46    17.79  1 -2.58e-07      0.00 7.290e-01 2.706e-01 6.375e-05 5.931e-05 2.177e-04 -1.000 3.691e-04 -2.817 0.351 -0.781 -2.167 -2.893 -3.498 -4.340 -5.014 -5.101
0.00042777 -1.56000 10.14613 0.7744650245 2.4094545841    0.705  3.186  3.6251  0.552    8  0.550  0.390    52.22    26.13  1 -5.34e-07      0.00 7.290e-01 2.706e-01 6.375e-05 5.931e-05 2.177e-04 -1.000 3.690e-04 -3.195 0.548 -0.851 -2.390 -3.191 -3.845 -4.755 -5.477 -5.574
0.00042777 -1.56000 10.14613 0.7744653821 2.4094548225    0.705  3.315  3.6133  0.376    8  0.550  0.390    76.45    36.31  1 -9.77e-07      0.00 7.290e-01 2.706e-01 6.375e-05 5.931e-05 2.177e-04 -1.000 3.690e-04 -3.518 0.762 -0.867 -2.548 -3.428 -4.133 -5.107 -5.871 -5.981
0.00042777 -1.56000 10.14613 0.7744657993 2.4094550610    0.705  3.400  3.6055  0.260    8  0.551  0.390    98.23    45.07  1 -1.44e-06      0.00 7.290e-01 2.706e-01 6.375e-05 5.931e-05 2.177e-04 -1.000 3.690e-04 -3.731 0.917 -0.860 -2.639 -3.574 -4.317 -5.336 -6.129 -6.247
0.00042777 -1.56000 10.14613 0.7744662166 2.4094550610    0.705  3.447  3.6013  0.196    8  0.551  0.390   112.77    50.76  1 -1.78e-06      0.00 7.290e-01 2.706e-01 6.375e-05 5.931e-05 2.177e-04 -1.000 3.690e-04 -3.848 1.005 -0.853 -2.685 -3.653 -4.417 -5.461 -6.271 -6.394
0.00042777 -1.56000 10.14613 0.7744667530 2.4094552994    0.705  3.471  3.5990  0.163    8  0.552  0.390   121.16    53.97  0 -1.99e-06      0.00 7.290e-01 2.706e-01 6.375e-05 5.931e-05 2.177e-04 -1.000 3.690e-04 -3.908 1.052 -0.847 -2.707 -3.692 -4.468 -5.526 -6.344 -6.470
0.00042777 -1.56000 10.14613 0.7744672894 2.4094555378    0.704  3.487  3.5984  0.144    8  0.552  0.390   126.16    55.85  0 -2.14e-06      0.00 7.290e-01 2.706e-01 6.375e-05 5.931e-05 2.177e-04 -1.000 3.690e-04 -3.948 1.055 -0.860 -2.732 -3.725 -4.505 -5.567 -6.388 -6.515
0.00042777 -1.56000 10.14613 0.7744694352 2.4094562531    0.554 -9.999  4.0000  1.705    9  0.554  0.000     0.00     0.00 -1    -1e-30      0.00 7.290e-01 2.706e-01 6.375e-05 5.931e-05 2.177e-04 -1.000 3.690e-04 29.767 29.791 30.042 30.092 30.085 30.076 30.121 30.117 30.133
#isochrone terminated
