# File generated by CMD 3.3 (http://stev.oapd.inaf.it/cmd) on Sun Jun  7 12:18:19 CEST 2020
# isochrones based on PARSEC release v1.2S +  COLIBRI S_35
# Basic references: Bressan et al. (2012), MNRAS, 427, 127 + Chen et al. (2014, 2015), MNRAS, 444, 2525 + MNRAS, 452, 1068 + Tang et al. (2014), MNRAS, 445, 4287 + Marigo et al. (2017), ApJ, 835, 77 + Pastorelli al. (2019), MNRAS in press
# Thermal pulse cycles included 
# On RGB, assumed Reimers mass loss with efficiency eta=0.2
# Photometric system: <i>UBVRIJHK</i> (cf. Maiz-Apellaniz 2006 + Bessell 1990)
# Using YBC version of bolometric corrections as in Chen et al. (2019)
# O-rich circumstellar dpmod60alox40 dust from Groenewegen (2006)
# C-rich circumstellar AMCSIC15 dust from Groenewegen (2006)
# IMF: Kroupa (2001, 2002) + Kroupa et al. (2013) canonical two-part-power law IMF corrected for unresolved binaries 
# Kind of output: isochrone tables
# Zini     MH   logAge Mini        int_IMF         Mass   logL    logTe  logg  label   McoreTP C_O  period0 period1 pmode  Mloss  tau1m   X   Y   Xc  Xn  Xo  Cexcess  Z 	 mbolmag  Umag    Bmag    Vmag    Rmag    Imag    Jmag    Hmag    Kmag
0.00042777 -1.56000 10.17609 0.0900000036 1.0816895962    0.090 -3.183  3.4775  5.437    1  0.000  0.545     0.00     0.00 -1 -1.03e-22      0.00 7.474e-01 2.521e-01 8.072e-05 2.178e-05 1.975e-04 -1.000 4.489e-04 12.726 20.071 17.326 15.323 13.639 12.038 10.743 10.446 10.349
0.00042777 -1.56000 10.17609 0.0933580324 1.1130994558    0.093 -3.077  3.4926  5.408    1  0.000  0.545     0.00     0.00 -1 -3.88e-22      0.00 7.466e-01 2.529e-01 8.072e-05 2.178e-05 1.975e-04 -1.000 4.489e-04 12.463 19.071 16.664 14.698 13.204 11.770 10.534 10.167 10.055
0.00042777 -1.56000 10.17609 0.1000000015 1.1711064577    0.100 -2.880  3.5210  5.354    1  0.000  0.545     0.00     0.00 -1 -2.73e-20      0.00 7.450e-01 2.546e-01 8.072e-05 2.178e-05 1.975e-04 -1.000 4.489e-04 11.969 17.398 15.516 13.689 12.436 11.272 10.136 9.676 9.537
0.00042777 -1.56000 10.17609 0.1199999973 1.3193154335    0.120 -2.593  3.5520  5.269    1  0.000  0.545     0.00     0.00 -1 -3.91e-20      0.00 7.416e-01 2.580e-01 8.072e-05 2.178e-05 1.975e-04 -1.000 4.489e-04 11.251 15.623 14.169 12.569 11.478 10.548 9.519 8.997 8.835
0.00042777 -1.56000 10.17609 0.1400000006 1.4384527206    0.140 -2.409  3.5672  5.214    1  0.000  0.545     0.00     0.00 -1 -3.05e-21      0.00 7.392e-01 2.604e-01 8.072e-05 2.178e-05 1.975e-04 -1.000 4.489e-04 10.792 14.707 13.434 11.948 10.925 10.087 9.109 8.567 8.393
0.00042777 -1.56000 10.17609 0.1599999964 1.5372931957    0.160 -2.264  3.5773  5.167    1  0.000  0.545     0.00     0.00 -1 -8.83e-23      0.00 7.376e-01 2.619e-01 8.072e-05 2.178e-05 1.975e-04 -1.000 4.489e-04 10.430 14.072 12.904 11.491 10.512 9.724 8.779 8.227 8.046
0.00042777 -1.56000 10.17609 0.2000000179 1.6938792467    0.200 -2.042  3.5903  5.094    1  0.000  0.545     0.00     0.00 -1 -1.47e-21      0.00 7.366e-01 2.629e-01 8.072e-05 2.178e-05 1.975e-04 -1.000 4.489e-04 9.875 13.179 12.144 10.823 9.903 9.168 8.264 7.702 7.514
0.00042777 -1.56000 10.17609 0.2500000298 1.8403259516    0.250 -1.840  3.6013  5.034    1  0.000  0.545     0.00     0.00 -1  -5.4e-23      0.00 7.369e-01 2.627e-01 8.072e-05 2.178e-05 1.975e-04 -1.000 4.490e-04 9.371 12.419 11.481 10.230 9.360 8.662 7.791 7.226 7.038
0.00042777 -1.56000 10.17609 0.3000000417 1.9529141188    0.300 -1.687  3.6100  4.994    1  0.000  0.545     0.00     0.00 -1 -2.09e-24      0.00 7.370e-01 2.625e-01 8.070e-05 2.178e-05 1.975e-04 -1.000 4.489e-04 8.988 11.848 10.980 9.782 8.948 8.276 7.432 6.866 6.682
0.00042777 -1.56000 10.17609 0.3340913355 2.0165455341    0.334 -1.600  3.6153  4.975    1  0.000  0.545     0.00     0.00 -1 -1.84e-24      0.00 7.368e-01 2.627e-01 8.067e-05 2.178e-05 1.975e-04 -1.000 4.939e-04 8.770 11.525 10.695 9.526 8.714 8.057 7.228 6.662 6.484
0.00042777 -1.56000 10.17609 0.3500000238 2.0434176922    0.350 -1.562  3.6176  4.967    1  0.000  0.544     0.00     0.00 -1 -5.28e-24      0.00 7.367e-01 2.628e-01 8.066e-05 2.178e-05 1.975e-04 -1.000 5.049e-04 8.676 11.385 10.572 9.416 8.613 7.962 7.140 6.574 6.398
0.00042777 -1.56000 10.17609 0.3786441684 2.0880138874    0.379 -1.477  3.6242  4.942    1  0.000  0.545     0.00     0.00 -1 -6.63e-22      0.00 7.446e-01 2.549e-01 8.070e-05 2.178e-05 1.975e-04 -1.000 4.754e-04 8.462 11.041 10.275 9.155 8.380 7.747 6.944 6.379 6.210
0.00042777 -1.56000 10.17609 0.4000000358 2.1185026169    0.400 -1.417  3.6289  4.925    1  0.000  0.545     0.00     0.00 -1 -9.18e-21      0.00 7.503e-01 2.493e-01 8.072e-05 2.178e-05 1.975e-04 -1.000 4.488e-04 8.312 10.801 10.068 8.973 8.217 7.597 6.807 6.242 6.079
0.00042777 -1.56000 10.17609 0.4500000477 2.1822810173    0.450 -1.241  3.6479  4.875    1  0.000  0.545     0.00     0.00 -1 -6.37e-21      0.00 7.505e-01 2.491e-01 8.072e-05 2.178e-05 1.975e-04 -1.000 4.490e-04 7.872 10.010 9.410 8.411 7.727 7.157 6.418 5.866 5.725
0.00042777 -1.56000 10.17609 0.4578647316 2.1914741993    0.458 -1.208  3.6522  4.867    1  0.000  0.545     0.00     0.00 -1 -4.96e-21      0.00 7.505e-01 2.491e-01 8.072e-05 2.178e-05 1.975e-04 -1.000 4.490e-04 7.790 9.850 9.282 8.303 7.634 7.075 6.348 5.801 5.664
0.00042777 -1.56000 10.17609 0.5000000000 2.2374541759    0.500 -1.041  3.6739  4.826    1  0.000  0.545     0.00     0.00 -1 -7.22e-22      0.00 7.505e-01 2.491e-01 8.072e-05 2.178e-05 1.975e-04 -1.000 4.489e-04 7.372 9.036 8.644 7.763 7.172 6.664 5.998 5.485 5.370
0.00042777 -1.56000 10.17609 0.5500000715 2.2836585045    0.550 -0.813  3.6991  4.740    1  0.000  0.544     0.00     0.00 -1 -7.95e-27      0.00 7.932e-01 2.064e-01 6.779e-05 1.831e-05 1.661e-04 -1.000 3.509e-04 6.803 8.038 7.862 7.080 6.566 6.107 5.518 5.059 4.962
0.00042777 -1.56000 10.17609 0.6000000238 2.3211214542    0.600 -0.585  3.7292  4.670    1  0.000  0.543     0.00     0.00 -1 -2.24e-26      0.00 8.068e-01 1.929e-01 6.393e-05 1.727e-05 1.569e-04 -1.000 3.660e-04 6.233 7.058 7.091 6.422 5.980 5.573 5.068 4.671 4.594
0.00042777 -1.56000 10.17609 0.6021170020 2.3225505352    0.602 -0.575  3.7306  4.667    1  0.000  0.543     0.00     0.00 -1 -3.21e-29      0.00 8.074e-01 1.922e-01 6.374e-05 1.722e-05 1.564e-04 -1.000 3.657e-04 6.207 7.016 7.058 6.393 5.955 5.549 5.048 4.654 4.578
0.00042777 -1.56000 10.17609 0.6108611822 2.3283326626    0.610 -0.532  3.7363  4.653    1  0.000  0.543     0.00     0.00 -1  -4.9e-27      0.00 8.102e-01 1.894e-01 6.294e-05 1.701e-05 1.545e-04 -1.000 3.562e-04 6.101 6.848 6.920 6.276 5.849 5.453 4.966 4.582 4.509
0.00042777 -1.56000 10.17609 0.6193811297 2.3337862492    0.619 -0.490  3.7417  4.639    1  0.000  0.543     0.00     0.00 -1 -3.53e-24      0.00 8.131e-01 1.866e-01 6.214e-05 1.680e-05 1.526e-04 -1.000 3.523e-04 5.996 6.687 6.786 6.162 5.746 5.358 4.884 4.510 4.440
0.00042777 -1.56000 10.17609 0.6290680766 2.3397808075    0.629 -0.442  3.7478  4.622    1  0.000  0.543     0.00     0.00 -1 -5.72e-21      0.00 8.165e-01 1.832e-01 6.119e-05 1.655e-05 1.504e-04 -1.000 3.541e-04 5.876 6.508 6.635 6.032 5.629 5.251 4.791 4.425 4.360
0.00042777 -1.56000 10.17609 0.6384180784 2.3453691006    0.638 -0.395  3.7535  4.604    1  0.000  0.542     0.00     0.00 -1  -6.6e-18      0.00 8.199e-01 1.798e-01 6.024e-05 1.629e-05 1.481e-04 -1.000 3.431e-04 5.757 6.337 6.488 5.906 5.515 5.146 4.699 4.342 4.282
0.00042777 -1.56000 10.17609 0.6473473907 2.3505327702    0.647 -0.349  3.7588  4.585    1  0.000  0.542     0.00     0.00 -1  -1.7e-17      0.00 8.233e-01 1.765e-01 5.929e-05 1.604e-05 1.458e-04 -1.000 2.770e-04 5.642 6.172 6.345 5.784 5.404 5.045 4.610 4.260 4.205
0.00042777 -1.56000 10.17609 0.6499999762 2.3520355225    0.650 -0.335  3.7604  4.579    1  0.000  0.542     0.00     0.00 -1 -3.09e-15      0.00 8.242e-01 1.754e-01 5.900e-05 1.596e-05 1.451e-04 -1.000 3.615e-04 5.607 6.123 6.303 5.748 5.371 5.014 4.583 4.235 4.181
0.00042777 -1.56000 10.17609 0.6589949727 2.3570272923    0.659 -0.286  3.7654  4.556    1  0.000  0.542     0.00     0.00 -1 -1.74e-27      0.00 8.286e-01 1.711e-01 5.778e-05 1.564e-05 1.422e-04 -1.000 3.373e-04 5.485 5.964 6.159 5.622 5.254 4.906 4.485 4.144 4.094
0.00042777 -1.56000 10.17609 0.6675922275 2.3616542816    0.667 -0.237  3.7702  4.532    1  0.000  0.541     0.00     0.00 -1 -1.11e-24      0.00 8.330e-01 1.667e-01 5.655e-05 1.532e-05 1.393e-04 -1.000 3.306e-04 5.364 5.807 6.016 5.497 5.139 4.798 4.387 4.051 4.006
0.00042777 -1.56000 10.17609 0.6759494543 2.3660223484    0.676 -0.188  3.7747  4.506    1  0.000  0.541     0.00     0.00 -1 -7.56e-22      0.00 8.375e-01 1.622e-01 5.530e-05 1.498e-05 1.363e-04 -1.000 2.825e-04 5.240 5.653 5.873 5.370 5.021 4.688 4.286 3.957 3.915
0.00042777 -1.56000 10.17609 0.6831319332 2.3696784973    0.683 -0.143  3.7786  4.482    1  0.000  0.541     0.00     0.00 -1 -1.99e-19      0.00 8.415e-01 1.582e-01 5.417e-05 1.468e-05 1.336e-04 -1.000 3.350e-04 5.127 5.516 5.744 5.255 4.914 4.587 4.193 3.870 3.831
0.00042777 -1.56000 10.17609 0.6901301742 2.3731570244    0.690 -0.097  3.7823  4.454    1  0.000  0.540     0.00     0.00 -1 -4.43e-17      0.00 8.455e-01 1.541e-01 5.303e-05 1.438e-05 1.309e-04 -1.000 3.476e-04 5.012 5.380 5.613 5.137 4.803 4.482 4.096 3.778 3.742
0.00042777 -1.56000 10.17609 0.6987665892 2.3773391247    0.698 -0.036  3.7867  4.416    1  0.000  0.540     0.00     0.00 -1 -7.34e-22      0.00 8.508e-01 1.489e-01 5.157e-05 1.399e-05 1.274e-04 -1.000 3.182e-04 4.859 5.206 5.442 4.982 4.657 4.343 3.966 3.655 3.622
0.00042777 -1.56000 10.17609 0.6999999881 2.3779268265    0.700 -0.026  3.7873  4.410    1  0.000  0.540     0.00     0.00 -1 -3.13e-23      0.00 8.515e-01 1.482e-01 5.135e-05 1.393e-05 1.269e-04 -1.000 3.164e-04 4.836 5.180 5.417 4.958 4.634 4.322 3.946 3.636 3.603
0.00042777 -1.56000 10.17609 0.7055364251 2.3805353642    0.705  0.016  3.7898  4.382    1  0.000  0.538     0.00     0.00 -1 -8.98e-29      0.00 8.548e-01 1.449e-01 5.038e-05 1.369e-05 1.248e-04 -1.000 3.038e-04 4.730 5.063 5.300 4.851 4.532 4.223 3.853 3.547 3.516
0.00042777 -1.56000 10.17609 0.7130886316 2.3840186596    0.713  0.078  3.7930  4.337    1  0.000  0.537     0.00     0.00 -1 -4.07e-26      0.00 8.589e-01 1.408e-01 4.919e-05 1.340e-05 1.222e-04 -1.000 2.914e-04 4.574 4.895 5.130 4.692 4.379 4.077 3.714 3.413 3.384
0.00042777 -1.56000 10.17609 0.7201471925 2.3871984482    0.720  0.141  3.7957  4.289    1  0.000  0.535     0.00     0.00 -1 -1.22e-23      0.00 8.610e-01 1.387e-01 4.858e-05 1.327e-05 1.210e-04 -1.000 2.660e-04 4.417 4.728 4.960 4.532 4.225 3.927 3.570 3.274 3.247
0.00042777 -1.56000 10.17609 0.7251125574 2.3893926144    0.724  0.189  3.7972  4.249    1  0.000  0.534     0.00     0.00 -1 -6.77e-22      0.00 8.620e-01 1.377e-01 4.832e-05 1.321e-05 1.206e-04 -1.000 2.659e-04 4.297 4.604 4.833 4.410 4.106 3.811 3.457 3.164 3.138
0.00042777 -1.56000 10.17609 0.7294228077 2.3912696838    0.729  0.234  3.7980  4.210    1  0.000  0.533     0.00     0.00 -1 -2.23e-20      0.00 8.627e-01 1.371e-01 4.814e-05 1.318e-05 1.203e-04 -1.000 2.660e-04 4.184 4.490 4.715 4.296 3.995 3.701 3.349 3.057 3.032
0.00042777 -1.56000 10.17609 0.7304264307 2.3917028904    0.730  0.245  3.7982  4.201    1  0.000  0.533     0.00     0.00 -1 -5.03e-20      0.00 8.628e-01 1.369e-01 4.811e-05 1.318e-05 1.203e-04 -1.000 2.660e-04 4.157 4.463 4.687 4.269 3.968 3.675 3.322 3.031 3.006
0.00042777 -1.56000 10.17609 0.7318943143 2.3923344612    0.731  0.263  3.7981  4.184    1  0.000  0.533     0.00     0.00 -1 -1.66e-19      0.00 8.630e-01 1.367e-01 4.806e-05 1.317e-05 1.202e-04 -1.000 2.659e-04 4.114 4.420 4.643 4.225 3.924 3.631 3.278 2.987 2.962
0.00042777 -1.56000 10.17609 0.7360180020 2.3940925598    0.735  0.315  3.7970  4.129    1  0.000  0.532     0.00     0.00 -1 -4.83e-18      0.00 8.635e-01 1.362e-01 4.792e-05 1.315e-05 1.201e-04 -1.000 2.659e-04 3.982 4.295 4.513 4.093 3.791 3.497 3.142 2.848 2.823
0.00042777 -1.56000 10.17609 0.7392269969 2.3954453468    0.738  0.361  3.7947  4.076    1  0.000  0.531     0.00     0.00 -1 -6.83e-17      0.00 8.639e-01 1.358e-01 4.783e-05 1.313e-05 1.200e-04 -1.000 2.660e-04 3.868 4.191 4.405 3.979 3.673 3.376 3.016 2.719 2.692
0.00042777 -1.56000 10.17609 0.7404675484 2.3959646225    0.740  0.379  3.7936  4.054    1  0.000  0.531     0.00     0.00 -1 -1.91e-16      0.00 8.640e-01 1.357e-01 4.781e-05 1.313e-05 1.200e-04 -1.000 2.813e-04 3.821 4.149 4.362 3.934 3.626 3.327 2.964 2.665 2.637
0.00042777 -1.56000 10.17609 0.7416557074 2.3964600563    0.741  0.400  3.7915  4.025    2  0.000  0.531     0.00     0.00 -1 -5.21e-16      0.00 8.640e-01 1.357e-01 4.782e-05 1.314e-05 1.201e-04 -1.000 2.701e-04 3.769 4.106 4.317 3.883 3.571 3.269 2.901 2.598 2.570
0.00042777 -1.56000 10.17609 0.7440085411 2.3974359035    0.743  0.446  3.7857  3.957    2  0.000  0.531     0.00     0.00 -1 -3.87e-15      0.00 8.627e-01 1.370e-01 4.832e-05 1.328e-05 1.214e-04 -1.000 2.660e-04 3.655 4.018 4.223 3.772 3.450 3.139 2.758 2.445 2.413
0.00042777 -1.56000 10.17609 0.7457327843 2.3981463909    0.745  0.486  3.7790  3.892    2  0.000  0.531     0.00     0.00 -1 -1.75e-14      0.00 8.556e-01 1.442e-01 5.083e-05 1.397e-05 1.276e-04 -1.000 2.723e-04 3.556 3.951 4.149 3.679 3.345 3.022 2.626 2.301 2.265
0.00042777 -1.56000 10.17609 0.7470519543 2.3986876011    0.746  0.521  3.7719  3.829    2  0.000  0.532     0.00     0.00 -1 -5.71e-14      0.00 8.361e-01 1.636e-01 5.703e-05 1.567e-05 1.430e-04 -1.000 2.885e-04 3.467 3.903 4.089 3.596 3.249 2.916 2.503 2.166 2.126
0.00042777 -1.56000 10.17609 0.7481233478 2.3991255760    0.747  0.556  3.7638  3.762    2  0.000  0.533     0.00     0.00 -1 -1.38e-15      0.00 8.105e-01 1.892e-01 6.395e-05 1.754e-05 1.598e-04 -1.000 3.610e-04 3.380 3.865 4.037 3.518 3.156 2.809 2.378 2.027 1.981
0.00042777 -1.56000 10.17609 0.7490621209 2.3995079994    0.748  0.595  3.7557  3.691    2  0.000  0.535     0.00     0.00 -1 -4.02e-25      0.00 7.928e-01 2.068e-01 6.844e-05 1.874e-05 1.706e-04 -1.000 3.983e-04 3.282 3.822 3.976 3.430 3.053 2.694 2.243 1.878 1.826
0.00042777 -1.56000 10.17609 0.7497972250 2.3998067379    0.748  0.636  3.7496  3.626    2  0.000  0.536     0.00     0.00 -1 -1.16e-27      0.00 7.831e-01 2.165e-01 7.091e-05 1.940e-05 1.765e-04 -1.000 3.778e-04 3.179 3.762 3.903 3.336 2.948 2.578 2.113 1.737 1.681
0.00042777 -1.56000 10.17609 0.7500000000 2.3998889923    0.749  0.649  3.7479  3.607    2  0.000  0.536     0.00     0.00 -1 -1.21e-27      0.00 7.808e-01 2.188e-01 7.149e-05 1.956e-05 1.779e-04 -1.000 3.682e-04 3.147 3.743 3.880 3.307 2.916 2.543 2.075 1.696 1.638
0.00042777 -1.56000 10.17609 0.7500479221 2.3999085426    0.749  0.652  3.7476  3.602    2  0.000  0.536     0.00     0.00 -1 -1.25e-27      0.00 7.803e-01 2.193e-01 7.163e-05 1.960e-05 1.782e-04 -1.000 3.660e-04 3.140 3.739 3.874 3.301 2.908 2.535 2.066 1.686 1.628
0.00042777 -1.56000 10.17609 0.7505805492 2.4001243114    0.749  0.693  3.7440  3.548    2  0.000  0.536     0.00     0.00 -1 -1.88e-27      0.00 7.760e-01 2.236e-01 7.271e-05 1.989e-05 1.808e-04 -1.000 4.013e-04 3.039 3.665 3.791 3.205 2.807 2.428 1.949 1.563 1.503
0.00042777 -1.56000 10.17609 0.7509443760 2.4002716541    0.750  0.723  3.7418  3.509    2  0.000  0.536     0.00     0.00 -1 -2.49e-27      0.00 7.736e-01 2.260e-01 7.331e-05 2.005e-05 1.823e-04 -1.000 3.660e-04 2.962 3.603 3.724 3.132 2.729 2.347 1.863 1.473 1.412
0.00042777 -1.56000 10.17609 0.7511024475 2.4003355503    0.750  0.738  3.7410  3.491    2  0.000  0.536     0.00     0.00 -1 -2.82e-27      0.00 7.727e-01 2.269e-01 7.352e-05 2.010e-05 1.828e-04 -1.000 3.934e-04 2.925 3.572 3.691 3.097 2.692 2.309 1.823 1.431 1.369
0.00042777 -1.56000 10.17609 0.7515268922 2.4005069733    0.750  0.779  3.7390  3.442    3  0.000  0.536     0.00     0.00 -1 -3.93e-27      0.00 7.704e-01 2.292e-01 7.403e-05 2.024e-05 1.840e-04 -1.000 4.389e-04 2.822 3.487 3.598 2.997 2.590 2.203 1.711 1.315 1.252
0.00042777 -1.56000 10.17609 0.7519914508 2.4006943703    0.751  0.828  3.7370  3.386    3  0.000  0.537     0.00     0.00 -1 -5.69e-27      0.00 7.680e-01 2.315e-01 7.450e-05 2.036e-05 1.851e-04 -1.000 4.136e-04 2.701 3.385 3.488 2.881 2.469 2.079 1.582 1.181 1.117
0.00042777 -1.56000 10.17609 0.7523861527 2.4008536339    0.751  0.871  3.7354  3.336    3  0.000  0.537     0.00     0.00 -1 -7.82e-27      0.00 7.662e-01 2.334e-01 7.484e-05 2.046e-05 1.859e-04 -1.000 4.034e-04 2.591 3.289 3.387 2.774 2.360 1.967 1.465 1.060 0.996
0.00042777 -1.56000 10.17609 0.7527636290 2.4010055065    0.751  0.916  3.7340  3.285    3  0.000  0.537     0.00     0.00 -1 -1.07e-26      0.00 7.645e-01 2.350e-01 7.512e-05 2.054e-05 1.866e-04 -1.000 4.333e-04 2.479 3.190 3.282 2.665 2.248 1.853 1.346 0.938 0.873
0.00042777 -1.56000 10.17609 0.7531473041 2.4011597633    0.752  0.966  3.7325  3.230    3  0.000  0.537     0.00     0.00 -1 -1.46e-26      0.00 7.629e-01 2.367e-01 7.537e-05 2.060e-05 1.872e-04 -1.000 4.327e-04 2.356 3.081 3.167 2.545 2.126 1.729 1.217 0.805 0.739
0.00042777 -1.56000 10.17609 0.7535000443 2.4013013840    0.752  1.014  3.7310  3.176    3  0.000  0.537     0.00     0.00 -1 -1.97e-26      0.00 7.614e-01 2.382e-01 7.557e-05 2.066e-05 1.877e-04 -1.000 3.926e-04 2.234 2.972 3.052 2.426 2.005 1.605 1.089 0.673 0.606
0.00042777 -1.56000 10.17609 0.7538169622 2.4014284611    0.752  1.062  3.7297  3.123    3  0.000  0.537     0.00     0.00 -1 -2.59e-26      0.00 7.601e-01 2.395e-01 7.571e-05 2.071e-05 1.881e-04 -1.000 3.833e-04 2.115 2.865 2.940 2.310 1.886 1.484 0.964 0.543 0.476
0.00042777 -1.56000 10.17609 0.7540941238 2.4015395641    0.753  1.107  3.7284  3.073    3  0.000  0.536     0.00     0.00 -1  -3.3e-26      0.00 7.590e-01 2.406e-01 7.579e-05 2.075e-05 1.885e-04 -1.000 4.145e-04 2.002 2.764 2.835 2.200 1.774 1.370 0.845 0.421 0.354
0.00042777 -1.56000 10.17609 0.7543643117 2.4016478062    0.753  1.155  3.7270  3.019    3  0.000  0.536     0.00     0.00 -1  -4.2e-26      0.00 7.579e-01 2.417e-01 7.584e-05 2.080e-05 1.887e-04 -1.000 4.487e-04 1.882 2.658 2.722 2.083 1.655 1.249 0.720 0.292 0.224
0.00042777 -1.56000 10.17609 0.7546235919 2.4017515182    0.753  1.206  3.7255  2.963    3  0.000  0.535     0.00     0.00 -1 -5.33e-26      0.00 7.569e-01 2.426e-01 7.586e-05 2.085e-05 1.890e-04 -1.000 4.393e-04 1.756 2.547 2.605 1.960 1.530 1.121 0.587 0.155 0.087
0.00042777 -1.56000 10.17609 0.7548410892 2.4018385410    0.753  1.252  3.7240  2.911    3  0.000  0.535     0.00     0.00 -1 -6.54e-26      0.00 7.562e-01 2.434e-01 7.584e-05 2.089e-05 1.891e-04 -1.000 4.039e-04 1.640 2.446 2.497 1.848 1.415 1.004 0.466 0.030 -0.039
0.00042777 -1.56000 10.17609 0.7550395131 2.4019176960    0.753  1.298  3.7226  2.859    3  0.000  0.534     0.00     0.00 -1 -7.91e-26      0.00 7.556e-01 2.440e-01 7.581e-05 2.094e-05 1.892e-04 -1.000 4.025e-04 1.525 2.345 2.389 1.735 1.300 0.887 0.344 -0.095 -0.164
0.00042777 -1.56000 10.17609 0.7552261949 2.4019923210    0.753  1.346  3.7211  2.806    3  0.000  0.534     0.00     0.00 -1 -9.51e-26      0.00 7.551e-01 2.445e-01 7.577e-05 2.099e-05 1.893e-04 -1.000 4.489e-04 1.406 2.241 2.279 1.620 1.182 0.766 0.219 -0.224 -0.294
0.00042777 -1.56000 10.17609 0.7553912997 2.4020583630    0.754  1.392  3.7195  2.754    3  0.000  0.533     0.00     0.00 -1 -1.12e-25      0.00 7.547e-01 2.448e-01 7.573e-05 2.103e-05 1.894e-04 -1.000 4.489e-04 1.291 2.142 2.173 1.509 1.068 0.650 0.098 -0.349 -0.420
0.00042777 -1.56000 10.17609 0.7555482984 2.4021208286    0.754  1.439  3.7179  2.699    3  0.000  0.533     0.00     0.00 -1 -1.33e-25      0.00 7.545e-01 2.451e-01 7.569e-05 2.107e-05 1.895e-04 -1.000 4.489e-04 1.171 2.040 2.064 1.393 0.950 0.529 -0.028 -0.480 -0.551
0.00042777 -1.56000 10.17609 0.7556867599 2.4021761417    0.754  1.486  3.7163  2.647    3  0.000  0.533     0.00     0.00 -1 -1.54e-25      0.00 7.543e-01 2.452e-01 7.567e-05 2.109e-05 1.895e-04 -1.000 4.459e-04 1.056 1.942 1.958 1.282 0.835 0.412 -0.151 -0.607 -0.678
0.00042777 -1.56000 10.17609 0.7558100224 2.4022252560    0.754  1.531  3.7146  2.595    3  0.000  0.532     0.00     0.00 -1 -1.77e-25      0.00 7.543e-01 2.453e-01 7.566e-05 2.110e-05 1.895e-04 -1.000 4.189e-04 0.943 1.847 1.856 1.174 0.724 0.298 -0.270 -0.730 -0.803
0.00042777 -1.56000 10.17609 0.7559275031 2.4022719860    0.754  1.578  3.7129  2.541    3  0.000  0.532     0.00     0.00 -1 -2.03e-25      0.00 7.542e-01 2.454e-01 7.566e-05 2.111e-05 1.895e-04 -1.000 3.761e-04 0.826 1.748 1.750 1.061 0.608 0.179 -0.394 -0.859 -0.932
0.00042777 -1.56000 10.17609 0.7560338378 2.4023144245    0.754  1.624  3.7112  2.488    3  0.000  0.532     0.00     0.00 -1  -2.3e-25      0.00 7.542e-01 2.454e-01 7.566e-05 2.112e-05 1.895e-04 -1.000 3.762e-04 0.710 1.651 1.646 0.950 0.494 0.062 -0.517 -0.986 -1.060
0.00042777 -1.56000 10.17609 0.7561274767 2.4023516178    0.754  1.668  3.7094  2.437    3  0.000  0.532     0.00     0.00 -1 -2.59e-25      0.00 7.542e-01 2.454e-01 7.565e-05 2.112e-05 1.895e-04 -1.000 3.765e-04 0.599 1.563 1.546 0.843 0.383 -0.052 -0.635 -1.109 -1.183
0.00042777 -1.56000 10.17609 0.7562134862 2.4023859501    0.754  1.713  3.7077  2.385    3  0.000  0.532     0.00     0.00 -1 -2.71e-27      0.00 7.542e-01 2.454e-01 7.565e-05 2.112e-05 1.895e-04 -1.000 3.766e-04 0.488 1.477 1.448 0.737 0.273 -0.165 -0.753 -1.231 -1.306
0.00042777 -1.56000 10.17609 0.7562968135 2.4024190903    0.754  1.760  3.7057  2.331    3  0.000  0.532     0.00     0.00 -1 -3.67e-28      0.00 7.542e-01 2.454e-01 7.565e-05 2.112e-05 1.895e-04 -1.000 3.767e-04 0.371 1.387 1.345 0.625 0.157 -0.284 -0.878 -1.361 -1.437
0.00042777 -1.56000 10.17609 0.7563697100 2.4024481773    0.754  1.804  3.7039  2.279    3  0.000  0.532     0.00     0.00 -1 -4.02e-28      0.00 7.542e-01 2.454e-01 7.565e-05 2.112e-05 1.895e-04 -1.000 3.768e-04 0.259 1.301 1.247 0.519 0.047 -0.398 -0.997 -1.485 -1.561
0.00042777 -1.56000 10.17609 0.7564367652 2.4024748802    0.754  1.849  3.7020  2.227    3  0.000  0.532     0.00     0.00 -1 -4.37e-28      0.00 7.542e-01 2.454e-01 7.565e-05 2.112e-05 1.895e-04 -1.000 3.769e-04 0.148 1.216 1.150 0.413 -0.063 -0.511 -1.116 -1.608 -1.685
0.00042777 -1.56000 10.17609 0.7565003037 2.4025001526    0.754  1.894  3.7000  2.174    3  0.000  0.532     0.00     0.00 -1 -4.73e-28      0.00 7.542e-01 2.454e-01 7.565e-05 2.113e-05 1.895e-04 -1.000 3.771e-04 0.035 1.131 1.052 0.306 -0.174 -0.626 -1.237 -1.734 -1.812
0.00042777 -1.56000 10.17609 0.7565562129 2.4025223255    0.754  1.936  3.6981  2.124    3  0.000  0.532     0.00     0.00 -1 -5.09e-28      0.00 7.542e-01 2.454e-01 7.565e-05 2.113e-05 1.895e-04 -1.000 3.771e-04 -0.071 1.053 0.961 0.206 -0.279 -0.734 -1.351 -1.853 -1.932
0.00042777 -1.56000 10.17609 0.7566100359 2.4025437832    0.754  1.979  3.6962  2.074    3  0.000  0.532     0.00     0.00 -1 -5.46e-28      0.00 7.542e-01 2.454e-01 7.565e-05 2.113e-05 1.896e-04 -1.000 3.773e-04 -0.177 0.976 0.872 0.107 -0.382 -0.841 -1.464 -1.971 -2.050
0.00042777 -1.56000 10.17609 0.7566659451 2.4025659561    0.754  2.016  3.6946  2.030    3  0.000  0.532     0.00     0.00 -1 -5.87e-28      0.00 7.542e-01 2.454e-01 7.565e-05 2.113e-05 1.896e-04 -1.000 3.774e-04 -0.270 0.908 0.792 0.019 -0.474 -0.936 -1.564 -2.075 -2.155
0.00042777 -1.56000 10.17609 0.7567158937 2.4025857449    0.754  2.043  3.6934  1.998    3  0.000  0.532     0.00     0.00 -1 -6.23e-28      0.00 7.542e-01 2.455e-01 7.565e-05 2.113e-05 1.896e-04 -1.000 3.774e-04 -0.338 0.858 0.734 -0.045 -0.540 -1.004 -1.636 -2.151 -2.231
0.00042777 -1.56000 10.17609 0.7567493916 2.4025990963    0.754  2.034  3.6941  2.009    3  0.000  0.532     0.00     0.00 -1  -6.4e-28      0.00 7.542e-01 2.455e-01 7.565e-05 2.113e-05 1.896e-04 -1.000 3.775e-04 -0.316 0.870 0.750 -0.026 -0.519 -0.982 -1.612 -2.125 -2.205
0.00042777 -1.56000 10.17609 0.7567570210 2.4026021957    0.754  2.042  3.6938  2.001    3  0.000  0.532     0.00     0.00 -1 -6.47e-28      0.00 7.542e-01 2.455e-01 7.565e-05 2.113e-05 1.896e-04 -1.000 3.775e-04 -0.334 0.856 0.735 -0.043 -0.537 -1.001 -1.631 -2.145 -2.225
0.00042777 -1.56000 10.17609 0.7567958832 2.4026174545    0.754  2.084  3.6917  1.950    3  0.000  0.532     0.00     0.00 -1 -6.86e-28      0.00 7.542e-01 2.455e-01 7.565e-05 2.113e-05 1.896e-04 -1.000 3.776e-04 -0.441 0.785 0.646 -0.142 -0.642 -1.109 -1.747 -2.266 -2.347
0.00042777 -1.56000 10.17609 0.7568318844 2.4026317596    0.754  2.126  3.6897  1.900    3  0.000  0.532     0.00     0.00 -1 -7.25e-28      0.00 7.542e-01 2.455e-01 7.565e-05 2.113e-05 1.896e-04 -1.000 3.776e-04 -0.545 0.718 0.561 -0.239 -0.744 -1.215 -1.860 -2.385 -2.467
0.00042777 -1.56000 10.17609 0.7568664551 2.4026455879    0.754  2.169  3.6876  1.848    3  0.000  0.532     0.00     0.00 -1 -7.67e-28      0.00 7.542e-01 2.455e-01 7.565e-05 2.113e-05 1.896e-04 -1.000 3.777e-04 -0.654 0.649 0.473 -0.339 -0.849 -1.324 -1.976 -2.508 -2.590
0.00042777 -1.56000 10.17609 0.7568956614 2.4026572704    0.754  2.209  3.6854  1.800    3  0.000  0.532     0.00     0.00 -1 -8.05e-28      0.00 7.542e-01 2.455e-01 7.565e-05 2.113e-05 1.896e-04 -1.000 3.777e-04 -0.752 0.603 0.399 -0.430 -0.946 -1.425 -2.084 -2.623 -2.705
0.00042777 -1.56000 10.17609 0.7569237351 2.4026684761    0.754  2.250  3.6833  1.751    3  0.000  0.532     0.00     0.00 -1 -8.46e-28      0.00 7.542e-01 2.455e-01 7.564e-05 2.114e-05 1.896e-04 -1.000 3.778e-04 -0.855 0.569 0.325 -0.527 -1.050 -1.532 -2.198 -2.742 -2.823
0.00042777 -1.56000 10.17609 0.7569487691 2.4026782513    0.754  2.289  3.6812  1.703    3  0.000  0.532     0.00     0.00 -1 -8.85e-28      0.00 7.541e-01 2.455e-01 7.564e-05 2.114e-05 1.896e-04 -1.000 3.778e-04 -0.953 0.535 0.256 -0.619 -1.148 -1.634 -2.307 -2.857 -2.937
0.00042777 -1.56000 10.17609 0.7569721937 2.4026875496    0.754  2.329  3.6791  1.654    3  0.000  0.532     0.00     0.00 -1 -9.24e-28      0.00 7.541e-01 2.455e-01 7.564e-05 2.114e-05 1.896e-04 -1.000 3.779e-04 -1.052 0.504 0.187 -0.710 -1.246 -1.736 -2.416 -2.973 -3.052
0.00042777 -1.56000 10.17609 0.7569940686 2.4026963711    0.754  2.369  3.6769  1.606    3  0.000  0.532     0.00     0.00 -1 -9.64e-28      0.00 7.541e-01 2.455e-01 7.564e-05 2.114e-05 1.896e-04 -1.000 3.779e-04 -1.151 0.476 0.121 -0.800 -1.344 -1.838 -2.525 -3.088 -3.166
0.00042777 -1.56000 10.17609 0.7570183277 2.4027059078    0.753  2.416  3.6742  1.548    3  0.000  0.532     0.00     0.00 -1 -1.01e-27      0.00 7.541e-01 2.455e-01 7.564e-05 2.114e-05 1.896e-04 -1.000 3.779e-04 -1.270 0.450 0.045 -0.906 -1.460 -1.960 -2.656 -3.226 -3.304
0.00042777 -1.56000 10.17609 0.7570366263 2.4027132988    0.753  2.455  3.6720  1.500    3  0.000  0.532     0.00     0.00 -1 -1.05e-27      0.00 7.541e-01 2.455e-01 7.564e-05 2.114e-05 1.896e-04 -1.000 3.779e-04 -1.366 0.433 -0.015 -0.992 -1.555 -2.059 -2.763 -3.339 -3.416
0.00042777 -1.56000 10.17609 0.7570568919 2.4027211666    0.753  2.501  3.6692  1.443    3  0.000  0.532     0.00     0.00 -1  -1.1e-27      0.00 7.541e-01 2.455e-01 7.564e-05 2.114e-05 1.896e-04 -1.000 3.780e-04 -1.481 0.364 -0.100 -1.089 -1.660 -2.171 -2.886 -3.471 -3.550
0.00042777 -1.56000 10.17609 0.7570756078 2.4027285576    0.753  2.547  3.6664  1.386    3  0.000  0.532     0.00     0.00 -1 -1.15e-27      0.00 7.541e-01 2.455e-01 7.564e-05 2.114e-05 1.896e-04 -1.000 3.780e-04 -1.596 0.360 -0.163 -1.188 -1.770 -2.289 -3.013 -3.606 -3.684
0.00042777 -1.56000 10.17609 0.7570935488 2.4027357101    0.753  2.594  3.6637  1.327    3  0.000  0.532     0.00     0.00 -1  -1.2e-27      0.00 7.541e-01 2.455e-01 7.564e-05 2.114e-05 1.896e-04 -1.000 3.781e-04 -1.716 0.357 -0.228 -1.290 -1.885 -2.410 -3.145 -3.745 -3.823
0.00042777 -1.56000 10.17609 0.7571083903 2.4027416706    0.753  2.637  3.6609  1.273    3  0.000  0.532     0.00     0.00 -1 -1.25e-27      0.00 7.541e-01 2.455e-01 7.564e-05 2.114e-05 1.896e-04 -1.000 3.781e-04 -1.822 0.374 -0.276 -1.378 -1.986 -2.519 -3.263 -3.871 -3.949
0.00042777 -1.56000 10.17609 0.7571232915 2.4027476311    0.752  2.683  3.6581  1.216    3  0.000  0.532     0.00     0.00 -1  -1.3e-27      0.00 7.541e-01 2.455e-01 7.564e-05 2.114e-05 1.896e-04 -1.000 3.781e-04 -1.937 0.393 -0.327 -1.472 -2.095 -2.635 -3.391 -4.006 -4.083
0.00042777 -1.56000 10.17609 0.7571362853 2.4027528763    0.752  2.726  3.6552  1.161    3  0.000  0.532     0.00     0.00 -1 -1.35e-27      0.00 7.541e-01 2.455e-01 7.564e-05 2.114e-05 1.896e-04 -1.000 3.781e-04 -2.045 0.388 -0.384 -1.558 -2.193 -2.741 -3.509 -4.134 -4.212
0.00042777 -1.56000 10.17609 0.7571483850 2.4027576447    0.752  2.770  3.6524  1.106    3  0.000  0.532     0.00     0.00 -1 -1.39e-27      0.00 7.541e-01 2.455e-01 7.564e-05 2.114e-05 1.896e-04 -1.000 3.782e-04 -2.154 0.381 -0.440 -1.644 -2.292 -2.848 -3.628 -4.261 -4.341
0.00042777 -1.56000 10.17609 0.7571597099 2.4027619362    0.752  2.814  3.6496  1.051    3  0.000  0.532     0.00     0.00 -1 -1.44e-27      0.00 7.541e-01 2.455e-01 7.564e-05 2.114e-05 1.896e-04 -1.000 3.782e-04 -2.264 0.376 -0.497 -1.730 -2.391 -2.955 -3.747 -4.389 -4.470
0.00042777 -1.56000 10.17609 0.7571696639 2.4027659893    0.751  2.855  3.6467  0.998    3  0.000  0.532     0.00     0.00 -1 -1.49e-27      0.00 7.541e-01 2.455e-01 7.564e-05 2.114e-05 1.896e-04 -1.000 3.782e-04 -2.367 0.379 -0.546 -1.808 -2.482 -3.055 -3.859 -4.511 -4.594
0.00042777 -1.56000 10.17609 0.7571793795 2.4027698040    0.751  2.898  3.6438  0.943    3  0.000  0.532     0.00     0.00 -1 -1.54e-27      0.00 7.541e-01 2.455e-01 7.564e-05 2.114e-05 1.896e-04 -1.000 3.782e-04 -2.475 0.391 -0.591 -1.888 -2.576 -3.159 -3.976 -4.637 -4.721
0.00042777 -1.56000 10.17609 0.7571879625 2.4027733803    0.751  2.939  3.6410  0.891    3  0.000  0.532     0.00     0.00 -1 -1.59e-27      0.00 7.541e-01 2.455e-01 7.564e-05 2.114e-05 1.896e-04 -1.000 3.782e-04 -2.577 0.411 -0.629 -1.961 -2.665 -3.257 -4.088 -4.757 -4.844
0.00042777 -1.56000 10.17609 0.7571960092 2.4027764797    0.750  2.979  3.6381  0.839    3  0.000  0.532     0.00     0.00 -1 -1.64e-27      0.00 7.541e-01 2.455e-01 7.564e-05 2.114e-05 1.896e-04 -1.000 3.782e-04 -2.678 0.434 -0.666 -2.031 -2.751 -3.354 -4.197 -4.877 -4.965
0.00042777 -1.56000 10.17609 0.7572038770 2.4027795792    0.750  3.022  3.6353  0.784    3  0.000  0.532     0.00     0.00 -1 -1.69e-27      0.00 7.541e-01 2.455e-01 7.564e-05 2.114e-05 1.896e-04 -1.000 3.783e-04 -2.785 0.454 -0.706 -2.106 -2.842 -3.455 -4.313 -5.002 -5.092
0.00042777 -1.56000 10.17609 0.7572105527 2.4027822018    0.750  3.060  3.6324  0.734    3  0.000  0.532     0.00     0.00 -1 -1.74e-27      0.00 7.541e-01 2.455e-01 7.564e-05 2.114e-05 1.896e-04 -1.000 3.783e-04 -2.880 0.483 -0.736 -2.170 -2.922 -3.545 -4.417 -5.115 -5.207
0.00042777 -1.56000 10.17609 0.7572174072 2.4027850628    0.749  3.102  3.6295  0.681    3  0.000  0.532     0.00     0.00 -1 -1.79e-27      0.00 7.541e-01 2.455e-01 7.564e-05 2.114e-05 1.896e-04 -1.000 3.783e-04 -2.985 0.507 -0.773 -2.242 -3.010 -3.644 -4.530 -5.238 -5.332
0.00042777 -1.56000 10.17609 0.7572235465 2.4027874470    0.749  3.142  3.6267  0.629    3  0.000  0.532     0.00     0.00 -1 -1.85e-27      0.00 7.541e-01 2.455e-01 7.564e-05 2.114e-05 1.896e-04 -1.000 3.783e-04 -3.085 0.536 -0.803 -2.307 -3.092 -3.738 -4.637 -5.356 -5.452
0.00042777 -1.56000 10.17609 0.7572293878 2.4027895927    0.748  3.182  3.6238  0.578    3  0.000  0.532     0.00     0.00 -1  -1.9e-27      0.00 7.541e-01 2.455e-01 7.564e-05 2.114e-05 1.896e-04 -1.000 3.783e-04 -3.184 0.567 -0.833 -2.371 -3.174 -3.830 -4.744 -5.473 -5.571
0.00042777 -1.56000 10.17609 0.7572349310 2.4027919769    0.747  3.222  3.6210  0.525    3  0.000  0.532     0.00     0.00 -1 -1.95e-27      0.00 7.541e-01 2.455e-01 7.564e-05 2.114e-05 1.896e-04 -1.000 3.783e-04 -3.285 0.598 -0.864 -2.437 -3.257 -3.924 -4.853 -5.592 -5.692
0.00042777 -1.56000 10.17609 0.7572400570 2.4027938843    0.747  3.261  3.6182  0.475    3  0.000  0.532     0.00     0.00 -1    -2e-27      0.00 7.541e-01 2.455e-01 7.564e-05 2.114e-05 1.896e-04 -1.000 3.783e-04 -3.382 0.637 -0.884 -2.494 -3.333 -4.013 -4.958 -5.706 -5.809
0.00042777 -1.56000 10.17609 0.7572457194 2.4027962685    0.746  3.303  3.6153  0.421    3  0.000  0.532     0.00     0.00 -1 -2.06e-27      0.00 7.541e-01 2.455e-01 7.564e-05 2.114e-05 1.896e-04 -1.000 3.783e-04 -3.487 0.677 -0.904 -2.553 -3.414 -4.109 -5.069 -5.827 -5.933
0.00042777 -1.56000 10.17609 0.7572457194 2.4027962685    0.686  1.663  3.8879  3.114    4  0.000  0.526     0.00     0.00 -1    -1e-30      0.00 7.441e-01 2.555e-01 7.711e-05 2.262e-05 1.958e-04 -1.000 4.489e-04 0.612 0.804 0.714 0.585 0.487 0.379 0.235 0.149 0.134
0.00042777 -1.56000 10.17609 0.7572463751 2.4027965069    0.686  1.673  3.8815  3.078    4  0.000  0.526     0.00     0.00 -1    -1e-30      0.00 7.441e-01 2.555e-01 7.711e-05 2.262e-05 1.958e-04 -1.000 4.489e-04 0.586 0.788 0.705 0.558 0.448 0.330 0.172 0.076 0.061
0.00042777 -1.56000 10.17609 0.7572793365 2.4028096199    0.686  1.680  3.8794  3.063    4  0.000  0.526     0.00     0.00 -1    -1e-30      0.00 7.441e-01 2.555e-01 7.711e-05 2.262e-05 1.958e-04 -1.000 4.489e-04 0.569 0.774 0.693 0.541 0.427 0.304 0.142 0.043 0.028
0.00042777 -1.56000 10.17609 0.7573322654 2.4028306007    0.686  1.682  3.8808  3.068    4  0.000  0.526     0.00     0.00 -1    -1e-30      0.00 7.441e-01 2.555e-01 7.711e-05 2.262e-05 1.958e-04 -1.000 4.489e-04 0.566 0.768 0.685 0.538 0.427 0.307 0.148 0.051 0.036
0.00042777 -1.56000 10.17609 0.7573842406 2.4028511047    0.686  1.681  3.8825  3.075    4  0.000  0.526     0.00     0.00 -1    -1e-30      0.00 7.441e-01 2.555e-01 7.711e-05 2.262e-05 1.958e-04 -1.000 4.489e-04 0.567 0.766 0.681 0.538 0.431 0.314 0.158 0.064 0.049
0.00042777 -1.56000 10.17609 0.7574364543 2.4028718472    0.686  1.681  3.8845  3.084    4  0.000  0.526     0.00     0.00 -1    -1e-30      0.00 7.441e-01 2.555e-01 7.711e-05 2.262e-05 1.958e-04 -1.000 4.489e-04 0.568 0.764 0.677 0.540 0.436 0.323 0.171 0.081 0.066
0.00042777 -1.56000 10.17609 0.7574890256 2.4028925896    0.686  1.680  3.8868  3.093    4  0.000  0.526     0.00     0.00 -1    -1e-30      0.00 7.441e-01 2.555e-01 7.711e-05 2.262e-05 1.958e-04 -1.000 4.489e-04 0.570 0.763 0.673 0.542 0.443 0.333 0.186 0.099 0.085
0.00042777 -1.56000 10.17609 0.7575426698 2.4029140472    0.686  1.679  3.8891  3.103    4  0.000  0.526     0.00     0.00 -1    -1e-30      0.00 7.441e-01 2.555e-01 7.711e-05 2.262e-05 1.958e-04 -1.000 4.489e-04 0.572 0.762 0.668 0.545 0.450 0.344 0.202 0.119 0.104
0.00042777 -1.56000 10.17609 0.7575963140 2.4029352665    0.686  1.678  3.8913  3.113    4  0.000  0.526     0.00     0.00 -1    -1e-30      0.00 7.441e-01 2.555e-01 7.711e-05 2.262e-05 1.958e-04 -1.000 4.489e-04 0.574 0.761 0.666 0.548 0.457 0.355 0.217 0.137 0.123
0.00042777 -1.56000 10.17609 0.7576469779 2.4029552937    0.686  1.678  3.8931  3.121    4  0.000  0.526     0.00     0.00 -1    -1e-30      0.00 7.441e-01 2.555e-01 7.711e-05 2.262e-05 1.958e-04 -1.000 4.489e-04 0.576 0.760 0.665 0.552 0.464 0.365 0.230 0.153 0.139
0.00042777 -1.56000 10.17609 0.7576971650 2.4029753208    0.686  1.677  3.8944  3.127    4  0.000  0.526     0.00     0.00 -1    -1e-30      0.00 7.441e-01 2.555e-01 7.711e-05 2.262e-05 1.958e-04 -1.000 4.489e-04 0.577 0.760 0.663 0.554 0.468 0.371 0.239 0.163 0.149
0.00042777 -1.56000 10.17609 0.7577497959 2.4029960632    0.686  1.677  3.8953  3.131    4  0.000  0.526     0.00     0.00 -1    -1e-30      0.00 7.441e-01 2.555e-01 7.711e-05 2.262e-05 1.958e-04 -1.000 4.489e-04 0.578 0.759 0.662 0.555 0.471 0.376 0.245 0.171 0.157
0.00042777 -1.56000 10.17609 0.7577999234 2.4030158520    0.686  1.677  3.8957  3.132    4  0.000  0.526     0.00     0.00 -1    -1e-30      0.00 7.441e-01 2.555e-01 7.711e-05 2.262e-05 1.958e-04 -1.000 4.489e-04 0.578 0.758 0.662 0.555 0.472 0.377 0.247 0.173 0.160
0.00042777 -1.56000 10.17609 0.7578548193 2.4030375481    0.686  1.677  3.8953  3.130    4  0.000  0.526     0.00     0.00 -1    -1e-30      0.00 7.441e-01 2.555e-01 7.711e-05 2.262e-05 1.958e-04 -1.000 4.489e-04 0.577 0.758 0.661 0.554 0.469 0.374 0.244 0.169 0.156
0.00042777 -1.56000 10.17609 0.7579091191 2.4030592442    0.686  1.678  3.8941  3.125    4  0.000  0.526     0.00     0.00 -1    -1e-30      0.00 7.441e-01 2.555e-01 7.711e-05 2.262e-05 1.958e-04 -1.000 4.489e-04 0.574 0.757 0.661 0.550 0.464 0.367 0.234 0.158 0.144
0.00042777 -1.56000 10.17609 0.7579200864 2.4030635357    0.686  1.679  3.8938  3.123    4  0.000  0.526     0.00     0.00 -1    -1e-30      0.00 7.441e-01 2.555e-01 7.711e-05 2.262e-05 1.958e-04 -1.000 4.489e-04 0.574 0.757 0.661 0.549 0.463 0.365 0.232 0.155 0.141
0.00042777 -1.56000 10.17609 0.7579468489 2.4030740261    0.686  1.679  3.8928  3.119    4  0.000  0.526     0.00     0.00 -1    -1e-30      0.00 7.441e-01 2.555e-01 7.711e-05 2.262e-05 1.958e-04 -1.000 4.489e-04 0.572 0.756 0.661 0.547 0.458 0.359 0.224 0.146 0.132
0.00042777 -1.56000 10.17609 0.7580006719 2.4030954838    0.686  1.681  3.8903  3.107    4  0.000  0.526     0.00     0.00 -1    -1e-30      0.00 7.441e-01 2.555e-01 7.711e-05 2.262e-05 1.958e-04 -1.000 4.489e-04 0.567 0.755 0.660 0.540 0.447 0.344 0.204 0.123 0.108
0.00042777 -1.56000 10.17609 0.7580496073 2.4031147957    0.687  1.683  3.8873  3.092    4  0.000  0.526     0.00     0.00 -1    -1e-30      0.00 7.441e-01 2.555e-01 7.711e-05 2.262e-05 1.958e-04 -1.000 4.489e-04 0.562 0.754 0.663 0.534 0.436 0.327 0.181 0.095 0.080
0.00042777 -1.56000 10.17609 0.7580984235 2.4031341076    0.687  1.686  3.8836  3.075    4  0.000  0.526     0.00     0.00 -1    -1e-30      0.00 7.441e-01 2.555e-01 7.711e-05 2.262e-05 1.958e-04 -1.000 4.489e-04 0.555 0.753 0.667 0.527 0.422 0.307 0.153 0.061 0.046
0.00042777 -1.56000 10.17609 0.7581509352 2.4031548500    0.687  1.689  3.8789  3.053    4  0.000  0.526     0.00     0.00 -1    -1e-30      0.00 7.441e-01 2.555e-01 7.711e-05 2.262e-05 1.958e-04 -1.000 4.490e-04 0.547 0.752 0.672 0.519 0.404 0.281 0.118 0.018 0.003
0.00042777 -1.56000 10.17609 0.7582002878 2.4031744003    0.687  1.693  3.8736  3.028    4  0.000  0.526     0.00     0.00 -1    -1e-30      0.00 7.441e-01 2.555e-01 7.711e-05 2.262e-05 1.958e-04 -1.000 4.489e-04 0.538 0.752 0.678 0.510 0.385 0.253 0.078 -0.031 -0.047
0.00042777 -1.56000 10.17609 0.7582494617 2.4031939507    0.687  1.697  3.8676  3.000    4  0.000  0.526     0.00     0.00 -1    -1e-30      0.00 7.441e-01 2.555e-01 7.711e-05 2.262e-05 1.958e-04 -1.000 4.489e-04 0.528 0.751 0.686 0.502 0.365 0.221 0.035 -0.085 -0.102
0.00042777 -1.56000 10.17609 0.7582793236 2.4032056332    0.687  1.699  3.8638  2.983    4  0.000  0.526     0.00     0.00 -1    -1e-30      0.00 7.441e-01 2.555e-01 7.711e-05 2.262e-05 1.958e-04 -1.000 4.489e-04 0.521 0.751 0.692 0.497 0.353 0.202 0.007 -0.120 -0.137
0.00042777 -1.56000 10.17609 0.7582948208 2.4032118320    0.687  1.701  3.8617  2.973    4  0.000  0.526     0.00     0.00 -1    -1e-30      0.00 7.441e-01 2.555e-01 7.711e-05 2.262e-05 1.958e-04 -1.000 4.489e-04 0.518 0.750 0.695 0.495 0.346 0.191 -0.008 -0.140 -0.157
0.00042777 -1.56000 10.17609 0.7583460808 2.4032320976    0.687  1.706  3.8544  2.939    4  0.000  0.526     0.00     0.00 -1    -1e-30      0.00 7.441e-01 2.555e-01 7.711e-05 2.262e-05 1.958e-04 -1.000 4.489e-04 0.505 0.750 0.707 0.488 0.324 0.155 -0.060 -0.206 -0.224
0.00042777 -1.56000 10.17609 0.7583984137 2.4032528400    0.687  1.711  3.8464  2.901    4  0.000  0.526     0.00     0.00 -1    -1e-30      0.00 7.441e-01 2.555e-01 7.711e-05 2.262e-05 1.958e-04 -1.000 4.490e-04 0.491 0.751 0.721 0.481 0.302 0.117 -0.116 -0.278 -0.297
0.00042777 -1.56000 10.17609 0.7584498525 2.4032731056    0.687  1.717  3.8382  2.862    4  0.000  0.526     0.00     0.00 -1    -1e-30      0.00 7.441e-01 2.555e-01 7.711e-05 2.262e-05 1.958e-04 -1.000 4.489e-04 0.477 0.752 0.736 0.475 0.278 0.078 -0.173 -0.353 -0.373
0.00042777 -1.56000 10.17609 0.7584995031 2.4032926559    0.687  1.723  3.8297  2.822    4  0.000  0.526     0.00     0.00 -1    -1e-30      0.00 7.441e-01 2.555e-01 7.711e-05 2.262e-05 1.958e-04 -1.000 4.489e-04 0.462 0.755 0.753 0.469 0.255 0.039 -0.233 -0.431 -0.452
0.00042777 -1.56000 10.17609 0.7585491538 2.4033124447    0.687  1.730  3.8213  2.782    4  0.000  0.526     0.00     0.00 -1    -1e-30      0.00 7.441e-01 2.555e-01 7.711e-05 2.262e-05 1.958e-04 -1.000 4.489e-04 0.445 0.760 0.770 0.463 0.233 0.001 -0.291 -0.508 -0.531
0.00042777 -1.56000 10.17609 0.7585986257 2.4033319950    0.687  1.737  3.8133  2.744    4  0.000  0.526     0.00     0.00 -1    -1e-30      0.00 7.441e-01 2.555e-01 7.711e-05 2.262e-05 1.958e-04 -1.000 4.489e-04 0.429 0.765 0.785 0.457 0.210 -0.036 -0.347 -0.582 -0.606
0.00042777 -1.56000 10.17609 0.7586493492 2.4033520222    0.687  1.743  3.8056  2.706    4  0.000  0.526     0.00     0.00 -1    -1e-30      0.00 7.441e-01 2.555e-01 7.711e-05 2.262e-05 1.958e-04 -1.000 4.489e-04 0.411 0.770 0.803 0.451 0.188 -0.073 -0.402 -0.654 -0.681
0.00042777 -1.56000 10.17609 0.7586993575 2.4033718109    0.687  1.751  3.7981  2.669    4  0.000  0.526     0.00     0.00 -1    -1e-30      0.00 7.441e-01 2.555e-01 7.711e-05 2.262e-05 1.958e-04 -1.000 4.489e-04 0.393 0.775 0.819 0.444 0.166 -0.108 -0.457 -0.725 -0.754
0.00042777 -1.56000 10.17609 0.7587497830 2.4033915997    0.687  1.760  3.7907  2.630    4  0.000  0.526     0.00     0.00 -1    -1e-30      0.00 7.441e-01 2.555e-01 7.711e-05 2.262e-05 1.958e-04 -1.000 4.489e-04 0.370 0.779 0.833 0.435 0.141 -0.147 -0.514 -0.799 -0.831
0.00042777 -1.56000 10.17609 0.7587997317 2.4034113884    0.687  1.764  3.7863  2.608    4  0.000  0.526     0.00     0.00 -1    -1e-30      0.00 7.441e-01 2.555e-01 7.711e-05 2.262e-05 1.958e-04 -1.000 4.489e-04 0.360 0.785 0.845 0.432 0.129 -0.167 -0.545 -0.841 -0.874
0.00042777 -1.56000 10.17609 0.7588479519 2.4034304619    0.687  1.774  3.7788  2.568    4  0.000  0.526     0.00     0.00 -1    -1e-30      0.00 7.441e-01 2.555e-01 7.711e-05 2.262e-05 1.958e-04 -1.000 4.489e-04 0.334 0.789 0.856 0.420 0.102 -0.208 -0.605 -0.918 -0.955
0.00042777 -1.56000 10.17609 0.7588862181 2.4034454823    0.687  1.790  3.7717  2.524    4  0.000  0.526     0.00     0.00 -1    -1e-30      0.00 7.441e-01 2.555e-01 7.711e-05 2.262e-05 1.958e-04 -1.000 4.489e-04 0.296 0.787 0.855 0.395 0.063 -0.260 -0.677 -1.009 -1.047
0.00042777 -1.56000 10.17609 0.7589097619 2.4034547806    0.687  1.802  3.7666  2.492    4  0.000  0.526     0.00     0.00 -1    -1e-30      0.00 7.441e-01 2.555e-01 7.711e-05 2.262e-05 1.958e-04 -1.000 4.489e-04 0.265 0.783 0.852 0.374 0.032 -0.301 -0.730 -1.074 -1.115
0.00042777 -1.56000 10.17609 0.7589274645 2.4034619331    0.687  1.818  3.7614  2.455    4  0.000  0.526     0.00     0.00 -1    -1e-30      0.00 7.441e-01 2.555e-01 7.711e-05 2.262e-05 1.958e-04 -1.000 4.489e-04 0.226 0.771 0.840 0.345 -0.008 -0.350 -0.793 -1.149 -1.192
0.00042777 -1.56000 10.17609 0.7589406371 2.4034669399    0.687  1.831  3.7570  2.425    4  0.000  0.526     0.00     0.00 -1    -1e-30      0.00 7.441e-01 2.555e-01 7.711e-05 2.262e-05 1.958e-04 -1.000 4.489e-04 0.194 0.765 0.833 0.321 -0.040 -0.390 -0.844 -1.210 -1.256
0.00042777 -1.56000 10.17609 0.7589513063 2.4034712315    0.688  1.849  3.7518  2.385    4  0.000  0.526     0.00     0.00 -1    -1e-30      0.00 7.441e-01 2.555e-01 7.711e-05 2.262e-05 1.958e-04 -1.000 4.489e-04 0.147 0.751 0.815 0.285 -0.087 -0.447 -0.915 -1.292 -1.341
0.00042777 -1.56000 10.17609 0.7589601278 2.4034748077    0.688  1.871  3.7463  2.341    4  0.000  0.526     0.00     0.00 -1    -1e-30      0.00 7.441e-01 2.555e-01 7.711e-05 2.262e-05 1.958e-04 -1.000 4.489e-04 0.092 0.733 0.792 0.241 -0.142 -0.511 -0.993 -1.382 -1.435
0.00042777 -1.56000 10.17609 0.7589659691 2.4034769535    0.688  1.893  3.7413  2.300    4  0.000  0.526     0.00     0.00 -1    -1e-30      0.00 7.441e-01 2.555e-01 7.711e-05 2.262e-05 1.958e-04 -1.000 4.489e-04 0.038 0.713 0.766 0.198 -0.195 -0.573 -1.068 -1.467 -1.523
0.00042777 -1.56000 10.17609 0.7589699626 2.4034786224    0.688  1.923  3.7355  2.246    4  0.000  0.526     0.00     0.00 -1    -1e-30      0.00 7.441e-01 2.555e-01 7.711e-05 2.262e-05 1.958e-04 -1.000 4.489e-04 -0.038 0.686 0.725 0.134 -0.271 -0.658 -1.168 -1.581 -1.639
0.00042777 -1.56000 10.17609 0.7589724660 2.4034795761    0.688  1.958  3.7299  2.189    4  0.000  0.526     0.00     0.00 -1    -1e-30      0.00 7.441e-01 2.555e-01 7.711e-05 2.262e-05 1.958e-04 -1.000 4.489e-04 -0.124 0.652 0.674 0.061 -0.355 -0.753 -1.278 -1.703 -1.764
0.00042777 -1.56000 10.17609 0.7589740157 2.4034802914    0.688  1.994  3.7248  2.132    4  0.000  0.526     0.00     0.00 -1    -1e-30      0.00 7.441e-01 2.555e-01 7.711e-05 2.262e-05 1.958e-04 -1.000 4.489e-04 -0.216 0.612 0.616 -0.019 -0.446 -0.852 -1.391 -1.828 -1.891
0.00042777 -1.56000 10.17609 0.7589745522 2.4034805298    0.688  2.012  3.7226  2.105    7  0.000  0.526     0.00     0.00 -1    -1e-30      0.00 7.441e-01 2.555e-01 7.711e-05 2.262e-05 1.958e-04 -1.000 4.489e-04 -0.261 0.589 0.585 -0.059 -0.490 -0.901 -1.446 -1.888 -1.953
0.00042777 -1.56000 10.17609 0.7589752674 2.4034807682    0.688  2.044  3.7192  2.060    7  0.000  0.526     0.00     0.00 -1    -1e-30      0.00 7.441e-01 2.555e-01 7.711e-05 2.262e-05 1.958e-04 -1.000 4.489e-04 -0.340 0.546 0.529 -0.130 -0.568 -0.984 -1.539 -1.989 -2.055
0.00042777 -1.56000 10.17609 0.7589761019 2.4034810066    0.688  2.082  3.7155  2.007    7  0.000  0.526     0.00     0.00 -1    -1e-30      0.00 7.441e-01 2.555e-01 7.711e-05 2.262e-05 1.958e-04 -1.000 4.489e-04 -0.435 0.495 0.461 -0.215 -0.661 -1.084 -1.649 -2.108 -2.176
0.00042777 -1.56000 10.17609 0.7589769363 2.4034812450    0.688  2.119  3.7122  1.957    7  0.000  0.526     0.00     0.00 -1    -1e-30      0.00 7.441e-01 2.555e-01 7.711e-05 2.262e-05 1.958e-04 -1.000 4.489e-04 -0.527 0.445 0.394 -0.298 -0.751 -1.180 -1.755 -2.222 -2.291
0.00042777 -1.56000 10.17609 0.7589777708 2.4034817219    0.688  2.140  3.7104  1.929    7  0.000  0.526     0.00     0.00 -1    -1e-30      0.00 7.441e-01 2.555e-01 7.711e-05 2.262e-05 1.958e-04 -1.000 4.489e-04 -0.579 0.416 0.355 -0.346 -0.803 -1.235 -1.815 -2.286 -2.357
0.00042777 -1.56000 10.17609 0.7589789629 2.4034821987    0.688  2.160  3.7089  1.903    7  0.000  0.526     0.00     0.00 -1    -1e-30      0.00 7.441e-01 2.555e-01 7.711e-05 2.262e-05 1.958e-04 -1.000 4.489e-04 -0.630 0.387 0.317 -0.391 -0.852 -1.287 -1.872 -2.347 -2.418
0.00042777 -1.56000 10.17609 0.7589812279 2.4034831524    0.688  2.171  3.7081  1.889    7  0.000  0.526     0.00     0.00 -1    -1e-30      0.00 7.441e-01 2.555e-01 7.711e-05 2.262e-05 1.958e-04 -1.000 4.489e-04 -0.656 0.372 0.297 -0.416 -0.878 -1.315 -1.902 -2.379 -2.451
0.00042777 -1.56000 10.17609 0.7589848042 2.4034843445    0.688  2.159  3.7090  1.904    7  0.000  0.526     0.00     0.00 -1    -1e-30      0.00 7.441e-01 2.555e-01 7.711e-05 2.262e-05 1.958e-04 -1.000 4.489e-04 -0.627 0.388 0.318 -0.389 -0.850 -1.285 -1.869 -2.344 -2.415
0.00042777 -1.56000 10.17609 0.7590073347 2.4034934044    0.688  2.145  3.7098  1.922    7  0.000  0.526     0.00     0.00 -1    -1e-30      0.00 7.441e-01 2.555e-01 7.711e-05 2.262e-05 1.958e-04 -1.000 4.489e-04 -0.591 0.412 0.348 -0.356 -0.815 -1.248 -1.830 -2.303 -2.373
0.00042777 -1.56000 10.17609 0.7590218186 2.4034991264    0.688  2.173  3.7072  1.883    7  0.000  0.526     0.00     0.00 -1    -1e-30      0.00 7.441e-01 2.555e-01 7.711e-05 2.262e-05 1.958e-04 -1.000 4.489e-04 -0.663 0.378 0.298 -0.419 -0.884 -1.322 -1.912 -2.392 -2.464
0.00042777 -1.56000 10.17609 0.7590430975 2.4035074711    0.688  2.223  3.7031  1.817    7  0.000  0.526     0.00     0.00 -1    -1e-30      0.00 7.441e-01 2.555e-01 7.711e-05 2.262e-05 1.958e-04 -1.000 4.489e-04 -0.786 0.315 0.208 -0.530 -1.004 -1.450 -2.053 -2.543 -2.617
0.00042777 -1.56000 10.17609 0.7590605021 2.4035143852    0.688  2.269  3.6993  1.756    7  0.000  0.526     0.00     0.00 -1    -1e-30      0.00 7.441e-01 2.555e-01 7.711e-05 2.262e-05 1.958e-04 -1.000 4.489e-04 -0.903 0.255 0.124 -0.634 -1.117 -1.570 -2.185 -2.685 -2.760
0.00042777 -1.56000 10.17609 0.7590760589 2.4035205841    0.688  2.316  3.6957  1.694    7  0.000  0.526     0.00     0.00 -1    -1e-30      0.00 7.441e-01 2.555e-01 7.711e-05 2.262e-05 1.958e-04 -1.000 4.489e-04 -1.021 0.197 0.039 -0.738 -1.231 -1.691 -2.317 -2.828 -2.905
0.00042777 -1.56000 10.17609 0.7590898275 2.4035258293    0.688  2.359  3.6925  1.638    7  0.000  0.526     0.00     0.00 -1    -1e-30      0.00 7.441e-01 2.555e-01 7.710e-05 2.262e-05 1.958e-04 -1.000 4.490e-04 -1.127 0.144 -0.037 -0.833 -1.333 -1.800 -2.437 -2.956 -3.034
0.00042777 -1.56000 10.17609 0.7591020465 2.4035308361    0.688  2.401  3.6893  1.584    7  0.000  0.525     0.00     0.00 -1    -1e-30      0.00 7.441e-01 2.555e-01 7.707e-05 2.262e-05 1.958e-04 -1.000 4.489e-04 -1.232 0.092 -0.112 -0.926 -1.434 -1.907 -2.554 -3.083 -3.163
0.00042777 -1.56000 10.17609 0.7591127753 2.4035348892    0.688  2.442  3.6862  1.530    7  0.000  0.524     0.00     0.00 -1    -1e-30      0.00 7.441e-01 2.555e-01 7.691e-05 2.268e-05 1.958e-04 -1.000 4.489e-04 -1.336 0.045 -0.185 -1.016 -1.532 -2.011 -2.670 -3.208 -3.289
0.00042777 -1.56000 10.17609 0.7591223121 2.4035387039    0.688  2.483  3.6832  1.477    7  0.000  0.521     0.00     0.00 -1    -1e-30      0.00 7.441e-01 2.555e-01 7.643e-05 2.298e-05 1.958e-04 -1.000 4.456e-04 -1.437 0.021 -0.249 -1.107 -1.632 -2.116 -2.784 -3.331 -3.412
0.00042777 -1.56000 10.17609 0.7591310143 2.4035422802    0.688  2.524  3.6802  1.424    7  0.000  0.513     0.00     0.00 -1    -1e-30      0.00 7.441e-01 2.555e-01 7.528e-05 2.401e-05 1.958e-04 -1.000 4.426e-04 -1.539 0.007 -0.309 -1.197 -1.732 -2.223 -2.901 -3.455 -3.535
0.00042777 -1.56000 10.17609 0.7591389418 2.4035453796    0.688  2.564  3.6771  1.372    7  0.000  0.500     0.00     0.00 -1    -1e-30      0.00 7.441e-01 2.555e-01 7.343e-05 2.606e-05 1.958e-04 -1.000 4.489e-04 -1.641 0.004 -0.365 -1.285 -1.831 -2.328 -3.016 -3.578 -3.658
0.00042777 -1.56000 10.17609 0.7591463923 2.4035482407    0.688  2.605  3.6741  1.319    7  0.000  0.485     0.00     0.00 -1    -1e-30      0.00 7.440e-01 2.555e-01 7.134e-05 2.858e-05 1.958e-04 -1.000 4.488e-04 -1.742 0.008 -0.416 -1.371 -1.929 -2.433 -3.131 -3.701 -3.780
0.00042777 -1.56000 10.17609 0.7591533661 2.4035508633    0.688  2.645  3.6710  1.266    7  0.000  0.472     0.00     0.00 -1    -1e-30      0.00 7.440e-01 2.556e-01 6.939e-05 3.096e-05 1.957e-04 -1.000 4.483e-04 -1.843 0.022 -0.463 -1.456 -2.027 -2.538 -3.247 -3.825 -3.903
0.00042777 -1.56000 10.17609 0.7591600418 2.4035537243    0.688  2.686  3.6679  1.213    7  0.000  0.461     0.00     0.00 -1    -1e-30      0.00 7.439e-01 2.556e-01 6.775e-05 3.298e-05 1.957e-04 -1.000 4.489e-04 -1.944 0.044 -0.506 -1.539 -2.123 -2.642 -3.361 -3.947 -4.025
0.00042777 -1.56000 10.17609 0.7591663599 2.4035561085    0.688  2.725  3.6648  1.161    7  0.000  0.451     0.00     0.00 -1    -1e-30      0.00 7.438e-01 2.557e-01 6.637e-05 3.467e-05 1.957e-04 -1.000 4.489e-04 -2.044 0.074 -0.544 -1.619 -2.218 -2.744 -3.474 -4.069 -4.146
0.00042777 -1.56000 10.17609 0.7591723800 2.4035584927    0.688  2.766  3.6618  1.109    7  0.000  0.443     0.00     0.00 -1    -1e-30      0.00 7.437e-01 2.558e-01 6.517e-05 3.614e-05 1.957e-04 -1.000 4.489e-04 -2.144 0.114 -0.578 -1.698 -2.312 -2.847 -3.588 -4.191 -4.268
0.00042777 -1.56000 10.17609 0.7591777444 2.4035606384    0.688  2.806  3.6586  1.056    7  0.000  0.436     0.00     0.00 -1    -1e-30      0.00 7.436e-01 2.559e-01 6.410e-05 3.746e-05 1.957e-04 -1.000 4.489e-04 -2.245 0.167 -0.606 -1.775 -2.406 -2.949 -3.703 -4.314 -4.391
0.00042777 -1.56000 10.17609 0.7591821551 2.4035623074    0.688  2.845  3.6555  1.005    7  0.000  0.429     0.00     0.00 -1    -1e-30      0.00 7.435e-01 2.561e-01 6.316e-05 3.861e-05 1.956e-04 -1.000 4.489e-04 -2.342 0.187 -0.644 -1.848 -2.493 -3.045 -3.812 -4.432 -4.510
0.00042777 -1.56000 10.17609 0.7591859102 2.4035637379    0.688  2.885  3.6524  0.952    7  0.000  0.424     0.00     0.00 -1    -1e-30      0.00 7.434e-01 2.562e-01 6.233e-05 3.963e-05 1.955e-04 -1.000 4.488e-04 -2.442 0.207 -0.681 -1.920 -2.580 -3.142 -3.922 -4.552 -4.632
0.00042777 -1.56000 10.17609 0.7591890097 2.4035649300    0.688  2.924  3.6492  0.900    7  0.000  0.419     0.00     0.00 -1    -1e-30      0.00 7.433e-01 2.563e-01 6.160e-05 4.053e-05 1.954e-04 -1.000 4.483e-04 -2.541 0.230 -0.716 -1.991 -2.666 -3.238 -4.033 -4.673 -4.754
0.00042777 -1.56000 10.17609 0.7591923475 2.4035663605    0.688  2.969  3.6455  0.841    7  0.000  0.415     0.00     0.00 -1    -1e-30      0.00 7.431e-01 2.564e-01 6.099e-05 4.130e-05 1.952e-04 -1.000 4.489e-04 -2.652 0.266 -0.750 -2.066 -2.760 -3.344 -4.155 -4.807 -4.890
0.00042777 -1.56000 10.17609 0.7591950893 2.4035675526    0.688  3.009  3.6423  0.788    7  0.000  0.413     0.00     0.00 -1    -1e-30      0.00 7.430e-01 2.565e-01 6.058e-05 4.183e-05 1.951e-04 -1.000 4.488e-04 -2.752 0.300 -0.779 -2.133 -2.844 -3.439 -4.265 -4.928 -5.013
0.00042777 -1.56000 10.17609 0.7591980100 2.4035685062    0.688  3.063  3.6377  0.715    7  0.000  0.410     0.00     0.00 -1    -1e-30      0.00 7.429e-01 2.567e-01 6.016e-05 4.239e-05 1.949e-04 -1.000 4.489e-04 -2.888 0.352 -0.816 -2.222 -2.957 -3.568 -4.415 -5.093 -5.181
0.00042777 -1.56000 10.17609 0.7591981888 2.4035687447    0.688  3.064  3.6375  0.713    7  0.000  0.410     0.00     0.00 -1    -1e-30      0.00 7.429e-01 2.567e-01 6.013e-05 4.243e-05 1.949e-04 -1.000 4.490e-04 -2.891 0.355 -0.816 -2.223 -2.960 -3.571 -4.419 -5.097 -5.185
0.00042777 -1.56000 10.17609 0.7591983676 2.4035687447    0.688  3.071  3.6370  0.705    7  0.000  0.410     0.00     0.00 -1    -1e-30      0.00 7.429e-01 2.567e-01 6.009e-05 4.249e-05 1.949e-04 -1.000 4.489e-04 -2.907 0.362 -0.820 -2.234 -2.973 -3.586 -4.436 -5.116 -5.205
0.00042777 -1.56000 10.17609 0.7591985464 2.4035687447    0.688  3.085  3.6357  0.685    7  0.000  0.409     0.00     0.00 -1    -1e-30      0.00 7.428e-01 2.567e-01 5.990e-05 4.279e-05 1.947e-04 -1.000 4.489e-04 -2.943 0.377 -0.829 -2.256 -3.002 -3.619 -4.476 -5.160 -5.250
0.00042777 -1.56000 10.17609 0.7591987252 2.4035689831    0.688  3.108  3.6337  0.654    7  0.000  0.408     0.00     0.00 -1    -1e-30      0.00 7.427e-01 2.568e-01 5.963e-05 4.330e-05 1.944e-04 -1.000 4.490e-04 -3.001 0.403 -0.842 -2.292 -3.049 -3.673 -4.540 -5.230 -5.321
0.00042777 -1.56000 10.17609 0.7591990232 2.4035689831    0.688  3.127  3.6321  0.628    7  0.000  0.407     0.00     0.00 -1    -1e-30      0.00 7.426e-01 2.569e-01 5.947e-05 4.365e-05 1.942e-04 -1.000 4.490e-04 -3.049 0.425 -0.853 -2.322 -3.087 -3.718 -4.592 -5.289 -5.380
0.00042777 -1.56000 10.17609 0.7591994405 2.4035692215    0.688  3.157  3.6296  0.589    7  0.000  0.405     0.00     0.00 -1    -1e-30      0.00 7.425e-01 2.571e-01 5.908e-05 4.435e-05 1.938e-04 -1.000 4.489e-04 -3.122 0.457 -0.870 -2.368 -3.147 -3.786 -4.673 -5.378 -5.471
0.00042777 -1.56000 10.17609 0.7591998577 2.4035692215    0.688  3.414  3.6091  0.250    8  0.549  0.390   100.66    45.40  1 -1.65e-06      0.00 7.290e-01 2.706e-01 6.375e-05 5.931e-05 2.177e-04 -1.000 3.690e-04 -3.766 0.792 -0.951 -2.713 -3.634 -4.367 -5.368 -6.146 -6.260
0.00042777 -1.56000 10.17609 0.7591999173 2.4035694599    0.688  3.270  3.6171  0.425    8  0.549  0.390    68.87    32.70  1 -8.55e-07      0.00 7.290e-01 2.706e-01 6.375e-05 5.931e-05 2.177e-04 -1.000 3.690e-04 -3.405 0.706 -0.854 -2.490 -3.345 -4.033 -4.986 -5.737 -5.842
0.00042777 -1.56000 10.17609 0.7591999769 2.4035694599    0.688  3.121  3.6306  0.629    8  0.549  0.390    44.38    22.36  1 -4.23e-07      0.00 7.290e-01 2.706e-01 6.375e-05 5.931e-05 2.177e-04 -1.000 3.690e-04 -3.032 0.480 -0.814 -2.292 -3.063 -3.697 -4.579 -5.281 -5.374
0.00042777 -1.56000 10.17609 0.7592000961 2.4035694599    0.688  2.931  3.6479  0.888    8  0.549  0.390    25.40    13.80  1 -1.67e-07      0.00 7.290e-01 2.706e-01 6.375e-05 5.931e-05 2.177e-04 -1.000 3.690e-04 -2.558 0.255 -0.711 -1.997 -2.678 -3.253 -4.053 -4.697 -4.779
0.00042777 -1.56000 10.17609 0.7592003345 2.4035694599    0.688  2.937  3.6474  0.879    8  0.549  0.390    25.87    14.02  1 -1.72e-07      0.00 7.290e-01 2.706e-01 6.375e-05 5.931e-05 2.177e-04 -1.000 3.690e-04 -2.574 0.262 -0.714 -2.007 -2.691 -3.268 -4.071 -4.717 -4.799
0.00042777 -1.56000 10.17609 0.7592005730 2.4035696983    0.688  3.036  3.6384  0.745    8  0.550  0.390    34.58    18.01  1  -2.8e-07      0.00 7.290e-01 2.706e-01 6.375e-05 5.931e-05 2.177e-04 -1.000 3.690e-04 -2.820 0.373 -0.771 -2.164 -2.893 -3.500 -4.344 -5.020 -5.107
0.00042777 -1.56000 10.17609 0.7592008710 2.4035696983    0.688  3.187  3.6246  0.539    8  0.550  0.390    53.95    26.44  1 -5.79e-07      0.00 7.290e-01 2.706e-01 6.375e-05 5.931e-05 2.177e-04 -1.000 3.690e-04 -3.197 0.572 -0.840 -2.386 -3.191 -3.846 -4.759 -5.483 -5.580
0.00042777 -1.56000 10.17609 0.7592011690 2.4035699368    0.688  3.316  3.6129  0.363    8  0.550  0.390    78.90    36.71  1 -1.06e-06      0.00 7.290e-01 2.706e-01 6.375e-05 5.931e-05 2.177e-04 -1.000 3.690e-04 -3.520 0.788 -0.852 -2.541 -3.425 -4.133 -5.110 -5.876 -5.985
0.00042777 -1.56000 10.17609 0.7592015862 2.4035699368    0.688  3.401  3.6051  0.247    8  0.551  0.390   101.28    45.53  1 -1.56e-06      0.00 7.290e-01 2.706e-01 6.375e-05 5.931e-05 2.177e-04 -1.000 3.690e-04 -3.732 0.944 -0.844 -2.631 -3.571 -4.317 -5.338 -6.133 -6.251
0.00042777 -1.56000 10.17609 0.7592020631 2.4035701752    0.688  3.447  3.6009  0.184    8  0.551  0.390   116.20    51.24  0 -1.92e-06      0.00 7.290e-01 2.706e-01 6.375e-05 5.931e-05 2.177e-04 -1.000 3.690e-04 -3.848 1.032 -0.836 -2.676 -3.649 -4.416 -5.462 -6.273 -6.397
0.00042777 -1.56000 10.17609 0.7592025399 2.4035704136    0.688  3.471  3.5987  0.151    8  0.552  0.390   124.82    54.47  0 -2.15e-06      0.00 7.290e-01 2.706e-01 6.375e-05 5.931e-05 2.177e-04 -1.000 3.690e-04 -3.908 1.079 -0.830 -2.698 -3.688 -4.466 -5.527 -6.346 -6.473
0.00042777 -1.56000 10.17609 0.7592030764 2.4035706520    0.688  3.487  3.5984  0.134    8  0.552  0.390   129.56    56.21  0  -2.3e-06      0.00 7.290e-01 2.706e-01 6.375e-05 5.931e-05 2.177e-04 -1.000 3.690e-04 -3.948 1.069 -0.852 -2.729 -3.724 -4.505 -5.568 -6.388 -6.516
0.00042777 -1.56000 10.17609 0.7592052221 2.4035713673    0.554 -9.999  4.0000  1.705    9  0.554  0.000     0.00     0.00 -1    -1e-30      0.00 7.290e-01 2.706e-01 6.375e-05 5.931e-05 2.177e-04 -1.000 3.690e-04 29.767 29.791 30.042 30.092 30.085 30.076 30.121 30.117 30.133
#isochrone terminated
