# File generated by CMD 3.3 (http://stev.oapd.inaf.it/cmd) on Sun Jun  7 12:19:02 CEST 2020
# isochrones based on PARSEC release v1.2S +  COLIBRI S_35
# Basic references: Bressan et al. (2012), MNRAS, 427, 127 + Chen et al. (2014, 2015), MNRAS, 444, 2525 + MNRAS, 452, 1068 + Tang et al. (2014), MNRAS, 445, 4287 + Marigo et al. (2017), ApJ, 835, 77 + Pastorelli al. (2019), MNRAS in press
# Thermal pulse cycles included 
# On RGB, assumed Reimers mass loss with efficiency eta=0.2
# Photometric system: <i>UBVRIJHK</i> (cf. Maiz-Apellaniz 2006 + Bessell 1990)
# Using YBC version of bolometric corrections as in Chen et al. (2019)
# O-rich circumstellar dpmod60alox40 dust from Groenewegen (2006)
# C-rich circumstellar AMCSIC15 dust from Groenewegen (2006)
# IMF: Kroupa (2001, 2002) + Kroupa et al. (2013) canonical two-part-power law IMF corrected for unresolved binaries 
# Kind of output: isochrone tables
# Zini     MH   logAge Mini        int_IMF         Mass   logL    logTe  logg  label   McoreTP C_O  period0 period1 pmode  Mloss  tau1m   X   Y   Xc  Xn  Xo  Cexcess  Z 	 mbolmag  Umag    Bmag    Vmag    Rmag    Imag    Jmag    Hmag    Kmag
0.00042777 -1.56000 10.20412 0.0900000036 1.0816895962    0.090 -3.182  3.4777  5.437    1  0.000  0.545     0.00     0.00 -1 -1.06e-28      0.00 7.472e-01 2.523e-01 8.072e-05 2.178e-05 1.975e-04 -1.000 4.489e-04 12.724 20.061 17.319 15.316 13.634 12.035 10.742 10.443 10.346
0.00042777 -1.56000 10.20412 0.0924070030 1.1043547392    0.092 -3.106  3.4886  5.416    1  0.000  0.545     0.00     0.00 -1 -1.83e-28      0.00 7.466e-01 2.530e-01 8.072e-05 2.178e-05 1.975e-04 -1.000 4.489e-04 12.534 19.329 16.838 14.858 13.319 11.843 10.591 10.241 10.133
0.00042777 -1.56000 10.20412 0.1000000015 1.1711064577    0.100 -2.879  3.5211  5.353    1  0.000  0.545     0.00     0.00 -1 -7.44e-28      0.00 7.446e-01 2.550e-01 8.072e-05 2.178e-05 1.975e-04 -1.000 4.488e-04 11.968 17.392 15.511 13.686 12.433 11.271 10.135 9.674 9.535
0.00042777 -1.56000 10.20412 0.1199999973 1.3193154335    0.120 -2.592  3.5521  5.269    1  0.000  0.545     0.00     0.00 -1 -1.39e-28      0.00 7.410e-01 2.586e-01 8.072e-05 2.178e-05 1.975e-04 -1.000 4.489e-04 11.249 15.617 14.165 12.566 11.475 10.546 9.517 8.995 8.833
0.00042777 -1.56000 10.20412 0.1400000006 1.4384527206    0.140 -2.407  3.5674  5.213    1  0.000  0.545     0.00     0.00 -1 -9.26e-29      0.00 7.385e-01 2.611e-01 8.072e-05 2.178e-05 1.975e-04 -1.000 4.489e-04 10.789 14.700 13.428 11.943 10.921 10.084 9.106 8.564 8.390
0.00042777 -1.56000 10.20412 0.1599999964 1.5372931957    0.160 -2.262  3.5774  5.166    1  0.000  0.545     0.00     0.00 -1    -1e-30      0.00 7.369e-01 2.627e-01 8.072e-05 2.178e-05 1.975e-04 -1.000 4.489e-04 10.425 14.064 12.897 11.486 10.507 9.720 8.775 8.222 8.041
0.00042777 -1.56000 10.20412 0.2000000179 1.6938792467    0.200 -2.040  3.5903  5.092    1  0.000  0.545     0.00     0.00 -1 -2.23e-27      0.00 7.359e-01 2.636e-01 8.072e-05 2.178e-05 1.975e-04 -1.000 4.489e-04 9.870 13.172 12.138 10.817 9.898 9.163 8.259 7.697 7.509
0.00042777 -1.56000 10.20412 0.2500000298 1.8403259516    0.250 -1.839  3.6014  5.033    1  0.000  0.545     0.00     0.00 -1  -1.1e-26      0.00 7.362e-01 2.633e-01 8.072e-05 2.178e-05 1.975e-04 -1.000 4.490e-04 9.368 12.414 11.477 10.226 9.356 8.658 7.788 7.223 7.035
0.00042777 -1.56000 10.20412 0.3000000417 1.9529141188    0.300 -1.686  3.6101  4.994    1  0.000  0.545     0.00     0.00 -1 -9.26e-28      0.00 7.363e-01 2.632e-01 8.070e-05 2.178e-05 1.975e-04 -1.000 4.490e-04 8.986 11.845 10.977 9.779 8.946 8.274 7.430 6.864 6.681
0.00042777 -1.56000 10.20412 0.3386178315 2.0243580341    0.339 -1.589  3.6160  4.972    1  0.000  0.544     0.00     0.00 -1 -8.19e-30      0.00 7.360e-01 2.635e-01 8.067e-05 2.178e-05 1.975e-04 -1.000 4.981e-04 8.741 11.481 10.656 9.492 8.683 8.028 7.201 6.636 6.458
0.00042777 -1.56000 10.20412 0.3500000238 2.0434176922    0.350 -1.562  3.6177  4.967    1  0.000  0.544     0.00     0.00 -1 -6.18e-30      0.00 7.360e-01 2.635e-01 8.066e-05 2.178e-05 1.975e-04 -1.000 5.119e-04 8.675 11.382 10.569 9.413 8.611 7.960 7.139 6.573 6.397
0.00042777 -1.56000 10.20412 0.3713380396 2.0770657063    0.371 -1.497  3.6227  4.947    1  0.000  0.545     0.00     0.00 -1 -1.09e-29      0.00 7.422e-01 2.573e-01 8.069e-05 2.178e-05 1.975e-04 -1.000 4.838e-04 8.512 11.120 10.343 9.215 8.434 7.797 6.989 6.424 6.254
0.00042777 -1.56000 10.20412 0.4000000358 2.1185026169    0.400 -1.415  3.6291  4.923    1  0.000  0.545     0.00     0.00 -1 -1.73e-29      0.00 7.502e-01 2.493e-01 8.072e-05 2.178e-05 1.975e-04 -1.000 4.490e-04 8.307 10.791 10.060 8.966 8.211 7.592 6.802 6.237 6.074
0.00042777 -1.56000 10.20412 0.4500000477 2.1822810173    0.450 -1.237  3.6484  4.873    1  0.000  0.545     0.00     0.00 -1    -1e-30      0.00 7.505e-01 2.491e-01 8.072e-05 2.178e-05 1.975e-04 -1.000 4.489e-04 7.862 9.991 9.395 8.398 7.716 7.147 6.409 5.858 5.718
0.00042777 -1.56000 10.20412 0.5000000000 2.2374541759    0.500 -1.035  3.6748  4.823    1  0.000  0.545     0.00     0.00 -1  -2.7e-29      0.00 7.505e-01 2.491e-01 8.072e-05 2.178e-05 1.975e-04 -1.000 4.489e-04 7.357 9.005 8.621 7.743 7.155 6.648 5.985 5.474 5.359
0.00042777 -1.56000 10.20412 0.5500000715 2.2836585045    0.550 -0.802  3.7003  4.733    1  0.000  0.544     0.00     0.00 -1 -1.02e-30      0.00 7.960e-01 2.037e-01 6.696e-05 1.808e-05 1.641e-04 -1.000 3.603e-04 6.774 7.990 7.824 7.046 6.536 6.079 5.494 5.037 4.941
0.00042777 -1.56000 10.20412 0.5605230927 2.2921829224    0.560 -0.750  3.7071  4.717    1  0.000  0.544     0.00     0.00 -1    -1e-30      0.00 7.991e-01 2.006e-01 6.607e-05 1.785e-05 1.620e-04 -1.000 3.596e-04 6.646 7.763 7.648 6.896 6.403 5.958 5.391 4.950 4.858
0.00042777 -1.56000 10.20412 0.6000000238 2.3211214542    0.600 -0.566  3.7314  4.660    1  0.000  0.543     0.00     0.00 -1    -1e-30      0.00 8.103e-01 1.893e-01 6.287e-05 1.699e-05 1.543e-04 -1.000 3.556e-04 6.186 6.986 7.032 6.371 5.933 5.529 5.030 4.638 4.561
0.00042777 -1.56000 10.20412 0.6078247428 2.3263463974    0.607 -0.527  3.7365  4.647    1  0.000  0.543     0.00     0.00 -1 -4.66e-28      0.00 8.130e-01 1.867e-01 6.212e-05 1.679e-05 1.525e-04 -1.000 3.503e-04 6.088 6.832 6.905 6.263 5.836 5.440 4.954 4.570 4.497
0.00042777 -1.56000 10.20412 0.6173359156 2.3324928284    0.617 -0.479  3.7427  4.630    1  0.000  0.543     0.00     0.00 -1 -7.49e-25      0.00 8.163e-01 1.833e-01 6.117e-05 1.654e-05 1.503e-04 -1.000 3.520e-04 5.966 6.647 6.751 6.131 5.717 5.330 4.859 4.486 4.417
0.00042777 -1.56000 10.20412 0.6265161037 2.3382222652    0.626 -0.431  3.7485  4.612    1  0.000  0.542     0.00     0.00 -1 -8.56e-22      0.00 8.197e-01 1.799e-01 6.023e-05 1.629e-05 1.480e-04 -1.000 3.473e-04 5.847 6.472 6.603 6.003 5.601 5.224 4.766 4.401 4.337
0.00042777 -1.56000 10.20412 0.6352830529 2.3435163498    0.635 -0.385  3.7540  4.593    1  0.000  0.542     0.00     0.00 -1 -8.97e-21      0.00 8.231e-01 1.766e-01 5.929e-05 1.604e-05 1.458e-04 -1.000 2.967e-04 5.731 6.306 6.459 5.880 5.489 5.122 4.676 4.319 4.260
0.00042777 -1.56000 10.20412 0.6433089972 2.3482179642    0.643 -0.341  3.7589  4.575    1  0.000  0.542     0.00     0.00 -1 -8.69e-30      0.00 8.262e-01 1.735e-01 5.840e-05 1.580e-05 1.436e-04 -1.000 2.869e-04 5.623 6.152 6.326 5.765 5.385 5.026 4.591 4.241 4.186
0.00042777 -1.56000 10.20412 0.6499999762 2.3520355225    0.650 -0.304  3.7629  4.558    1  0.000  0.542     0.00     0.00 -1 -1.29e-30      0.00 8.289e-01 1.707e-01 5.763e-05 1.560e-05 1.418e-04 -1.000 3.525e-04 5.529 6.026 6.214 5.668 5.296 4.943 4.517 4.172 4.120
0.00042777 -1.56000 10.20412 0.6554749608 2.3550925255    0.655 -0.272  3.7660  4.542    1  0.000  0.541     0.00     0.00 -1 -7.91e-29      0.00 8.317e-01 1.679e-01 5.684e-05 1.539e-05 1.400e-04 -1.000 3.490e-04 5.450 5.924 6.121 5.586 5.220 4.873 4.453 4.112 4.063
0.00042777 -1.56000 10.20412 0.6636804938 2.3595662117    0.663 -0.222  3.7706  4.517    1  0.000  0.541     0.00     0.00 -1  -5.3e-26      0.00 8.361e-01 1.636e-01 5.562e-05 1.506e-05 1.370e-04 -1.000 2.822e-04 5.326 5.766 5.976 5.459 5.102 4.762 4.351 4.017 3.971
0.00042777 -1.56000 10.20412 0.6707325578 2.3633103371    0.670 -0.177  3.7746  4.492    1  0.000  0.541     0.00     0.00 -1 -1.37e-23      0.00 8.400e-01 1.596e-01 5.452e-05 1.477e-05 1.344e-04 -1.000 3.440e-04 5.213 5.627 5.847 5.343 4.994 4.661 4.259 3.929 3.887
0.00042777 -1.56000 10.20412 0.6776037812 2.3668725491    0.677 -0.131  3.7784  4.465    1  0.000  0.540     0.00     0.00 -1 -2.98e-21      0.00 8.440e-01 1.556e-01 5.340e-05 1.447e-05 1.318e-04 -1.000 3.502e-04 5.097 5.486 5.714 5.225 4.883 4.556 4.162 3.838 3.799
0.00042777 -1.56000 10.20412 0.6860834360 2.3711555004    0.686 -0.069  3.7829  4.427    1  0.000  0.540     0.00     0.00 -1 -4.18e-24      0.00 8.491e-01 1.506e-01 5.197e-05 1.409e-05 1.283e-04 -1.000 3.079e-04 4.943 5.308 5.541 5.068 4.736 4.416 4.031 3.714 3.679
0.00042777 -1.56000 10.20412 0.6940543652 2.3750720024    0.694 -0.006  3.7869  4.385    1  0.000  0.539     0.00     0.00 -1    -1e-30      0.00 8.541e-01 1.456e-01 5.057e-05 1.372e-05 1.250e-04 -1.000 3.012e-04 4.786 5.132 5.366 4.908 4.583 4.270 3.894 3.583 3.551
0.00042777 -1.56000 10.20412 0.6999999881 2.3779268265    0.699  0.044  3.7897  4.349    1  0.000  0.539     0.00     0.00 -1    -1e-30      0.00 8.577e-01 1.420e-01 4.953e-05 1.345e-05 1.225e-04 -1.000 2.982e-04 4.660 4.994 5.228 4.779 4.461 4.152 3.782 3.475 3.445
0.00042777 -1.56000 10.20412 0.7004991770 2.3781640530    0.700  0.048  3.7899  4.346    1  0.000  0.539     0.00     0.00 -1  -1.5e-30      0.00 8.580e-01 1.417e-01 4.944e-05 1.343e-05 1.223e-04 -1.000 2.974e-04 4.649 4.982 5.217 4.769 4.450 4.142 3.772 3.466 3.436
0.00042777 -1.56000 10.20412 0.7074325085 2.3814179897    0.707  0.112  3.7928  4.298    1  0.000  0.537     0.00     0.00 -1 -4.35e-28      0.00 8.597e-01 1.400e-01 4.893e-05 1.331e-05 1.214e-04 -1.000 2.660e-04 4.490 4.812 5.044 4.607 4.294 3.992 3.628 3.326 3.298
0.00042777 -1.56000 10.20412 0.7123097777 2.3836634159    0.712  0.161  3.7944  4.259    1  0.000  0.537     0.00     0.00 -1 -2.33e-26      0.00 8.605e-01 1.393e-01 4.873e-05 1.328e-05 1.211e-04 -1.000 2.659e-04 4.368 4.686 4.915 4.483 4.174 3.875 3.514 3.216 3.188
0.00042777 -1.56000 10.20412 0.7165435553 2.3855841160    0.716  0.207  3.7953  4.220    1  0.000  0.536     0.00     0.00 -1 -7.42e-25      0.00 8.611e-01 1.387e-01 4.857e-05 1.325e-05 1.209e-04 -1.000 2.660e-04 4.254 4.569 4.795 4.367 4.061 3.763 3.404 3.108 3.081
0.00042777 -1.56000 10.20412 0.7175293565 2.3860275745    0.717  0.218  3.7955  4.210    1  0.000  0.536     0.00     0.00 -1 -1.66e-24      0.00 8.612e-01 1.385e-01 4.854e-05 1.325e-05 1.208e-04 -1.000 2.660e-04 4.226 4.541 4.766 4.339 4.033 3.736 3.377 3.081 3.054
0.00042777 -1.56000 10.20412 0.7189536095 2.3866658211    0.718  0.235  3.7954  4.193    1  0.000  0.535     0.00     0.00 -1 -5.35e-24      0.00 8.614e-01 1.384e-01 4.849e-05 1.324e-05 1.208e-04 -1.000 2.660e-04 4.182 4.498 4.722 4.295 3.989 3.692 3.333 3.037 3.010
0.00042777 -1.56000 10.20412 0.7229551077 2.3884434700    0.722  0.288  3.7945  4.138    1  0.000  0.534     0.00     0.00 -1 -1.44e-22      0.00 8.619e-01 1.379e-01 4.836e-05 1.322e-05 1.206e-04 -1.000 2.659e-04 4.049 4.371 4.590 4.162 3.855 3.556 3.196 2.898 2.871
0.00042777 -1.56000 10.20412 0.7260695696 2.3898117542    0.725  0.335  3.7923  4.084    1  0.000  0.534     0.00     0.00 -1 -1.89e-21      0.00 8.622e-01 1.375e-01 4.827e-05 1.320e-05 1.206e-04 -1.000 2.659e-04 3.931 4.263 4.478 4.045 3.735 3.433 3.067 2.766 2.737
0.00042777 -1.56000 10.20412 0.7272735834 2.3903369904    0.726  0.354  3.7911  4.061    1  0.000  0.534     0.00     0.00 -1 -5.17e-21      0.00 8.622e-01 1.375e-01 4.828e-05 1.321e-05 1.206e-04 -1.000 3.030e-04 3.884 4.221 4.435 3.999 3.686 3.383 3.014 2.710 2.682
0.00042777 -1.56000 10.20412 0.7284147143 2.3908329010    0.728  0.375  3.7891  4.033    2  0.000  0.533     0.00     0.00 -1 -1.35e-20      0.00 8.620e-01 1.377e-01 4.839e-05 1.325e-05 1.209e-04 -1.000 2.768e-04 3.832 4.178 4.389 3.948 3.632 3.325 2.952 2.645 2.615
0.00042777 -1.56000 10.20412 0.7306746840 2.3918099403    0.730  0.421  3.7834  3.965    2  0.000  0.533     0.00     0.00 -1 -9.22e-20      0.00 8.598e-01 1.399e-01 4.924e-05 1.348e-05 1.231e-04 -1.000 2.660e-04 3.717 4.089 4.295 3.837 3.511 3.195 2.809 2.492 2.458
0.00042777 -1.56000 10.20412 0.7323310375 2.3925216198    0.731  0.461  3.7768  3.900    2  0.000  0.533     0.00     0.00 -1 -3.87e-19      0.00 8.516e-01 1.482e-01 5.212e-05 1.427e-05 1.303e-04 -1.000 2.711e-04 3.617 4.024 4.220 3.742 3.404 3.078 2.677 2.348 2.311
0.00042777 -1.56000 10.20412 0.7335984707 2.3930637836    0.733  0.498  3.7698  3.837    2  0.000  0.534     0.00     0.00 -1 -1.19e-18      0.00 8.328e-01 1.669e-01 5.804e-05 1.588e-05 1.449e-04 -1.000 3.020e-04 3.526 3.974 4.158 3.658 3.307 2.970 2.553 2.212 2.170
0.00042777 -1.56000 10.20412 0.7346279025 2.3935024738    0.734  0.533  3.7620  3.770    2  0.000  0.536     0.00     0.00 -1  -9.9e-20      0.00 8.096e-01 1.901e-01 6.435e-05 1.759e-05 1.602e-04 -1.000 3.624e-04 3.437 3.933 4.103 3.577 3.212 2.862 2.427 2.073 2.025
0.00042777 -1.56000 10.20412 0.7355298996 2.3938856125    0.734  0.573  3.7541  3.700    2  0.000  0.537     0.00     0.00 -1 -1.25e-26      0.00 7.932e-01 2.064e-01 6.853e-05 1.870e-05 1.702e-04 -1.000 3.884e-04 3.338 3.890 4.041 3.489 3.109 2.747 2.293 1.925 1.872
0.00042777 -1.56000 10.20412 0.7362362742 2.3941850662    0.735  0.613  3.7482  3.636    2  0.000  0.537     0.00     0.00 -1 -1.78e-28      0.00 7.841e-01 2.155e-01 7.087e-05 1.933e-05 1.758e-04 -1.000 3.721e-04 3.236 3.831 3.968 3.396 3.005 2.633 2.165 1.787 1.729
0.00042777 -1.56000 10.20412 0.7367869616 2.3944180012    0.736  0.653  3.7442  3.580    2  0.000  0.538     0.00     0.00 -1 -1.96e-28      0.00 7.789e-01 2.207e-01 7.219e-05 1.969e-05 1.790e-04 -1.000 3.811e-04 3.137 3.763 3.889 3.304 2.905 2.526 2.049 1.663 1.603
0.00042777 -1.56000 10.20412 0.7372491360 2.3946130276    0.736  0.691  3.7413  3.531    2  0.000  0.538     0.00     0.00 -1 -2.13e-28      0.00 7.754e-01 2.242e-01 7.306e-05 1.992e-05 1.811e-04 -1.000 3.722e-04 3.042 3.688 3.808 3.213 2.809 2.426 1.941 1.550 1.488
0.00042777 -1.56000 10.20412 0.7373299003 2.3946471214    0.736  0.698  3.7408  3.522    2  0.000  0.538     0.00     0.00 -1 -2.17e-28      0.00 7.749e-01 2.248e-01 7.319e-05 1.996e-05 1.814e-04 -1.000 3.660e-04 3.024 3.674 3.793 3.196 2.791 2.407 1.921 1.530 1.467
0.00042777 -1.56000 10.20412 0.7374096513 2.3946807384    0.736  0.706  3.7404  3.513    2  0.000  0.538     0.00     0.00 -1  -2.2e-28      0.00 7.744e-01 2.252e-01 7.330e-05 1.999e-05 1.817e-04 -1.000 3.845e-04 3.005 3.658 3.776 3.178 2.773 2.388 1.901 1.509 1.446
0.00042777 -1.56000 10.20412 0.7379166484 2.3948945999    0.737  0.755  3.7380  3.454    3  0.000  0.538     0.00     0.00 -1 -2.42e-28      0.00 7.715e-01 2.281e-01 7.394e-05 2.016e-05 1.832e-04 -1.000 4.243e-04 2.881 3.556 3.664 3.059 2.649 2.261 1.766 1.369 1.305
0.00042777 -1.56000 10.20412 0.7383928299 2.3950948715    0.737  0.806  3.7360  3.396    3  0.000  0.538     0.00     0.00 -1 -2.65e-28      0.00 7.691e-01 2.305e-01 7.444e-05 2.029e-05 1.844e-04 -1.000 4.172e-04 2.755 3.448 3.549 2.937 2.524 2.132 1.632 1.229 1.164
0.00042777 -1.56000 10.20412 0.7388348579 2.3952805996    0.738  0.856  3.7343  3.339    3  0.000  0.538     0.00     0.00 -1 -2.89e-28      0.00 7.670e-01 2.326e-01 7.483e-05 2.040e-05 1.854e-04 -1.000 4.182e-04 2.629 3.338 3.432 2.814 2.398 2.004 1.498 1.091 1.026
0.00042777 -1.56000 10.20412 0.7392037511 2.3954355717    0.738  0.902  3.7329  3.288    3  0.000  0.538     0.00     0.00 -1 -3.11e-28      0.00 7.653e-01 2.343e-01 7.510e-05 2.048e-05 1.860e-04 -1.000 4.358e-04 2.516 3.237 3.325 2.704 2.285 1.889 1.379 0.968 0.902
0.00042777 -1.56000 10.20412 0.7395793796 2.3955929279    0.738  0.951  3.7315  3.233    3  0.000  0.538     0.00     0.00 -1 -3.36e-28      0.00 7.637e-01 2.359e-01 7.535e-05 2.055e-05 1.867e-04 -1.000 4.183e-04 2.392 3.125 3.208 2.582 2.162 1.763 1.249 0.834 0.768
0.00042777 -1.56000 10.20412 0.7399206161 2.3957357407    0.739  1.001  3.7301  3.178    3  0.000  0.538     0.00     0.00 -1 -3.62e-28      0.00 7.623e-01 2.374e-01 7.554e-05 2.060e-05 1.872e-04 -1.000 3.826e-04 2.269 3.014 3.092 2.462 2.039 1.638 1.119 0.701 0.634
0.00042777 -1.56000 10.20412 0.7402298450 2.3958652020    0.739  1.049  3.7288  3.125    3  0.000  0.538     0.00     0.00 -1 -3.88e-28      0.00 7.610e-01 2.386e-01 7.568e-05 2.065e-05 1.876e-04 -1.000 3.984e-04 2.147 2.906 2.978 2.344 1.919 1.515 0.992 0.570 0.503
0.00042777 -1.56000 10.20412 0.7405163646 2.3959848881    0.739  1.099  3.7274  3.070    3  0.000  0.538     0.00     0.00 -1 -4.14e-28      0.00 7.598e-01 2.398e-01 7.579e-05 2.070e-05 1.879e-04 -1.000 4.317e-04 2.024 2.795 2.862 2.224 1.796 1.391 0.863 0.437 0.369
0.00042777 -1.56000 10.20412 0.7407734394 2.3960921764    0.739  1.147  3.7261  3.016    3  0.000  0.537     0.00     0.00 -1  -4.4e-28      0.00 7.588e-01 2.408e-01 7.584e-05 2.074e-05 1.882e-04 -1.000 4.468e-04 1.903 2.688 2.749 2.106 1.676 1.269 0.737 0.307 0.238
0.00042777 -1.56000 10.20412 0.7410176992 2.3961942196    0.740  1.197  3.7246  2.960    3  0.000  0.537     0.00     0.00 -1 -4.68e-28      0.00 7.579e-01 2.416e-01 7.588e-05 2.077e-05 1.884e-04 -1.000 4.313e-04 1.777 2.576 2.631 1.983 1.551 1.141 0.605 0.171 0.102
0.00042777 -1.56000 10.20412 0.7412246466 2.3962805271    0.740  1.244  3.7232  2.908    3  0.000  0.537     0.00     0.00 -1 -4.94e-28      0.00 7.572e-01 2.423e-01 7.588e-05 2.081e-05 1.886e-04 -1.000 4.100e-04 1.659 2.473 2.521 1.869 1.434 1.022 0.481 0.044 -0.025
0.00042777 -1.56000 10.20412 0.7414100170 2.3963577747    0.740  1.290  3.7218  2.856    3  0.000  0.536     0.00     0.00 -1  -5.2e-28      0.00 7.567e-01 2.429e-01 7.588e-05 2.084e-05 1.887e-04 -1.000 4.226e-04 1.544 2.372 2.414 1.757 1.320 0.905 0.360 -0.081 -0.151
0.00042777 -1.56000 10.20412 0.7415924072 2.3964335918    0.740  1.340  3.7202  2.800    3  0.000  0.536     0.00     0.00 -1 -5.48e-28      0.00 7.562e-01 2.434e-01 7.586e-05 2.087e-05 1.888e-04 -1.000 4.489e-04 1.419 2.263 2.298 1.636 1.196 0.779 0.229 -0.216 -0.287
0.00042777 -1.56000 10.20412 0.7417462468 2.3964977264    0.740  1.386  3.7186  2.748    3  0.000  0.536     0.00     0.00 -1 -5.75e-28      0.00 7.559e-01 2.437e-01 7.584e-05 2.089e-05 1.889e-04 -1.000 4.436e-04 1.304 2.164 2.192 1.524 1.081 0.662 0.107 -0.342 -0.413
0.00042777 -1.56000 10.20412 0.7418851256 2.3965554237    0.740  1.432  3.7171  2.696    3  0.000  0.535     0.00     0.00 -1 -6.01e-28      0.00 7.557e-01 2.439e-01 7.582e-05 2.091e-05 1.889e-04 -1.000 4.391e-04 1.190 2.067 2.088 1.414 0.969 0.547 -0.013 -0.466 -0.538
0.00042777 -1.56000 10.20412 0.7420136929 2.3966090679    0.740  1.478  3.7155  2.643    3  0.000  0.535     0.00     0.00 -1 -6.28e-28      0.00 7.555e-01 2.440e-01 7.582e-05 2.092e-05 1.890e-04 -1.000 4.352e-04 1.074 1.969 1.983 1.303 0.855 0.430 -0.135 -0.593 -0.665
0.00042777 -1.56000 10.20412 0.7421314120 2.3966579437    0.741  1.525  3.7138  2.590    3  0.000  0.535     0.00     0.00 -1 -6.55e-28      0.00 7.555e-01 2.441e-01 7.581e-05 2.093e-05 1.890e-04 -1.000 4.024e-04 0.958 1.871 1.877 1.191 0.740 0.312 -0.258 -0.720 -0.793
0.00042777 -1.56000 10.20412 0.7422335148 2.3967003822    0.741  1.569  3.7122  2.540    3  0.000  0.535     0.00     0.00 -1 -6.82e-28      0.00 7.555e-01 2.442e-01 7.581e-05 2.093e-05 1.890e-04 -1.000 3.785e-04 0.849 1.778 1.778 1.086 0.632 0.201 -0.374 -0.841 -0.914
0.00042777 -1.56000 10.20412 0.7423304915 2.3967406750    0.741  1.614  3.7105  2.488    3  0.000  0.535     0.00     0.00 -1 -7.09e-28      0.00 7.555e-01 2.442e-01 7.581e-05 2.093e-05 1.890e-04 -1.000 3.784e-04 0.735 1.684 1.675 0.977 0.520 0.086 -0.494 -0.965 -1.039
0.00042777 -1.56000 10.20412 0.7424167991 2.3967764378    0.741  1.658  3.7088  2.437    3  0.000  0.535     0.00     0.00 -1 -1.55e-28      0.00 7.555e-01 2.442e-01 7.581e-05 2.093e-05 1.890e-04 -1.000 3.782e-04 0.625 1.597 1.577 0.871 0.410 -0.026 -0.611 -1.086 -1.161
0.00042777 -1.56000 10.20412 0.7424957752 2.3968093395    0.741  1.702  3.7070  2.386    3  0.000  0.535     0.00     0.00 -1 -4.15e-30      0.00 7.554e-01 2.442e-01 7.581e-05 2.093e-05 1.890e-04 -1.000 3.781e-04 0.516 1.512 1.480 0.767 0.302 -0.138 -0.728 -1.207 -1.283
0.00042777 -1.56000 10.20412 0.7425675392 2.3968391418    0.741  1.745  3.7053  2.336    3  0.000  0.535     0.00     0.00 -1    -1e-30      0.00 7.554e-01 2.442e-01 7.581e-05 2.093e-05 1.890e-04 -1.000 3.779e-04 0.408 1.429 1.386 0.664 0.195 -0.248 -0.843 -1.327 -1.403
0.00042777 -1.56000 10.20412 0.7426335812 2.3968665600    0.741  1.788  3.7035  2.286    3  0.000  0.535     0.00     0.00 -1    -1e-30      0.00 7.554e-01 2.442e-01 7.581e-05 2.093e-05 1.890e-04 -1.000 3.779e-04 0.300 1.346 1.291 0.561 0.089 -0.357 -0.958 -1.446 -1.523
0.00042777 -1.56000 10.20412 0.7426936626 2.3968913555    0.741  1.830  3.7017  2.236    3  0.000  0.535     0.00     0.00 -1    -1e-30      0.00 7.554e-01 2.442e-01 7.581e-05 2.093e-05 1.890e-04 -1.000 3.777e-04 0.195 1.266 1.199 0.460 -0.016 -0.465 -1.071 -1.564 -1.641
0.00042777 -1.56000 10.20412 0.7427495718 2.3969144821    0.741  1.872  3.6999  2.187    3  0.000  0.535     0.00     0.00 -1    -1e-30      0.00 7.554e-01 2.442e-01 7.581e-05 2.093e-05 1.890e-04 -1.000 3.777e-04 0.089 1.186 1.108 0.361 -0.120 -0.572 -1.184 -1.681 -1.759
0.00042777 -1.56000 10.20412 0.7427996397 2.3969354630    0.741  1.913  3.6981  2.139    3  0.000  0.535     0.00     0.00 -1    -1e-30      0.00 7.554e-01 2.442e-01 7.581e-05 2.093e-05 1.890e-04 -1.000 3.775e-04 -0.012 1.112 1.022 0.266 -0.219 -0.675 -1.292 -1.794 -1.873
0.00042777 -1.56000 10.20412 0.7428478599 2.3969552517    0.741  1.953  3.6962  2.092    3  0.000  0.535     0.00     0.00 -1    -1e-30      0.00 7.554e-01 2.442e-01 7.580e-05 2.093e-05 1.890e-04 -1.000 3.775e-04 -0.113 1.039 0.936 0.171 -0.318 -0.777 -1.400 -1.907 -1.986
0.00042777 -1.56000 10.20412 0.7428964972 2.3969755173    0.741  1.989  3.6946  2.049    3  0.000  0.535     0.00     0.00 -1    -1e-30      0.00 7.554e-01 2.442e-01 7.580e-05 2.093e-05 1.890e-04 -1.000 3.774e-04 -0.203 0.973 0.859 0.086 -0.406 -0.868 -1.496 -2.008 -2.088
0.00042777 -1.56000 10.20412 0.7429532409 2.3969991207    0.741  2.026  3.6930  2.006    3  0.000  0.535     0.00     0.00 -1    -1e-30      0.00 7.554e-01 2.442e-01 7.580e-05 2.093e-05 1.890e-04 -1.000 3.773e-04 -0.295 0.905 0.780 -0.001 -0.497 -0.962 -1.595 -2.111 -2.191
0.00042777 -1.56000 10.20412 0.7429589033 2.3970015049    0.741  2.025  3.6931  2.008    3  0.000  0.535     0.00     0.00 -1    -1e-30      0.00 7.554e-01 2.442e-01 7.580e-05 2.093e-05 1.890e-04 -1.000 3.773e-04 -0.292 0.907 0.782 0.002 -0.494 -0.959 -1.591 -2.107 -2.187
0.00042777 -1.56000 10.20412 0.7429805994 2.3970103264    0.741  2.020  3.6935  2.014    3  0.000  0.535     0.00     0.00 -1    -1e-30      0.00 7.554e-01 2.442e-01 7.580e-05 2.093e-05 1.890e-04 -1.000 3.773e-04 -0.280 0.913 0.791 0.013 -0.482 -0.946 -1.578 -2.092 -2.173
0.00042777 -1.56000 10.20412 0.7430583239 2.3970425129    0.741  2.104  3.6895  1.914    3  0.000  0.535     0.00     0.00 -1    -1e-30      0.00 7.554e-01 2.442e-01 7.580e-05 2.093e-05 1.890e-04 -1.000 3.771e-04 -0.490 0.773 0.617 -0.183 -0.688 -1.159 -1.804 -2.330 -2.412
0.00042777 -1.56000 10.20412 0.7430939674 2.3970572948    0.741  2.151  3.6872  1.858    3  0.000  0.535     0.00     0.00 -1    -1e-30      0.00 7.554e-01 2.442e-01 7.580e-05 2.093e-05 1.890e-04 -1.000 3.770e-04 -0.609 0.697 0.521 -0.292 -0.803 -1.279 -1.932 -2.465 -2.547
0.00042777 -1.56000 10.20412 0.7431228757 2.3970694542    0.741  2.193  3.6850  1.807    3  0.000  0.535     0.00     0.00 -1    -1e-30      0.00 7.554e-01 2.442e-01 7.580e-05 2.093e-05 1.890e-04 -1.000 3.770e-04 -0.713 0.654 0.443 -0.390 -0.907 -1.386 -2.047 -2.586 -2.668
0.00042777 -1.56000 10.20412 0.7431491613 2.3970801830    0.741  2.234  3.6829  1.757    3  0.000  0.535     0.00     0.00 -1    -1e-30      0.00 7.554e-01 2.442e-01 7.580e-05 2.093e-05 1.890e-04 -1.000 3.770e-04 -0.816 0.616 0.369 -0.487 -1.010 -1.493 -2.160 -2.706 -2.787
0.00042777 -1.56000 10.20412 0.7431738973 2.3970904350    0.741  2.276  3.6807  1.707    3  0.000  0.535     0.00     0.00 -1    -1e-30      0.00 7.554e-01 2.442e-01 7.580e-05 2.093e-05 1.890e-04 -1.000 3.769e-04 -0.920 0.579 0.295 -0.584 -1.114 -1.601 -2.276 -2.828 -2.908
0.00042777 -1.56000 10.20412 0.7431960702 2.3970997334    0.741  2.317  3.6785  1.657    3  0.000  0.535     0.00     0.00 -1    -1e-30      0.00 7.554e-01 2.442e-01 7.580e-05 2.093e-05 1.890e-04 -1.000 3.769e-04 -1.021 0.547 0.225 -0.676 -1.214 -1.705 -2.387 -2.946 -3.025
0.00042777 -1.56000 10.20412 0.7432170510 2.3971083164    0.741  2.358  3.6762  1.607    3  0.000  0.535     0.00     0.00 -1    -1e-30      0.00 7.554e-01 2.442e-01 7.580e-05 2.093e-05 1.890e-04 -1.000 3.769e-04 -1.124 0.519 0.156 -0.770 -1.316 -1.811 -2.500 -3.065 -3.143
0.00042777 -1.56000 10.20412 0.7432379127 2.3971171379    0.741  2.402  3.6737  1.553    3  0.000  0.535     0.00     0.00 -1    -1e-30      0.00 7.554e-01 2.442e-01 7.580e-05 2.093e-05 1.890e-04 -1.000 3.768e-04 -1.234 0.495 0.086 -0.868 -1.424 -1.924 -2.622 -3.194 -3.271
0.00042777 -1.56000 10.20412 0.7432568073 2.3971247673    0.741  2.445  3.6712  1.500    3  0.000  0.535     0.00     0.00 -1    -1e-30      0.00 7.554e-01 2.442e-01 7.580e-05 2.094e-05 1.890e-04 -1.000 3.768e-04 -1.343 0.422 0.001 -0.962 -1.524 -2.030 -2.738 -3.318 -3.397
0.00042777 -1.56000 10.20412 0.7432748079 2.3971323967    0.741  2.489  3.6686  1.445    3  0.000  0.535     0.00     0.00 -1    -1e-30      0.00 7.554e-01 2.442e-01 7.580e-05 2.094e-05 1.890e-04 -1.000 3.767e-04 -1.453 0.411 -0.062 -1.058 -1.631 -2.143 -2.860 -3.447 -3.526
0.00042777 -1.56000 10.20412 0.7432917356 2.3971393108    0.742  2.534  3.6659  1.389    3  0.000  0.535     0.00     0.00 -1    -1e-30      0.00 7.554e-01 2.442e-01 7.580e-05 2.094e-05 1.890e-04 -1.000 3.767e-04 -1.566 0.407 -0.124 -1.154 -1.739 -2.258 -2.984 -3.579 -3.657
0.00042777 -1.56000 10.20412 0.7433062792 2.3971452713    0.742  2.576  3.6635  1.338    3  0.000  0.535     0.00     0.00 -1    -1e-30      0.00 7.554e-01 2.442e-01 7.580e-05 2.094e-05 1.890e-04 -1.000 3.768e-04 -1.670 0.404 -0.181 -1.243 -1.839 -2.364 -3.099 -3.700 -3.778
0.00042777 -1.56000 10.20412 0.7433204055 2.3971512318    0.742  2.619  3.6606  1.283    3  0.000  0.535     0.00     0.00 -1    -1e-30      0.00 7.554e-01 2.443e-01 7.580e-05 2.094e-05 1.890e-04 -1.000 3.767e-04 -1.778 0.421 -0.230 -1.333 -1.942 -2.474 -3.220 -3.829 -3.907
0.00042777 -1.56000 10.20412 0.7433332801 2.3971564770    0.742  2.662  3.6580  1.230    3  0.000  0.535     0.00     0.00 -1    -1e-30      0.00 7.554e-01 2.443e-01 7.580e-05 2.094e-05 1.890e-04 -1.000 3.767e-04 -1.885 0.438 -0.278 -1.420 -2.043 -2.582 -3.338 -3.954 -4.032
0.00042777 -1.56000 10.20412 0.7433447838 2.3971612453    0.742  2.703  3.6553  1.178    3  0.000  0.535     0.00     0.00 -1    -1e-30      0.00 7.554e-01 2.443e-01 7.580e-05 2.094e-05 1.890e-04 -1.000 3.767e-04 -1.988 0.432 -0.332 -1.502 -2.136 -2.683 -3.450 -4.075 -4.153
0.00042777 -1.56000 10.20412 0.7433554530 2.3971657753    0.742  2.744  3.6527  1.127    3  0.000  0.535     0.00     0.00 -1    -1e-30      0.00 7.554e-01 2.443e-01 7.580e-05 2.094e-05 1.890e-04 -1.000 3.767e-04 -2.090 0.425 -0.385 -1.582 -2.228 -2.783 -3.561 -4.194 -4.274
0.00042777 -1.56000 10.20412 0.7433645129 2.3971693516    0.742  2.781  3.6503  1.081    3  0.000  0.535     0.00     0.00 -1    -1e-30      0.00 7.554e-01 2.443e-01 7.580e-05 2.094e-05 1.890e-04 -1.000 3.767e-04 -2.182 0.420 -0.433 -1.656 -2.312 -2.874 -3.662 -4.302 -4.383
0.00042777 -1.56000 10.20412 0.7433733940 2.3971731663    0.742  2.820  3.6477  1.031    3  0.000  0.535     0.00     0.00 -1    -1e-30      0.00 7.554e-01 2.443e-01 7.580e-05 2.094e-05 1.890e-04 -1.000 3.766e-04 -2.279 0.419 -0.481 -1.730 -2.398 -2.967 -3.767 -4.416 -4.498
0.00042777 -1.56000 10.20412 0.7433819175 2.3971767426    0.742  2.859  3.6450  0.981    3  0.000  0.535     0.00     0.00 -1    -1e-30      0.00 7.554e-01 2.443e-01 7.580e-05 2.094e-05 1.890e-04 -1.000 3.766e-04 -2.377 0.425 -0.526 -1.804 -2.484 -3.063 -3.874 -4.532 -4.615
0.00042777 -1.56000 10.20412 0.7433888316 2.3971796036    0.742  2.893  3.6427  0.938    3  0.000  0.535     0.00     0.00 -1    -1e-30      0.00 7.554e-01 2.443e-01 7.580e-05 2.094e-05 1.890e-04 -1.000 3.767e-04 -2.463 0.437 -0.561 -1.866 -2.559 -3.145 -3.967 -4.632 -4.717
0.00042777 -1.56000 10.20412 0.7433957458 2.3971824646    0.742  2.929  3.6402  0.892    3  0.000  0.535     0.00     0.00 -1    -1e-30      0.00 7.554e-01 2.443e-01 7.580e-05 2.094e-05 1.890e-04 -1.000 3.766e-04 -2.552 0.455 -0.594 -1.930 -2.636 -3.231 -4.065 -4.738 -4.824
0.00042777 -1.56000 10.20412 0.7434027195 2.3971853256    0.742  2.967  3.6374  0.843    3  0.000  0.535     0.00     0.00 -1    -1e-30      0.00 7.554e-01 2.443e-01 7.580e-05 2.094e-05 1.890e-04 -1.000 3.766e-04 -2.648 0.478 -0.627 -1.996 -2.717 -3.322 -4.169 -4.851 -4.939
0.00042777 -1.56000 10.20412 0.7434087992 2.3971877098    0.742  3.003  3.6350  0.797    3  0.000  0.535     0.00     0.00 -1    -1e-30      0.00 7.554e-01 2.443e-01 7.580e-05 2.094e-05 1.890e-04 -1.000 3.766e-04 -2.738 0.495 -0.661 -2.059 -2.794 -3.407 -4.266 -4.956 -5.046
0.00042777 -1.56000 10.20412 0.7434145212 2.3971900940    0.742  3.039  3.6324  0.751    3  0.000  0.535     0.00     0.00 -1    -1e-30      0.00 7.554e-01 2.443e-01 7.580e-05 2.094e-05 1.890e-04 -1.000 3.766e-04 -2.826 0.519 -0.690 -2.119 -2.868 -3.491 -4.362 -5.061 -5.153
0.00042777 -1.56000 10.20412 0.7434193492 2.3971922398    0.742  3.070  3.6302  0.711    3  0.000  0.535     0.00     0.00 -1    -1e-30      0.00 7.554e-01 2.443e-01 7.580e-05 2.094e-05 1.890e-04 -1.000 3.766e-04 -2.905 0.540 -0.716 -2.172 -2.934 -3.565 -4.447 -5.154 -5.247
0.00042777 -1.56000 10.20412 0.7434241176 2.3971941471    0.742  3.102  3.6279  0.670    3  0.000  0.535     0.00     0.00 -1    -1e-30      0.00 7.554e-01 2.443e-01 7.580e-05 2.094e-05 1.890e-04 -1.000 3.766e-04 -2.985 0.560 -0.743 -2.226 -3.001 -3.640 -4.534 -5.248 -5.343
0.00042777 -1.56000 10.20412 0.7434290051 2.3971960545    0.742  3.137  3.6254  0.624    3  0.000  0.535     0.00     0.00 -1    -1e-30      0.00 7.554e-01 2.443e-01 7.580e-05 2.094e-05 1.890e-04 -1.000 3.766e-04 -3.073 0.587 -0.770 -2.283 -3.073 -3.722 -4.629 -5.352 -5.449
0.00042777 -1.56000 10.20412 0.7434335351 2.3971979618    0.742  3.171  3.6229  0.581    3  0.000  0.535     0.00     0.00 -1    -1e-30      0.00 7.554e-01 2.443e-01 7.580e-05 2.094e-05 1.890e-04 -1.000 3.766e-04 -3.158 0.614 -0.795 -2.337 -3.143 -3.801 -4.720 -5.452 -5.551
0.00042777 -1.56000 10.20412 0.7434375882 2.3971996307    0.742  3.203  3.6207  0.540    3  0.000  0.535     0.00     0.00 -1    -1e-30      0.00 7.554e-01 2.443e-01 7.580e-05 2.094e-05 1.890e-04 -1.000 3.766e-04 -3.238 0.639 -0.818 -2.389 -3.208 -3.876 -4.806 -5.546 -5.647
0.00042777 -1.56000 10.20412 0.7434414625 2.3972012997    0.742  3.235  3.6184  0.498    3  0.000  0.535     0.00     0.00 -1    -1e-30      0.00 7.554e-01 2.443e-01 7.580e-05 2.094e-05 1.890e-04 -1.000 3.765e-04 -3.319 0.667 -0.840 -2.439 -3.272 -3.949 -4.892 -5.640 -5.743
0.00042777 -1.56000 10.20412 0.7434450388 2.3972027302    0.742  3.266  3.6162  0.459    3  0.000  0.535     0.00     0.00 -1    -1e-30      0.00 7.554e-01 2.443e-01 7.580e-05 2.094e-05 1.890e-04 -1.000 3.765e-04 -3.395 0.700 -0.852 -2.481 -3.331 -4.019 -4.974 -5.730 -5.835
0.00042777 -1.56000 10.20412 0.7434484363 2.3972041607    0.742  3.294  3.6142  0.423    3  0.000  0.535     0.00     0.00 -1    -1e-30      0.00 7.554e-01 2.443e-01 7.580e-05 2.094e-05 1.890e-04 -1.000 3.765e-04 -3.465 0.728 -0.865 -2.521 -3.386 -4.083 -5.049 -5.812 -5.919
0.00042777 -1.56000 10.20412 0.7434499264 2.3972048759    0.742  3.306  3.6134  0.408    3  0.000  0.535     0.00     0.00 -1    -1e-30      0.00 7.554e-01 2.443e-01 7.580e-05 2.094e-05 1.890e-04 -1.000 3.765e-04 -3.495 0.739 -0.870 -2.537 -3.409 -4.110 -5.081 -5.847 -5.954
0.00042777 -1.56000 10.20412 0.7434499264 2.3972048759    0.671  1.643  3.9292  3.290    4  0.000  0.526     0.00     0.00 -1    -1e-30      0.00 7.441e-01 2.555e-01 7.711e-05 2.262e-05 1.958e-04 -1.000 4.489e-04 0.662 0.809 0.728 0.690 0.654 0.608 0.538 0.504 0.496
0.00042777 -1.56000 10.20412 0.7434507012 2.3972051144    0.671  1.654  3.9229  3.254    4  0.000  0.526     0.00     0.00 -1    -1e-30      0.00 7.441e-01 2.555e-01 7.711e-05 2.262e-05 1.958e-04 -1.000 4.489e-04 0.634 0.785 0.697 0.649 0.606 0.551 0.471 0.431 0.421
0.00042777 -1.56000 10.20412 0.7434998155 2.3972253799    0.671  1.661  3.9217  3.242    4  0.000  0.526     0.00     0.00 -1    -1e-30      0.00 7.441e-01 2.555e-01 7.711e-05 2.262e-05 1.958e-04 -1.000 4.489e-04 0.618 0.770 0.681 0.630 0.586 0.530 0.447 0.406 0.396
0.00042777 -1.56000 10.20412 0.7435505390 2.3972463608    0.671  1.661  3.9229  3.247    4  0.000  0.526     0.00     0.00 -1    -1e-30      0.00 7.441e-01 2.555e-01 7.711e-05 2.262e-05 1.958e-04 -1.000 4.489e-04 0.618 0.769 0.681 0.633 0.590 0.536 0.455 0.415 0.405
0.00042777 -1.56000 10.20412 0.7436015606 2.3972675800    0.671  1.660  3.9242  3.253    4  0.000  0.526     0.00     0.00 -1    -1e-30      0.00 7.441e-01 2.555e-01 7.711e-05 2.262e-05 1.958e-04 -1.000 4.489e-04 0.619 0.769 0.683 0.637 0.596 0.543 0.464 0.426 0.417
0.00042777 -1.56000 10.20412 0.7436530590 2.3972887993    0.671  1.660  3.9257  3.260    4  0.000  0.526     0.00     0.00 -1    -1e-30      0.00 7.441e-01 2.555e-01 7.711e-05 2.262e-05 1.958e-04 -1.000 4.489e-04 0.621 0.770 0.685 0.642 0.602 0.552 0.476 0.439 0.430
0.00042777 -1.56000 10.20412 0.7437049150 2.3973102570    0.671  1.659  3.9272  3.267    4  0.000  0.526     0.00     0.00 -1    -1e-30      0.00 7.441e-01 2.555e-01 7.711e-05 2.262e-05 1.958e-04 -1.000 4.489e-04 0.623 0.771 0.688 0.647 0.609 0.560 0.487 0.451 0.443
0.00042777 -1.56000 10.20412 0.7437531948 2.3973302841    0.671  1.658  3.9284  3.272    4  0.000  0.526     0.00     0.00 -1    -1e-30      0.00 7.441e-01 2.555e-01 7.711e-05 2.262e-05 1.958e-04 -1.000 4.489e-04 0.625 0.772 0.690 0.651 0.615 0.568 0.496 0.462 0.454
0.00042777 -1.56000 10.20412 0.7438012362 2.3973500729    0.671  1.657  3.9294  3.277    4  0.000  0.526     0.00     0.00 -1    -1e-30      0.00 7.441e-01 2.555e-01 7.711e-05 2.262e-05 1.958e-04 -1.000 4.489e-04 0.626 0.772 0.692 0.655 0.620 0.574 0.504 0.471 0.463
0.00042777 -1.56000 10.20412 0.7438492179 2.3973701000    0.671  1.657  3.9302  3.281    4  0.000  0.526     0.00     0.00 -1    -1e-30      0.00 7.441e-01 2.555e-01 7.711e-05 2.262e-05 1.958e-04 -1.000 4.489e-04 0.628 0.773 0.693 0.658 0.624 0.579 0.510 0.478 0.470
0.00042777 -1.56000 10.20412 0.7438983321 2.3973903656    0.671  1.657  3.9305  3.282    4  0.000  0.526     0.00     0.00 -1    -1e-30      0.00 7.441e-01 2.555e-01 7.711e-05 2.262e-05 1.958e-04 -1.000 4.489e-04 0.628 0.773 0.694 0.659 0.625 0.581 0.512 0.480 0.472
0.00042777 -1.56000 10.20412 0.7439478040 2.3974108696    0.671  1.657  3.9305  3.282    4  0.000  0.526     0.00     0.00 -1    -1e-30      0.00 7.441e-01 2.555e-01 7.711e-05 2.262e-05 1.958e-04 -1.000 4.489e-04 0.628 0.773 0.694 0.658 0.625 0.580 0.512 0.480 0.472
0.00042777 -1.56000 10.20412 0.7439997196 2.3974320889    0.671  1.657  3.9298  3.279    4  0.000  0.526     0.00     0.00 -1    -1e-30      0.00 7.441e-01 2.555e-01 7.711e-05 2.262e-05 1.958e-04 -1.000 4.489e-04 0.626 0.772 0.692 0.656 0.621 0.576 0.507 0.474 0.466
0.00042777 -1.56000 10.20412 0.7440507412 2.3974533081    0.671  1.658  3.9286  3.273    4  0.000  0.526     0.00     0.00 -1    -1e-30      0.00 7.441e-01 2.555e-01 7.711e-05 2.262e-05 1.958e-04 -1.000 4.489e-04 0.624 0.771 0.689 0.651 0.615 0.568 0.497 0.462 0.454
0.00042777 -1.56000 10.20412 0.7440994382 2.3974733353    0.671  1.660  3.9268  3.264    4  0.000  0.526     0.00     0.00 -1    -1e-30      0.00 7.441e-01 2.555e-01 7.711e-05 2.262e-05 1.958e-04 -1.000 4.489e-04 0.621 0.769 0.685 0.644 0.606 0.557 0.482 0.446 0.438
0.00042777 -1.56000 10.20412 0.7441225052 2.3974828720    0.671  1.660  3.9259  3.260    4  0.000  0.526     0.00     0.00 -1    -1e-30      0.00 7.441e-01 2.555e-01 7.711e-05 2.262e-05 1.958e-04 -1.000 4.489e-04 0.619 0.768 0.683 0.640 0.601 0.550 0.475 0.438 0.429
0.00042777 -1.56000 10.20412 0.7441495061 2.3974940777    0.671  1.661  3.9244  3.253    4  0.000  0.526     0.00     0.00 -1    -1e-30      0.00 7.441e-01 2.555e-01 7.711e-05 2.262e-05 1.958e-04 -1.000 4.489e-04 0.617 0.766 0.680 0.634 0.593 0.541 0.463 0.425 0.415
0.00042777 -1.56000 10.20412 0.7442037463 2.3975164890    0.671  1.664  3.9210  3.237    4  0.000  0.526     0.00     0.00 -1    -1e-30      0.00 7.441e-01 2.555e-01 7.711e-05 2.262e-05 1.958e-04 -1.000 4.489e-04 0.610 0.763 0.672 0.621 0.576 0.520 0.436 0.394 0.384
0.00042777 -1.56000 10.20412 0.7442530394 2.3975367546    0.671  1.667  3.9174  3.220    4  0.000  0.526     0.00     0.00 -1    -1e-30      0.00 7.441e-01 2.555e-01 7.711e-05 2.262e-05 1.958e-04 -1.000 4.489e-04 0.604 0.759 0.666 0.608 0.558 0.497 0.406 0.361 0.350
0.00042777 -1.56000 10.20412 0.7443022132 2.3975572586    0.671  1.670  3.9133  3.200    4  0.000  0.526     0.00     0.00 -1    -1e-30      0.00 7.441e-01 2.555e-01 7.711e-05 2.262e-05 1.958e-04 -1.000 4.489e-04 0.596 0.756 0.659 0.594 0.538 0.470 0.373 0.322 0.311
0.00042777 -1.56000 10.20412 0.7443551421 2.3975789547    0.671  1.673  3.9081  3.176    4  0.000  0.526     0.00     0.00 -1    -1e-30      0.00 7.441e-01 2.555e-01 7.711e-05 2.262e-05 1.958e-04 -1.000 4.489e-04 0.586 0.751 0.653 0.576 0.513 0.438 0.332 0.275 0.263
0.00042777 -1.56000 10.20412 0.7444049120 2.3975994587    0.672  1.678  3.9024  3.149    4  0.000  0.526     0.00     0.00 -1    -1e-30      0.00 7.441e-01 2.555e-01 7.711e-05 2.262e-05 1.958e-04 -1.000 4.489e-04 0.576 0.747 0.648 0.559 0.487 0.403 0.286 0.222 0.209
0.00042777 -1.56000 10.20412 0.7444545031 2.3976199627    0.672  1.682  3.8962  3.120    4  0.000  0.526     0.00     0.00 -1    -1e-30      0.00 7.441e-01 2.555e-01 7.711e-05 2.262e-05 1.958e-04 -1.000 4.489e-04 0.564 0.744 0.645 0.542 0.460 0.366 0.238 0.165 0.151
0.00042777 -1.56000 10.20412 0.7444846034 2.3976323605    0.672  1.685  3.8923  3.101    4  0.000  0.526     0.00     0.00 -1    -1e-30      0.00 7.441e-01 2.555e-01 7.711e-05 2.262e-05 1.958e-04 -1.000 4.489e-04 0.557 0.742 0.645 0.531 0.442 0.343 0.207 0.128 0.114
0.00042777 -1.56000 10.20412 0.7445051670 2.3976409435    0.672  1.687  3.8894  3.087    4  0.000  0.526     0.00     0.00 -1    -1e-30      0.00 7.441e-01 2.555e-01 7.711e-05 2.262e-05 1.958e-04 -1.000 4.489e-04 0.552 0.741 0.645 0.524 0.430 0.326 0.184 0.101 0.087
0.00042777 -1.56000 10.20412 0.7445571423 2.3976624012    0.672  1.693  3.8820  3.052    4  0.000  0.526     0.00     0.00 -1    -1e-30      0.00 7.441e-01 2.555e-01 7.711e-05 2.262e-05 1.958e-04 -1.000 4.489e-04 0.538 0.738 0.651 0.509 0.401 0.283 0.127 0.032 0.017
0.00042777 -1.56000 10.20412 0.7446067929 2.3976829052    0.672  1.698  3.8745  3.017    4  0.000  0.526     0.00     0.00 -1    -1e-30      0.00 7.441e-01 2.555e-01 7.711e-05 2.262e-05 1.958e-04 -1.000 4.489e-04 0.524 0.736 0.659 0.495 0.372 0.242 0.070 -0.038 -0.054
0.00042777 -1.56000 10.20412 0.7446554899 2.3977029324    0.672  1.704  3.8669  2.981    4  0.000  0.526     0.00     0.00 -1    -1e-30      0.00 7.441e-01 2.555e-01 7.711e-05 2.262e-05 1.958e-04 -1.000 4.489e-04 0.510 0.734 0.668 0.483 0.345 0.200 0.012 -0.109 -0.126
0.00042777 -1.56000 10.20412 0.7447054982 2.3977234364    0.672  1.711  3.8585  2.941    4  0.000  0.526     0.00     0.00 -1    -1e-30      0.00 7.441e-01 2.555e-01 7.711e-05 2.262e-05 1.958e-04 -1.000 4.489e-04 0.494 0.732 0.679 0.472 0.317 0.156 -0.050 -0.187 -0.205
0.00042777 -1.56000 10.20412 0.7447546124 2.3977437019    0.672  1.717  3.8497  2.899    4  0.000  0.526     0.00     0.00 -1    -1e-30      0.00 7.441e-01 2.555e-01 7.711e-05 2.262e-05 1.958e-04 -1.000 4.489e-04 0.477 0.730 0.693 0.462 0.290 0.112 -0.113 -0.268 -0.287
0.00042777 -1.56000 10.20412 0.7448033690 2.3977639675    0.672  1.724  3.8415  2.859    4  0.000  0.526     0.00     0.00 -1    -1e-30      0.00 7.441e-01 2.555e-01 7.711e-05 2.262e-05 1.958e-04 -1.000 4.489e-04 0.461 0.730 0.706 0.454 0.265 0.071 -0.173 -0.345 -0.365
0.00042777 -1.56000 10.20412 0.7448533177 2.3977844715    0.672  1.730  3.8332  2.820    4  0.000  0.526     0.00     0.00 -1    -1e-30      0.00 7.441e-01 2.555e-01 7.711e-05 2.262e-05 1.958e-04 -1.000 4.489e-04 0.444 0.730 0.720 0.446 0.240 0.031 -0.232 -0.422 -0.443
0.00042777 -1.56000 10.20412 0.7449029088 2.3978049755    0.672  1.738  3.8249  2.780    4  0.000  0.526     0.00     0.00 -1    -1e-30      0.00 7.441e-01 2.555e-01 7.711e-05 2.262e-05 1.958e-04 -1.000 4.489e-04 0.426 0.732 0.734 0.438 0.215 -0.009 -0.292 -0.500 -0.523
0.00042777 -1.56000 10.20412 0.7449516058 2.3978250027    0.672  1.746  3.8166  2.738    4  0.000  0.526     0.00     0.00 -1    -1e-30      0.00 7.441e-01 2.555e-01 7.711e-05 2.262e-05 1.958e-04 -1.000 4.489e-04 0.406 0.735 0.748 0.429 0.189 -0.051 -0.354 -0.581 -0.605
0.00042777 -1.56000 10.20412 0.7450029254 2.3978462219    0.672  1.756  3.8066  2.688    4  0.000  0.526     0.00     0.00 -1    -1e-30      0.00 7.441e-01 2.555e-01 7.711e-05 2.262e-05 1.958e-04 -1.000 4.489e-04 0.380 0.736 0.765 0.416 0.156 -0.102 -0.429 -0.678 -0.705
0.00042777 -1.56000 10.20412 0.7450530529 2.3978667259    0.672  1.769  3.7963  2.633    4  0.000  0.526     0.00     0.00 -1    -1e-30      0.00 7.441e-01 2.555e-01 7.711e-05 2.262e-05 1.958e-04 -1.000 4.489e-04 0.346 0.737 0.780 0.400 0.119 -0.159 -0.512 -0.785 -0.815
0.00042777 -1.56000 10.20412 0.7450937033 2.3978834152    0.672  1.787  3.7844  2.568    4  0.000  0.526     0.00     0.00 -1    -1e-30      0.00 7.441e-01 2.555e-01 7.711e-05 2.262e-05 1.958e-04 -1.000 4.489e-04 0.302 0.736 0.794 0.377 0.071 -0.229 -0.611 -0.911 -0.945
0.00042777 -1.56000 10.20412 0.7451193929 2.3978941441    0.672  1.808  3.7736  2.504    4  0.000  0.526     0.00     0.00 -1    -1e-30      0.00 7.441e-01 2.555e-01 7.711e-05 2.262e-05 1.958e-04 -1.000 4.489e-04 0.250 0.734 0.798 0.344 0.016 -0.303 -0.714 -1.041 -1.079
0.00042777 -1.56000 10.20412 0.7451331019 2.3978998661    0.672  1.826  3.7659  2.456    4  0.000  0.526     0.00     0.00 -1    -1e-30      0.00 7.441e-01 2.555e-01 7.711e-05 2.262e-05 1.958e-04 -1.000 4.489e-04 0.206 0.730 0.794 0.315 -0.029 -0.362 -0.793 -1.138 -1.180
0.00042777 -1.56000 10.20412 0.7451404929 2.3979027271    0.672  1.840  3.7607  2.420    4  0.000  0.526     0.00     0.00 -1    -1e-30      0.00 7.441e-01 2.555e-01 7.711e-05 2.262e-05 1.958e-04 -1.000 4.489e-04 0.170 0.722 0.787 0.289 -0.065 -0.408 -0.852 -1.209 -1.253
0.00042777 -1.56000 10.20412 0.7451452613 2.3979048729    0.672  1.852  3.7565  2.391    4  0.000  0.526     0.00     0.00 -1    -1e-30      0.00 7.441e-01 2.555e-01 7.711e-05 2.262e-05 1.958e-04 -1.000 4.489e-04 0.139 0.717 0.780 0.267 -0.095 -0.446 -0.902 -1.268 -1.314
0.00042777 -1.56000 10.20412 0.7451481223 2.3979058266    0.672  1.861  3.7536  2.371    4  0.000  0.526     0.00     0.00 -1    -1e-30      0.00 7.441e-01 2.555e-01 7.711e-05 2.262e-05 1.958e-04 -1.000 4.489e-04 0.118 0.714 0.776 0.252 -0.116 -0.472 -0.935 -1.308 -1.356
0.00042777 -1.56000 10.20412 0.7451508045 2.3979070187    0.672  1.871  3.7503  2.348    4  0.000  0.526     0.00     0.00 -1    -1e-30      0.00 7.441e-01 2.555e-01 7.711e-05 2.262e-05 1.958e-04 -1.000 4.489e-04 0.093 0.709 0.769 0.234 -0.141 -0.503 -0.975 -1.355 -1.405
0.00042777 -1.56000 10.20412 0.7451528311 2.3979079723    0.672  1.880  3.7474  2.327    4  0.000  0.526     0.00     0.00 -1    -1e-30      0.00 7.441e-01 2.555e-01 7.711e-05 2.262e-05 1.958e-04 -1.000 4.489e-04 0.070 0.705 0.763 0.216 -0.164 -0.531 -1.011 -1.397 -1.449
0.00042777 -1.56000 10.20412 0.7451548576 2.3979086876    0.672  1.894  3.7437  2.298    4  0.000  0.526     0.00     0.00 -1    -1e-30      0.00 7.441e-01 2.555e-01 7.711e-05 2.262e-05 1.958e-04 -1.000 4.489e-04 0.035 0.696 0.749 0.189 -0.199 -0.572 -1.061 -1.455 -1.509
0.00042777 -1.56000 10.20412 0.7451568842 2.3979096413    0.672  1.911  3.7397  2.265    4  0.000  0.526     0.00     0.00 -1    -1e-30      0.00 7.441e-01 2.555e-01 7.711e-05 2.262e-05 1.958e-04 -1.000 4.489e-04 -0.008 0.681 0.730 0.155 -0.241 -0.621 -1.120 -1.523 -1.579
0.00042777 -1.56000 10.20412 0.7451587915 2.3979103565    0.672  1.937  3.7347  2.220    4  0.000  0.526     0.00     0.00 -1    -1e-30      0.00 7.441e-01 2.555e-01 7.711e-05 2.262e-05 1.958e-04 -1.000 4.489e-04 -0.072 0.662 0.696 0.102 -0.304 -0.693 -1.205 -1.619 -1.678
0.00042777 -1.56000 10.20412 0.7451602221 2.3979108334    0.672  1.965  3.7300  2.172    4  0.000  0.526     0.00     0.00 -1    -1e-30      0.00 7.441e-01 2.555e-01 7.711e-05 2.262e-05 1.958e-04 -1.000 4.489e-04 -0.143 0.633 0.654 0.041 -0.375 -0.772 -1.297 -1.722 -1.783
0.00042777 -1.56000 10.20412 0.7451613545 2.3979113102    0.672  1.997  3.7254  2.122    4  0.000  0.526     0.00     0.00 -1    -1e-30      0.00 7.441e-01 2.555e-01 7.711e-05 2.262e-05 1.958e-04 -1.000 4.489e-04 -0.222 0.600 0.605 -0.028 -0.453 -0.858 -1.395 -1.831 -1.894
0.00042777 -1.56000 10.20412 0.7451614141 2.3979113102    0.672  2.001  3.7249  2.116    7  0.000  0.526     0.00     0.00 -1    -1e-30      0.00 7.441e-01 2.555e-01 7.711e-05 2.262e-05 1.958e-04 -1.000 4.489e-04 -0.232 0.596 0.598 -0.036 -0.462 -0.868 -1.407 -1.844 -1.907
0.00042777 -1.56000 10.20412 0.7451621890 2.3979117870    0.672  2.034  3.7211  2.068    7  0.000  0.526     0.00     0.00 -1    -1e-30      0.00 7.441e-01 2.555e-01 7.711e-05 2.262e-05 1.958e-04 -1.000 4.489e-04 -0.314 0.552 0.541 -0.110 -0.543 -0.956 -1.505 -1.950 -2.016
0.00042777 -1.56000 10.20412 0.7451630235 2.3979120255    0.672  2.072  3.7171  2.014    7  0.000  0.526     0.00     0.00 -1    -1e-30      0.00 7.441e-01 2.555e-01 7.711e-05 2.262e-05 1.958e-04 -1.000 4.489e-04 -0.411 0.501 0.473 -0.196 -0.638 -1.058 -1.618 -2.073 -2.140
0.00042777 -1.56000 10.20412 0.7451638579 2.3979125023    0.672  2.112  3.7134  1.960    7  0.000  0.526     0.00     0.00 -1    -1e-30      0.00 7.441e-01 2.555e-01 7.711e-05 2.262e-05 1.958e-04 -1.000 4.489e-04 -0.509 0.450 0.402 -0.284 -0.734 -1.161 -1.732 -2.196 -2.265
0.00042777 -1.56000 10.20412 0.7451646924 2.3979127407    0.672  2.141  3.7108  1.920    7  0.000  0.526     0.00     0.00 -1    -1e-30      0.00 7.441e-01 2.555e-01 7.711e-05 2.262e-05 1.958e-04 -1.000 4.489e-04 -0.583 0.410 0.349 -0.350 -0.807 -1.238 -1.817 -2.287 -2.358
0.00042777 -1.56000 10.20412 0.7451658845 2.3979132175    0.672  2.174  3.7081  1.877    7  0.000  0.526     0.00     0.00 -1    -1e-30      0.00 7.441e-01 2.555e-01 7.711e-05 2.262e-05 1.958e-04 -1.000 4.489e-04 -0.664 0.367 0.289 -0.423 -0.886 -1.323 -1.910 -2.387 -2.458
0.00042777 -1.56000 10.20412 0.7451681495 2.3979141712    0.672  2.179  3.7079  1.871    7  0.000  0.526     0.00     0.00 -1    -1e-30      0.00 7.441e-01 2.555e-01 7.711e-05 2.262e-05 1.958e-04 -1.000 4.489e-04 -0.676 0.357 0.278 -0.435 -0.899 -1.335 -1.923 -2.401 -2.472
0.00042777 -1.56000 10.20412 0.7451713085 2.3979156017    0.672  2.159  3.7096  1.897    7  0.000  0.526     0.00     0.00 -1    -1e-30      0.00 7.441e-01 2.555e-01 7.711e-05 2.262e-05 1.958e-04 -1.000 4.489e-04 -0.627 0.382 0.314 -0.391 -0.850 -1.284 -1.866 -2.340 -2.410
0.00042777 -1.56000 10.20412 0.7451965213 2.3979258537    0.672  2.145  3.7102  1.913    7  0.000  0.526     0.00     0.00 -1    -1e-30      0.00 7.441e-01 2.555e-01 7.711e-05 2.262e-05 1.958e-04 -1.000 4.489e-04 -0.593 0.408 0.343 -0.359 -0.817 -1.249 -1.830 -2.302 -2.373
0.00042777 -1.56000 10.20412 0.7452129126 2.3979325294    0.672  2.180  3.7069  1.866    7  0.000  0.526     0.00     0.00 -1    -1e-30      0.00 7.441e-01 2.555e-01 7.711e-05 2.262e-05 1.958e-04 -1.000 4.489e-04 -0.679 0.368 0.284 -0.435 -0.900 -1.339 -1.930 -2.410 -2.482
0.00042777 -1.56000 10.20412 0.7452317476 2.3979403973    0.672  2.221  3.7034  1.811    7  0.000  0.526     0.00     0.00 -1    -1e-30      0.00 7.441e-01 2.555e-01 7.711e-05 2.262e-05 1.958e-04 -1.000 4.489e-04 -0.782 0.316 0.210 -0.526 -1.000 -1.446 -2.047 -2.537 -2.611
0.00042777 -1.56000 10.20412 0.7452502847 2.3979480267    0.672  2.262  3.7001  1.756    7  0.000  0.526     0.00     0.00 -1    -1e-30      0.00 7.441e-01 2.555e-01 7.711e-05 2.262e-05 1.958e-04 -1.000 4.489e-04 -0.886 0.262 0.135 -0.619 -1.101 -1.553 -2.165 -2.663 -2.738
0.00042777 -1.56000 10.20412 0.7452667356 2.3979547024    0.672  2.304  3.6969  1.702    7  0.000  0.526     0.00     0.00 -1    -1e-30      0.00 7.441e-01 2.555e-01 7.711e-05 2.262e-05 1.958e-04 -1.000 4.489e-04 -0.989 0.211 0.061 -0.711 -1.201 -1.659 -2.281 -2.788 -2.865
0.00042777 -1.56000 10.20412 0.7452811599 2.3979606628    0.673  2.345  3.6937  1.648    7  0.000  0.526     0.00     0.00 -1    -1e-30      0.00 7.441e-01 2.555e-01 7.711e-05 2.262e-05 1.958e-04 -1.000 4.489e-04 -1.092 0.160 -0.013 -0.803 -1.300 -1.764 -2.397 -2.913 -2.991
0.00042777 -1.56000 10.20412 0.7452939153 2.3979659081    0.673  2.386  3.6906  1.594    7  0.000  0.525     0.00     0.00 -1    -1e-30      0.00 7.441e-01 2.555e-01 7.708e-05 2.262e-05 1.958e-04 -1.000 4.489e-04 -1.195 0.109 -0.087 -0.894 -1.399 -1.870 -2.513 -3.037 -3.117
0.00042777 -1.56000 10.20412 0.7453050613 2.3979704380    0.673  2.427  3.6875  1.541    7  0.000  0.525     0.00     0.00 -1    -1e-30      0.00 7.441e-01 2.555e-01 7.697e-05 2.266e-05 1.958e-04 -1.000 4.489e-04 -1.297 0.062 -0.159 -0.984 -1.496 -1.973 -2.627 -3.161 -3.241
0.00042777 -1.56000 10.20412 0.7453148961 2.3979744911    0.673  2.468  3.6844  1.488    7  0.000  0.522     0.00     0.00 -1    -1e-30      0.00 7.441e-01 2.555e-01 7.659e-05 2.285e-05 1.958e-04 -1.000 4.449e-04 -1.399 0.027 -0.226 -1.073 -1.594 -2.077 -2.741 -3.284 -3.365
0.00042777 -1.56000 10.20412 0.7453238964 2.3979783058    0.673  2.508  3.6814  1.435    7  0.000  0.515     0.00     0.00 -1    -1e-30      0.00 7.441e-01 2.555e-01 7.559e-05 2.364e-05 1.958e-04 -1.000 4.399e-04 -1.500 0.012 -0.287 -1.163 -1.694 -2.182 -2.856 -3.408 -3.488
0.00042777 -1.56000 10.20412 0.7453321218 2.3979816437    0.673  2.548  3.6784  1.383    7  0.000  0.502     0.00     0.00 -1    -1e-30      0.00 7.441e-01 2.555e-01 7.376e-05 2.560e-05 1.958e-04 -1.000 4.461e-04 -1.601 0.005 -0.344 -1.251 -1.793 -2.287 -2.971 -3.530 -3.610
0.00042777 -1.56000 10.20412 0.7453398108 2.3979847431    0.673  2.589  3.6753  1.330    7  0.000  0.486     0.00     0.00 -1    -1e-30      0.00 7.440e-01 2.555e-01 7.150e-05 2.831e-05 1.958e-04 -1.000 4.490e-04 -1.702 0.008 -0.396 -1.337 -1.890 -2.391 -3.085 -3.652 -3.732
0.00042777 -1.56000 10.20412 0.7453470230 2.3979878426    0.673  2.629  3.6723  1.278    7  0.000  0.472     0.00     0.00 -1    -1e-30      0.00 7.440e-01 2.556e-01 6.937e-05 3.091e-05 1.958e-04 -1.000 4.489e-04 -1.802 0.018 -0.444 -1.422 -1.988 -2.496 -3.200 -3.775 -3.853
0.00042777 -1.56000 10.20412 0.7453538179 2.3979907036    0.673  2.669  3.6692  1.226    7  0.000  0.460     0.00     0.00 -1    -1e-30      0.00 7.439e-01 2.557e-01 6.758e-05 3.312e-05 1.957e-04 -1.000 4.488e-04 -1.902 0.038 -0.487 -1.505 -2.084 -2.599 -3.314 -3.897 -3.975
0.00042777 -1.56000 10.20412 0.7453604341 2.3979933262    0.673  2.709  3.6661  1.173    7  0.000  0.449     0.00     0.00 -1    -1e-30      0.00 7.438e-01 2.557e-01 6.604e-05 3.500e-05 1.957e-04 -1.000 4.489e-04 -2.003 0.066 -0.527 -1.586 -2.179 -2.702 -3.428 -4.019 -4.097
0.00042777 -1.56000 10.20412 0.7453666925 2.3979959488    0.673  2.750  3.6629  1.120    7  0.000  0.440     0.00     0.00 -1    -1e-30      0.00 7.437e-01 2.558e-01 6.474e-05 3.660e-05 1.957e-04 -1.000 4.489e-04 -2.104 0.104 -0.563 -1.666 -2.275 -2.806 -3.544 -4.143 -4.220
0.00042777 -1.56000 10.20412 0.7453723550 2.3979983330    0.673  2.791  3.6597  1.066    7  0.000  0.432     0.00     0.00 -1    -1e-30      0.00 7.436e-01 2.559e-01 6.356e-05 3.805e-05 1.957e-04 -1.000 4.485e-04 -2.206 0.153 -0.593 -1.746 -2.371 -2.911 -3.661 -4.268 -4.345
0.00042777 -1.56000 10.20412 0.7453768849 2.3980000019    0.673  2.830  3.6566  1.014    7  0.000  0.425     0.00     0.00 -1    -1e-30      0.00 7.435e-01 2.561e-01 6.253e-05 3.932e-05 1.956e-04 -1.000 4.457e-04 -2.306 0.191 -0.625 -1.820 -2.461 -3.010 -3.772 -4.389 -4.466
0.00042777 -1.56000 10.20412 0.7453805804 2.3980016708    0.673  2.870  3.6535  0.962    7  0.000  0.419     0.00     0.00 -1    -1e-30      0.00 7.434e-01 2.562e-01 6.163e-05 4.042e-05 1.956e-04 -1.000 4.466e-04 -2.404 0.209 -0.663 -1.891 -2.547 -3.106 -3.881 -4.508 -4.587
0.00042777 -1.56000 10.20412 0.7453837395 2.3980028629    0.673  2.908  3.6504  0.911    7  0.000  0.414     0.00     0.00 -1    -1e-30      0.00 7.432e-01 2.563e-01 6.088e-05 4.135e-05 1.955e-04 -1.000 4.485e-04 -2.500 0.230 -0.697 -1.960 -2.631 -3.199 -3.988 -4.624 -4.704
0.00042777 -1.56000 10.20412 0.7453867197 2.3980040550    0.673  2.947  3.6472  0.859    7  0.000  0.410     0.00     0.00 -1    -1e-30      0.00 7.431e-01 2.564e-01 6.027e-05 4.211e-05 1.953e-04 -1.000 4.489e-04 -2.598 0.260 -0.728 -2.028 -2.714 -3.293 -4.097 -4.743 -4.825
0.00042777 -1.56000 10.20412 0.7453896403 2.3980052471    0.673  2.989  3.6438  0.804    7  0.000  0.407     0.00     0.00 -1    -1e-30      0.00 7.430e-01 2.565e-01 5.979e-05 4.271e-05 1.952e-04 -1.000 4.489e-04 -2.702 0.294 -0.759 -2.098 -2.802 -3.392 -4.211 -4.868 -4.952
0.00042777 -1.56000 10.20412 0.7453924417 2.3980064392    0.673  3.037  3.6398  0.740    7  0.000  0.405     0.00     0.00 -1    -1e-30      0.00 7.429e-01 2.567e-01 5.939e-05 4.326e-05 1.950e-04 -1.000 4.489e-04 -2.822 0.337 -0.794 -2.178 -2.903 -3.507 -4.344 -5.014 -5.101
0.00042777 -1.56000 10.20412 0.7453937531 2.3980071545    0.673  3.071  3.6370  0.695    7  0.000  0.404     0.00     0.00 -1    -1e-30      0.00 7.428e-01 2.568e-01 5.919e-05 4.355e-05 1.949e-04 -1.000 4.489e-04 -2.907 0.371 -0.815 -2.232 -2.972 -3.586 -4.437 -5.116 -5.205
0.00042777 -1.56000 10.20412 0.7453938723 2.3980071545    0.673  3.086  3.6356  0.674    7  0.000  0.402     0.00     0.00 -1    -1e-30      0.00 7.427e-01 2.569e-01 5.883e-05 4.406e-05 1.947e-04 -1.000 4.489e-04 -2.946 0.390 -0.824 -2.256 -3.004 -3.622 -4.480 -5.165 -5.254
0.00042777 -1.56000 10.20412 0.7453941107 2.3980071545    0.673  3.105  3.6339  0.648    7  0.000  0.401     0.00     0.00 -1    -1e-30      0.00 7.426e-01 2.569e-01 5.857e-05 4.449e-05 1.944e-04 -1.000 4.489e-04 -2.993 0.413 -0.834 -2.285 -3.042 -3.666 -4.532 -5.222 -5.313
0.00042777 -1.56000 10.20412 0.7453944683 2.3980073929    0.673  3.128  3.6319  0.618    7  0.000  0.400     0.00     0.00 -1    -1e-30      0.00 7.425e-01 2.570e-01 5.834e-05 4.493e-05 1.941e-04 -1.000 4.489e-04 -3.050 0.439 -0.846 -2.320 -3.087 -3.719 -4.594 -5.291 -5.383
0.00042777 -1.56000 10.20412 0.7453950644 2.3980076313    0.673  3.165  3.6288  0.568    7  0.549  0.397     0.00     0.00 -1    -1e-30      0.00 7.424e-01 2.572e-01 5.785e-05 4.579e-05 1.937e-04 -1.000 4.489e-04 -3.142 0.480 -0.867 -2.377 -3.161 -3.804 -4.695 -5.403 -5.497
0.00042777 -1.56000 10.20412 0.7453952432 2.3980076313    0.673  3.173  3.6281  0.558    7  0.549  0.396     0.00     0.00 -1    -1e-30      0.00 7.423e-01 2.572e-01 5.771e-05 4.602e-05 1.936e-04 -1.000 4.489e-04 -3.161 0.490 -0.871 -2.388 -3.177 -3.822 -4.716 -5.426 -5.521
0.00042777 -1.56000 10.20412 0.7453953624 2.3980076313    0.673  3.414  3.6091  0.240    8  0.549  0.390   103.25    45.64  1 -1.77e-06      0.00 7.290e-01 2.706e-01 6.375e-05 5.931e-05 2.177e-04 -1.000 3.690e-04 -3.766 0.805 -0.944 -2.709 -3.633 -4.367 -5.368 -6.146 -6.260
0.00042777 -1.56000 10.20412 0.7453954220 2.3980076313    0.673  3.270  3.6167  0.414    8  0.549  0.390    70.85    32.95  1 -9.17e-07      0.00 7.290e-01 2.706e-01 6.375e-05 5.931e-05 2.177e-04 -1.000 3.690e-04 -3.405 0.729 -0.840 -2.484 -3.342 -4.032 -4.987 -5.739 -5.844
0.00042777 -1.56000 10.20412 0.7453954816 2.3980078697    0.673  3.119  3.6305  0.620    8  0.549  0.390    45.46    22.45  1  -4.5e-07      0.00 7.290e-01 2.706e-01 6.375e-05 5.931e-05 2.177e-04 -1.000 3.690e-04 -3.029 0.498 -0.803 -2.286 -3.058 -3.693 -4.576 -5.278 -5.371
0.00042777 -1.56000 10.20412 0.7453956008 2.3980078697    0.673  2.931  3.6476  0.877    8  0.549  0.390    26.13    13.91  1 -1.79e-07      0.00 7.290e-01 2.706e-01 6.375e-05 5.931e-05 2.177e-04 -1.000 3.690e-04 -2.558 0.273 -0.701 -1.993 -2.676 -3.253 -4.055 -4.700 -4.782
0.00042777 -1.56000 10.20412 0.7453958392 2.3980078697    0.673  2.938  3.6470  0.868    8  0.549  0.390    26.64    14.14  1 -1.85e-07      0.00 7.290e-01 2.706e-01 6.375e-05 5.931e-05 2.177e-04 -1.000 3.690e-04 -2.574 0.280 -0.705 -2.003 -2.690 -3.269 -4.073 -4.720 -4.802
0.00042777 -1.56000 10.20412 0.7453960776 2.3980081081    0.673  3.037  3.6380  0.733    8  0.550  0.390    35.68    18.19  1 -3.02e-07      0.00 7.290e-01 2.706e-01 6.375e-05 5.931e-05 2.177e-04 -1.000 3.690e-04 -2.822 0.394 -0.762 -2.161 -2.893 -3.502 -4.348 -5.025 -5.113
0.00042777 -1.56000 10.20412 0.7453963757 2.3980081081    0.673  3.188  3.6242  0.527    8  0.550  0.390    55.66    26.71  1 -6.24e-07      0.00 7.290e-01 2.706e-01 6.375e-05 5.931e-05 2.177e-04 -1.000 3.690e-04 -3.200 0.594 -0.829 -2.382 -3.190 -3.848 -4.762 -5.488 -5.586
0.00042777 -1.56000 10.20412 0.7453967333 2.3980083466    0.673  3.317  3.6125  0.351    8  0.550  0.390    81.32    37.05  1 -1.14e-06      0.00 7.290e-01 2.706e-01 6.375e-05 5.931e-05 2.177e-04 -1.000 3.690e-04 -3.521 0.813 -0.838 -2.535 -3.423 -4.133 -5.113 -5.880 -5.990
0.00042777 -1.56000 10.20412 0.7453970909 2.3980083466    0.673  3.401  3.6048  0.236    8  0.551  0.390   104.29    45.91  1 -1.67e-06      0.00 7.290e-01 2.706e-01 6.375e-05 5.931e-05 2.177e-04 -1.000 3.690e-04 -3.732 0.969 -0.830 -2.623 -3.567 -4.316 -5.339 -6.136 -6.254
0.00042777 -1.56000 10.20412 0.7453975677 2.3980085850    0.673  3.447  3.6005  0.173    8  0.551  0.390   119.60    51.65  0 -2.06e-06      0.00 7.290e-01 2.706e-01 6.375e-05 5.931e-05 2.177e-04 -1.000 3.690e-04 -3.848 1.057 -0.822 -2.668 -3.645 -4.414 -5.464 -6.276 -6.400
0.00042777 -1.56000 10.20412 0.7453980446 2.3980088234    0.673  3.471  3.5983  0.140    8  0.552  0.390   128.45    54.89  0  -2.3e-06      0.00 7.290e-01 2.706e-01 6.375e-05 5.931e-05 2.177e-04 -1.000 3.690e-04 -3.908 1.104 -0.815 -2.690 -3.684 -4.465 -5.528 -6.348 -6.476
0.00042777 -1.56000 10.20412 0.7453985810 2.3980090618    0.673  3.487  3.5984  0.124    8  0.552  0.390   132.94    56.49  0 -2.47e-06      0.00 7.290e-01 2.706e-01 6.375e-05 5.931e-05 2.177e-04 -1.000 3.690e-04 -3.948 1.082 -0.844 -2.725 -3.722 -4.505 -5.568 -6.388 -6.516
0.00042777 -1.56000 10.20412 0.7454007268 2.3980100155    0.554 -9.999  4.0000  1.705    9  0.554  0.000     0.00     0.00 -1    -1e-30      0.00 7.290e-01 2.706e-01 6.375e-05 5.931e-05 2.177e-04 -1.000 3.690e-04 29.767 29.791 30.042 30.092 30.085 30.076 30.121 30.117 30.133
#isochrone terminated
