# File generated by CMD 3.3 (http://stev.oapd.inaf.it/cmd) on Wed May 20 08:45:23 CEST 2020
# isochrones based on PARSEC release v1.2S +  COLIBRI S_35
# Basic references: Bressan et al. (2012), MNRAS, 427, 127 + Chen et al. (2014, 2015), MNRAS, 444, 2525 + MNRAS, 452, 1068 + Tang et al. (2014), MNRAS, 445, 4287 + Marigo et al. (2017), ApJ, 835, 77 + Pastorelli al. (2019), MNRAS in press
# Thermal pulse cycles included 
# On RGB, assumed Reimers mass loss with efficiency eta=0.2
# Photometric system: <i>UBVRIJHK</i> (cf. Maiz-Apellaniz 2006 + Bessell 1990)
# Using YBC version of bolometric corrections as in Chen et al. (2019)
# O-rich circumstellar dpmod60alox40 dust from Groenewegen (2006)
# C-rich circumstellar AMCSIC15 dust from Groenewegen (2006)
# IMF: Kroupa (2001, 2002) + Kroupa et al. (2013) canonical two-part-power law IMF corrected for unresolved binaries 
# Kind of output: isochrone tables
# Zini     MH   logAge Mini        int_IMF         Mass   logL    logTe  logg  label   McoreTP C_O  period0 period1 pmode  Mloss  tau1m   X   Y   Xc  Xn  Xo  Cexcess  Z 	 mbolmag  Umag    Bmag    Vmag    Rmag    Imag    Jmag    Hmag    Kmag
0.00015547 -2.00000 10.00000 0.0936335474 1.1156111956    0.094 -3.051  3.5131  5.464    1  0.000  0.545     0.00     0.00 -1 -6.77e-17      0.00 7.480e-01 2.519e-01 2.943e-05 7.939e-06 7.201e-05 -1.000 1.637e-04 12.397 18.248 16.046 14.150 12.826 11.618 10.510 10.231 10.157
0.00015547 -2.00000 10.00000 0.0987750962 1.1607921124    0.099 -2.892  3.5353  5.417    1  0.000  0.545     0.00     0.00 -1    -1e-16      0.00 7.469e-01 2.529e-01 2.943e-05 7.939e-06 7.201e-05 -1.000 1.636e-04 12.001 16.996 15.207 13.461 12.276 11.246 10.190 9.819 9.712
0.00015547 -2.00000 10.00000 0.1035686582 1.2002434731    0.103 -2.752  3.5549  5.375    1  0.000  0.545     0.00     0.00 -1 -1.42e-16      0.00 7.459e-01 2.539e-01 2.943e-05 7.939e-06 7.201e-05 -1.000 1.636e-04 11.650 15.959 14.479 12.892 11.804 10.911 9.909 9.474 9.347
0.00015547 -2.00000 10.00000 0.1234388798 1.3415665627    0.123 -2.477  3.5826  5.288    1  0.000  0.545     0.00     0.00 -1 -2.71e-16      0.00 7.432e-01 2.566e-01 2.943e-05 7.939e-06 7.201e-05 -1.000 1.637e-04 10.962 14.424 13.308 11.943 10.989 10.237 9.317 8.816 8.667
0.00015547 -2.00000 10.00000 0.1433091164 1.4560320377    0.143 -2.302  3.5961  5.232    1  0.000  0.545     0.00     0.00 -1 -4.02e-16      0.00 7.414e-01 2.584e-01 2.943e-05 7.940e-06 7.201e-05 -1.000 1.637e-04 10.524 13.630 12.665 11.396 10.509 9.802 8.923 8.402 8.242
0.00015547 -2.00000 10.00000 0.1631793380 1.5515257120    0.163 -2.165  3.6049  5.186    1  0.000  0.545     0.00     0.00 -1 -5.43e-16      0.00 7.403e-01 2.596e-01 2.943e-05 7.940e-06 7.201e-05 -1.000 1.636e-04 10.183 13.078 12.201 10.988 10.143 9.461 8.609 8.080 7.915
0.00015547 -2.00000 10.00000 0.2029198259 1.7036917210    0.203 -1.951  3.6167  5.114    1  0.000  0.545     0.00     0.00 -1 -8.67e-16      0.00 7.395e-01 2.604e-01 2.943e-05 7.940e-06 7.201e-05 -1.000 1.637e-04 9.647 12.278 11.511 10.368 9.576 8.926 8.108 7.575 7.406
0.00015547 -2.00000 10.00000 0.2525954247 1.8468697071    0.252 -1.753  3.6273  5.054    1  0.000  0.545     0.00     0.00 -1 -1.31e-15      0.00 7.396e-01 2.603e-01 2.943e-05 7.940e-06 7.201e-05 -1.000 1.636e-04 9.152 11.560 10.886 9.799 9.053 8.430 7.643 7.112 6.946
0.00015547 -2.00000 10.00000 0.3022710085 1.9574397802    0.302 -1.600  3.6361  5.014    1  0.000  0.545     0.00     0.00 -1 -1.79e-15      0.00 7.397e-01 2.601e-01 2.942e-05 7.941e-06 7.201e-05 -1.000 1.637e-04 8.770 11.004 10.404 9.360 8.649 8.047 7.287 6.762 6.600
0.00015547 -2.00000 10.00000 0.3519465625 2.0465965271    0.352 -1.474  3.6442  4.987    1  0.000  0.544     0.00     0.00 -1 -2.29e-15      0.00 7.400e-01 2.598e-01 2.940e-05 7.942e-06 7.201e-05 -1.000 1.636e-04 8.455 10.537 10.003 8.996 8.315 7.732 6.995 6.477 6.322
0.00015547 -2.00000 10.00000 0.4016221464 2.1207315922    0.401 -1.352  3.6530  4.957    1  0.000  0.545     0.00     0.00 -1 -2.93e-15      0.00 7.503e-01 2.496e-01 2.943e-05 7.939e-06 7.201e-05 -1.000 1.636e-04 8.150 10.072 9.609 8.640 7.990 7.427 6.715 6.207 6.059
0.00015547 -2.00000 10.00000 0.4512977004 2.1838121414    0.451 -1.202  3.6673  4.915    1  0.000  0.545     0.00     0.00 -1  -4.1e-15      0.00 7.507e-01 2.491e-01 2.943e-05 7.939e-06 7.201e-05 -1.000 1.636e-04 7.775 9.442 9.097 8.189 7.586 7.055 6.384 5.894 5.760
0.00015547 -2.00000 10.00000 0.5009732842 2.2384552956    0.501 -1.035  3.6840  4.861    1  0.000  0.545     0.00     0.00 -1 -6.08e-15      0.00 7.513e-01 2.486e-01 2.939e-05 7.929e-06 7.192e-05 -1.000 1.636e-04 7.357 8.743 8.534 7.695 7.144 6.646 6.022 5.558 5.439
0.00015547 -2.00000 10.00000 0.5506489277 2.2841949463    0.550 -0.840  3.7033  4.784    1  0.000  0.544     0.00     0.00 -1 -9.92e-15      0.00 7.792e-01 2.207e-01 2.628e-05 7.095e-06 6.437e-05 -1.000 1.013e-04 6.871 7.963 7.899 7.139 6.639 6.178 5.607 5.174 5.071
0.00015547 -2.00000 10.00000 0.5940754414 2.3170597553    0.594 -0.667  3.7243  4.728    1  0.000  0.544     0.00     0.00 -1 -1.52e-14      0.00 7.884e-01 2.114e-01 2.530e-05 6.832e-06 6.201e-05 -1.000 1.560e-04 6.437 7.261 7.327 6.650 6.197 5.774 5.257 4.860 4.773
0.00015547 -2.00000 10.00000 0.6003244519 2.3213412762    0.600 -0.643  3.7272  4.720    1  0.000  0.544     0.00     0.00 -1 -1.61e-14      0.00 7.897e-01 2.101e-01 2.516e-05 6.796e-06 6.168e-05 -1.000 1.637e-04 6.377 7.168 7.249 6.583 6.137 5.719 5.210 4.816 4.732
0.00015547 -2.00000 10.00000 0.6125001311 2.3293952942    0.612 -0.592  3.7340  4.705    1  0.000  0.544     0.00     0.00 -1 -1.82e-14      0.00 7.929e-01 2.069e-01 2.482e-05 6.705e-06 6.087e-05 -1.000 1.636e-04 6.250 6.968 7.083 6.443 6.011 5.605 5.112 4.729 4.650
0.00015547 -2.00000 10.00000 0.6271697283 2.3386228085    0.627 -0.531  3.7422  4.687    1  0.000  0.544     0.00     0.00 -1 -2.11e-14      0.00 7.971e-01 2.028e-01 2.439e-05 6.589e-06 5.983e-05 -1.000 1.463e-04 6.098 6.735 6.886 6.276 5.861 5.468 4.995 4.624 4.552
0.00015547 -2.00000 10.00000 0.6402659416 2.3464512825    0.640 -0.476  3.7494  4.670    1  0.000  0.543     0.00     0.00 -1 -2.42e-14      0.00 8.011e-01 1.988e-01 2.398e-05 6.480e-06 5.884e-05 -1.000 1.337e-04 5.961 6.532 6.713 6.129 5.729 5.349 4.892 4.530 4.464
0.00015547 -2.00000 10.00000 0.6499999762 2.3520355225    0.650 -0.435  3.7548  4.657    1  0.000  0.543     0.00     0.00 -1 -2.68e-14      0.00 8.041e-01 1.957e-01 2.366e-05 6.394e-06 5.807e-05 -1.000 1.341e-04 5.858 6.383 6.584 6.020 5.631 5.261 4.815 4.460 4.399
0.00015547 -2.00000 10.00000 0.6581508517 2.3565654755    0.658 -0.401  3.7591  4.645    1  0.000  0.543     0.00     0.00 -1 -2.92e-14      0.00 8.074e-01 1.925e-01 2.332e-05 6.304e-06 5.727e-05 -1.000 1.386e-04 5.771 6.260 6.477 5.929 5.549 5.186 4.750 4.400 4.342
0.00015547 -2.00000 10.00000 0.6706717610 2.3632783890    0.670 -0.347  3.7656  4.626    1  0.000  0.543     0.00     0.00 -1 -3.35e-14      0.00 8.127e-01 1.872e-01 2.277e-05 6.158e-06 5.595e-05 -1.000 1.146e-04 5.637 6.080 6.315 5.789 5.423 5.070 4.647 4.306 4.254
0.00015547 -2.00000 10.00000 0.6829990745 2.3696117401    0.683 -0.293  3.7720  4.605    1  0.000  0.542     0.00     0.00 -1 -3.84e-14      0.00 8.183e-01 1.815e-01 2.219e-05 6.003e-06 5.456e-05 -1.000 1.512e-04 5.503 5.905 6.155 5.651 5.297 4.954 4.544 4.210 4.164
0.00015547 -2.00000 10.00000 0.6939523816 2.3750226498    0.694 -0.245  3.7774  4.586    1  0.000  0.542     0.00     0.00 -1 -4.36e-14      0.00 8.237e-01 1.762e-01 2.163e-05 5.855e-06 5.323e-05 -1.000 1.636e-04 5.383 5.752 6.013 5.528 5.183 4.850 4.450 4.123 4.081
0.00015547 -2.00000 10.00000 0.6999999881 2.3779268265    0.700 -0.218  3.7804  4.575    1  0.000  0.542     0.00     0.00 -1 -4.67e-14      0.00 8.268e-01 1.731e-01 2.131e-05 5.769e-06 5.246e-05 -1.000 1.636e-04 5.316 5.667 5.935 5.459 5.120 4.792 4.398 4.074 4.035
0.00015547 -2.00000 10.00000 0.7003502250 2.3780932426    0.700 -0.217  3.7806  4.574    1  0.000  0.541     0.00     0.00 -1 -4.69e-14      0.00 8.270e-01 1.729e-01 2.129e-05 5.764e-06 5.242e-05 -1.000 1.632e-04 5.312 5.663 5.930 5.455 5.117 4.788 4.395 4.072 4.033
0.00015547 -2.00000 10.00000 0.7129241228 2.3839437962    0.713 -0.159  3.7864  4.547    1  0.000  0.539     0.00     0.00 -1 -5.48e-14      0.00 8.341e-01 1.658e-01 2.052e-05 5.577e-06 5.076e-05 -1.000 1.376e-04 5.167 5.491 5.764 5.308 4.981 4.662 4.281 3.966 3.932
0.00015547 -2.00000 10.00000 0.7250341177 2.3893582821    0.725 -0.102  3.7919  4.519    1  0.000  0.536     0.00     0.00 -1  -6.4e-14      0.00 8.406e-01 1.593e-01 1.984e-05 5.412e-06 4.931e-05 -1.000 8.148e-05 5.024 5.323 5.600 5.162 4.845 4.536 4.166 3.859 3.829
0.00015547 -2.00000 10.00000 0.7358090878 2.3940041065    0.735 -0.048  3.7966  4.491    1  0.000  0.534     0.00     0.00 -1 -7.41e-14      0.00 8.459e-01 1.540e-01 1.930e-05 5.282e-06 4.817e-05 -1.000 1.043e-04 4.891 5.172 5.449 5.026 4.719 4.418 4.058 3.758 3.731
0.00015547 -2.00000 10.00000 0.7459657192 2.3982422352    0.746  0.004  3.8010  4.463    1  0.000  0.532     0.00     0.00 -1 -8.58e-14      0.00 8.505e-01 1.494e-01 1.886e-05 5.177e-06 4.726e-05 -1.000 7.454e-05 4.760 5.027 5.302 4.893 4.594 4.300 3.950 3.658 3.634
0.00015547 -2.00000 10.00000 0.7500000000 2.3998889923    0.750  0.025  3.8027  4.450    1  0.000  0.531     0.00     0.00 -1 -9.12e-14      0.00 8.522e-01 1.478e-01 1.870e-05 5.142e-06 4.695e-05 -1.000 6.360e-05 4.706 4.969 5.242 4.837 4.542 4.251 3.905 3.616 3.593
0.00015547 -2.00000 10.00000 0.7574196458 2.4028651714    0.757  0.066  3.8061  4.428    1  0.000  0.531     0.00     0.00 -1 -1.02e-13      0.00 8.529e-01 1.471e-01 1.872e-05 5.150e-06 4.704e-05 -1.000 7.641e-05 4.606 4.860 5.129 4.734 4.445 4.160 3.821 3.538 3.517
0.00015547 -2.00000 10.00000 0.7659633756 2.4062101841    0.765  0.115  3.8099  4.399    1  0.000  0.530     0.00     0.00 -1 -1.18e-13      0.00 8.536e-01 1.464e-01 1.876e-05 5.162e-06 4.717e-05 -1.000 8.415e-05 4.483 4.728 4.991 4.608 4.327 4.048 3.718 3.442 3.423
0.00015547 -2.00000 10.00000 0.7741444111 2.4093339443    0.773  0.165  3.8135  4.368    1  0.000  0.530     0.00     0.00 -1 -1.36e-13      0.00 8.541e-01 1.458e-01 1.880e-05 5.175e-06 4.731e-05 -1.000 1.167e-04 4.358 4.597 4.852 4.479 4.205 3.933 3.611 3.342 3.325
0.00015547 -2.00000 10.00000 0.7817934155 2.4121863842    0.781  0.215  3.8169  4.335    1  0.000  0.529     0.00     0.00 -1 -1.57e-13      0.00 8.546e-01 1.453e-01 1.884e-05 5.189e-06 4.745e-05 -1.000 1.320e-04 4.233 4.467 4.714 4.350 4.082 3.816 3.502 3.241 3.225
0.00015547 -2.00000 10.00000 0.7910034657 2.4155371189    0.790  0.280  3.8209  4.291    1  0.000  0.529     0.00     0.00 -1 -1.91e-13      0.00 8.550e-01 1.449e-01 1.890e-05 5.209e-06 4.765e-05 -1.000 1.111e-04 4.070 4.299 4.535 4.182 3.922 3.662 3.358 3.106 3.091
0.00015547 -2.00000 10.00000 0.7995058894 2.4185516834    0.798  0.346  3.8242  4.242    1  0.000  0.529     0.00     0.00 -1 -2.34e-13      0.00 8.552e-01 1.447e-01 1.897e-05 5.229e-06 4.785e-05 -1.000 7.017e-05 3.904 4.130 4.355 4.011 3.757 3.504 3.207 2.963 2.948
0.00015547 -2.00000 10.00000 0.8000000119 2.4187245369    0.799  0.350  3.8244  4.240    1  0.000  0.529     0.00     0.00 -1 -2.37e-13      0.00 8.552e-01 1.447e-01 1.898e-05 5.230e-06 4.786e-05 -1.000 6.817e-05 3.894 4.120 4.344 4.001 3.747 3.494 3.198 2.955 2.940
0.00015547 -2.00000 10.00000 0.8010567427 2.4190936089    0.800  0.359  3.8248  4.234    1  0.000  0.529     0.00     0.00 -1 -2.43e-13      0.00 8.552e-01 1.447e-01 1.898e-05 5.232e-06 4.788e-05 -1.000 6.554e-05 3.873 4.099 4.321 3.979 3.727 3.475 3.180 2.937 2.922
0.00015547 -2.00000 10.00000 0.8070230484 2.4211561680    0.806  0.409  3.8269  4.195    1  0.000  0.529     0.00     0.00 -1 -2.84e-13      0.00 8.546e-01 1.452e-01 1.905e-05 5.250e-06 4.805e-05 -1.000 1.091e-04 3.747 3.972 4.185 3.850 3.601 3.354 3.064 2.826 2.812
0.00015547 -2.00000 10.00000 0.8136357665 2.4234015942    0.812  0.469  3.8285  4.145    1  0.000  0.529     0.00     0.00 -1 -3.44e-13      0.00 8.526e-01 1.473e-01 1.927e-05 5.309e-06 4.858e-05 -1.000 1.176e-04 3.598 3.823 4.027 3.696 3.452 3.207 2.922 2.688 2.674
0.00015547 -2.00000 10.00000 0.8149558902 2.4238448143    0.814  0.482  3.8286  4.133    1  0.000  0.529     0.00     0.00 -1 -3.61e-13      0.00 8.522e-01 1.477e-01 1.931e-05 5.321e-06 4.869e-05 -1.000 1.194e-04 3.566 3.791 3.993 3.663 3.419 3.175 2.890 2.657 2.643
0.00015547 -2.00000 10.00000 0.8157649636 2.4241156578    0.814  0.490  3.8286  4.125    1  0.000  0.529     0.00     0.00 -1 -3.72e-13      0.00 8.519e-01 1.479e-01 1.934e-05 5.329e-06 4.876e-05 -1.000 1.205e-04 3.544 3.770 3.971 3.641 3.397 3.153 2.868 2.635 2.621
0.00015547 -2.00000 10.00000 0.8203254342 2.4256308079    0.819  0.541  3.8275  4.072    1  0.000  0.529     0.00     0.00 -1  -4.4e-13      0.00 8.505e-01 1.494e-01 1.949e-05 5.370e-06 4.913e-05 -1.000 1.264e-04 3.418 3.649 3.845 3.514 3.269 3.024 2.736 2.502 2.487
0.00015547 -2.00000 10.00000 0.8246924877 2.4270637035    0.823  0.597  3.8239  4.004    1  0.000  0.529     0.00     0.00 -1  -5.4e-13      0.00 8.492e-01 1.507e-01 1.963e-05 5.409e-06 4.949e-05 -1.000 1.319e-04 3.278 3.519 3.712 3.375 3.124 2.874 2.577 2.337 2.321
0.00015547 -2.00000 10.00000 0.8254671693 2.4273159504    0.824  0.608  3.8229  3.990    1  0.000  0.529     0.00     0.00 -1 -5.64e-13      0.00 8.489e-01 1.510e-01 1.966e-05 5.416e-06 4.955e-05 -1.000 1.329e-04 3.251 3.495 3.687 3.348 3.096 2.844 2.546 2.303 2.287
0.00015547 -2.00000 10.00000 0.8261401653 2.4275348186    0.825  0.618  3.8217  3.975    2  0.000  0.529     0.00     0.00 -1 -5.89e-13      0.00 8.487e-01 1.512e-01 1.968e-05 5.422e-06 4.960e-05 -1.000 1.338e-04 3.225 3.472 3.665 3.323 3.069 2.815 2.513 2.268 2.252
0.00015547 -2.00000 10.00000 0.8283998370 2.4282662868    0.827  0.656  3.8158  3.915    2  0.000  0.529     0.00     0.00 -1 -6.85e-13      0.00 8.480e-01 1.519e-01 1.976e-05 5.442e-06 4.979e-05 -1.000 1.366e-04 3.130 3.391 3.586 3.231 2.968 2.705 2.389 2.132 2.114
0.00015547 -2.00000 10.00000 0.8301202059 2.4288203716    0.828  0.690  3.8084  3.852    2  0.000  0.529     0.00     0.00 -1 -7.94e-13      0.00 8.475e-01 1.524e-01 1.981e-05 5.457e-06 4.992e-05 -1.000 1.388e-04 3.046 3.325 3.525 3.153 2.876 2.601 2.268 1.997 1.976
0.00015547 -2.00000 10.00000 0.8314615488 2.4292504787    0.830  0.720  3.7996  3.788    2  0.000  0.529     0.00     0.00 -1 -9.16e-13      0.00 8.471e-01 1.528e-01 1.986e-05 5.469e-06 5.003e-05 -1.000 1.406e-04 2.970 3.274 3.480 3.084 2.792 2.502 2.149 1.860 1.836
0.00015547 -2.00000 10.00000 0.8325399160 2.4295949936    0.831  0.747  3.7900  3.722    2  0.000  0.529     0.00     0.00 -1 -1.05e-12      0.00 8.467e-01 1.531e-01 1.989e-05 5.479e-06 5.012e-05 -1.000 1.373e-04 2.902 3.238 3.447 3.025 2.715 2.409 2.033 1.726 1.696
0.00015547 -2.00000 10.00000 0.8334375024 2.4298810959    0.832  0.772  3.7800  3.657    2  0.000  0.530     0.00     0.00 -1  -1.2e-12      0.00 8.414e-01 1.585e-01 2.044e-05 5.627e-06 5.145e-05 -1.000 1.246e-04 2.839 3.214 3.424 2.973 2.644 2.322 1.923 1.596 1.561
0.00015547 -2.00000 10.00000 0.8342190981 2.4301295280    0.832  0.796  3.7705  3.596    2  0.000  0.532     0.00     0.00 -1 -1.36e-12      0.00 8.204e-01 1.794e-01 2.244e-05 6.162e-06 5.623e-05 -1.000 1.167e-04 2.780 3.200 3.403 2.923 2.577 2.240 1.819 1.476 1.435
0.00015547 -2.00000 10.00000 0.8349398375 2.4303581715    0.833  0.822  3.7619  3.537    2  0.000  0.534     0.00     0.00 -1 -1.54e-12      0.00 7.974e-01 2.025e-01 2.458e-05 6.736e-06 6.135e-05 -1.000 1.273e-04 2.716 3.182 3.377 2.870 2.508 2.157 1.716 1.357 1.310
0.00015547 -2.00000 10.00000 0.8356630802 2.4305872917    0.834  0.855  3.7542  3.472    2  0.000  0.536     0.00     0.00 -1  -1.8e-12      0.00 7.807e-01 2.191e-01 2.612e-05 7.148e-06 6.502e-05 -1.000 1.595e-04 2.632 3.146 3.329 2.796 2.420 2.055 1.596 1.224 1.171
0.00015547 -2.00000 10.00000 0.8362284303 2.4307658672    0.834  0.890  3.7490  3.417    2  0.000  0.536     0.00     0.00 -1 -2.07e-12      0.00 7.737e-01 2.262e-01 2.679e-05 7.325e-06 6.661e-05 -1.000 1.637e-04 2.544 3.093 3.265 2.716 2.330 1.956 1.486 1.105 1.048
0.00015547 -2.00000 10.00000 0.8367878795 2.4309425354    0.835  0.933  3.7449  3.358    2  0.000  0.537     0.00     0.00 -1 -2.44e-12      0.00 7.694e-01 2.305e-01 2.719e-05 7.432e-06 6.756e-05 -1.000 1.636e-04 2.438 3.017 3.179 2.616 2.222 1.842 1.361 0.973 0.913
0.00015547 -2.00000 10.00000 0.8368698359 2.4309682846    0.835  0.940  3.7445  3.349    2  0.000  0.537     0.00     0.00 -1 -2.52e-12      0.00 7.690e-01 2.309e-01 2.722e-05 7.443e-06 6.765e-05 -1.000 1.289e-04 2.419 3.002 3.163 2.599 2.204 1.823 1.340 0.952 0.891
0.00015547 -2.00000 10.00000 0.8373202085 2.4311103821    0.835  0.982  3.7421  3.298    3  0.000  0.537     0.00     0.00 -1 -2.93e-12      0.00 7.667e-01 2.332e-01 2.741e-05 7.493e-06 6.811e-05 -1.000 1.602e-04 2.316 2.916 3.071 2.499 2.099 1.714 1.226 0.833 0.771
0.00015547 -2.00000 10.00000 0.8378177881 2.4312667847    0.836  1.031  3.7397  3.240    3  0.000  0.537     0.00     0.00 -1  -3.5e-12      0.00 7.644e-01 2.355e-01 2.758e-05 7.539e-06 6.851e-05 -1.000 1.554e-04 2.194 2.813 2.961 2.381 1.977 1.588 1.093 0.695 0.631
0.00015547 -2.00000 10.00000 0.8382377028 2.4313988686    0.836  1.075  3.7379  3.189    3  0.000  0.537     0.00     0.00 -1 -4.11e-12      0.00 7.627e-01 2.372e-01 2.770e-05 7.570e-06 6.879e-05 -1.000 1.630e-04 2.083 2.718 2.860 2.274 1.867 1.475 0.975 0.572 0.508
0.00015547 -2.00000 10.00000 0.8386421800 2.4315257072    0.836  1.120  3.7362  3.137    3  0.000  0.537     0.00     0.00 -1 -4.84e-12      0.00 7.611e-01 2.387e-01 2.779e-05 7.595e-06 6.902e-05 -1.000 1.637e-04 1.970 2.619 2.755 2.165 1.754 1.360 0.855 0.448 0.383
0.00015547 -2.00000 10.00000 0.8390186429 2.4316439629    0.836  1.165  3.7346  3.086    3  0.000  0.537     0.00     0.00 -1 -5.68e-12      0.00 7.596e-01 2.402e-01 2.786e-05 7.617e-06 6.920e-05 -1.000 1.637e-04 1.859 2.521 2.651 2.056 1.643 1.246 0.736 0.326 0.260
0.00015547 -2.00000 10.00000 0.8393733501 2.4317550659    0.837  1.210  3.7332  3.036    3  0.000  0.536     0.00     0.00 -1 -6.68e-12      0.00 7.582e-01 2.416e-01 2.790e-05 7.636e-06 6.935e-05 -1.000 1.579e-04 1.746 2.420 2.546 1.946 1.531 1.132 0.617 0.203 0.136
0.00015547 -2.00000 10.00000 0.8397282958 2.4318661690    0.837  1.258  3.7317  2.981    3  0.000  0.536     0.00     0.00 -1 -7.95e-12      0.00 7.568e-01 2.430e-01 2.792e-05 7.658e-06 6.948e-05 -1.000 1.252e-04 1.625 2.312 2.432 1.828 1.410 1.008 0.490 0.072 0.004
0.00015547 -2.00000 10.00000 0.8400349617 2.4319620132    0.837  1.303  3.7302  2.930    3  0.000  0.535     0.00     0.00 -1 -9.36e-12      0.00 7.556e-01 2.442e-01 2.790e-05 7.686e-06 6.958e-05 -1.000 1.465e-04 1.512 2.212 2.326 1.718 1.297 0.893 0.370 -0.051 -0.119
0.00015547 -2.00000 10.00000 0.8403366208 2.4320561886    0.837  1.351  3.7287  2.876    3  0.000  0.533     0.00     0.00 -1 -1.11e-11      0.00 7.545e-01 2.454e-01 2.785e-05 7.734e-06 6.967e-05 -1.000 1.637e-04 1.392 2.106 2.214 1.600 1.178 0.771 0.244 -0.181 -0.250
0.00015547 -2.00000 10.00000 0.8406104445 2.4321417809    0.837  1.399  3.7272  2.823    3  0.000  0.531     0.00     0.00 -1 -1.32e-11      0.00 7.534e-01 2.464e-01 2.776e-05 7.808e-06 6.973e-05 -1.000 1.636e-04 1.273 2.001 2.103 1.485 1.060 0.651 0.119 -0.309 -0.378
0.00015547 -2.00000 10.00000 0.8408581018 2.4322190285    0.838  1.445  3.7257  2.771    3  0.000  0.529     0.00     0.00 -1 -1.56e-11      0.00 7.526e-01 2.472e-01 2.765e-05 7.906e-06 6.979e-05 -1.000 1.637e-04 1.157 1.900 1.995 1.372 0.944 0.532 -0.003 -0.435 -0.505
0.00015547 -2.00000 10.00000 0.8410839438 2.4322893620    0.838  1.491  3.7242  2.719    3  0.000  0.526     0.00     0.00 -1 -1.84e-11      0.00 7.519e-01 2.480e-01 2.753e-05 8.021e-06 6.983e-05 -1.000 1.636e-04 1.042 1.799 1.888 1.260 0.830 0.415 -0.125 -0.560 -0.631
0.00015547 -2.00000 10.00000 0.8412972093 2.4323558807    0.838  1.539  3.7227  2.665    3  0.000  0.524     0.00     0.00 -1 -2.18e-11      0.00 7.513e-01 2.486e-01 2.741e-05 8.144e-06 6.987e-05 -1.000 1.636e-04 0.923 1.694 1.777 1.145 0.712 0.295 -0.250 -0.689 -0.760
0.00015547 -2.00000 10.00000 0.8414878249 2.4324152470    0.838  1.585  3.7211  2.613    3  0.000  0.522     0.00     0.00 -1 -2.58e-11      0.00 7.508e-01 2.490e-01 2.730e-05 8.262e-06 6.989e-05 -1.000 1.637e-04 0.808 1.593 1.670 1.033 0.597 0.178 -0.371 -0.814 -0.886
0.00015547 -2.00000 10.00000 0.8416587114 2.4324684143    0.838  1.630  3.7195  2.561    3  0.000  0.520     0.00     0.00 -1 -3.03e-11      0.00 7.505e-01 2.494e-01 2.722e-05 8.350e-06 6.991e-05 -1.000 1.637e-04 0.696 1.495 1.567 0.924 0.485 0.064 -0.490 -0.937 -1.009
0.00015547 -2.00000 10.00000 0.8418188095 2.4325182438    0.838  1.676  3.7179  2.509    3  0.000  0.519     0.00     0.00 -1 -3.58e-11      0.00 7.502e-01 2.496e-01 2.716e-05 8.414e-06 6.992e-05 -1.000 1.637e-04 0.581 1.396 1.461 0.813 0.372 -0.053 -0.611 -1.062 -1.135
0.00015547 -2.00000 10.00000 0.8419610262 2.4325623512    0.838  1.720  3.7164  2.459    3  0.000  0.518     0.00     0.00 -1 -4.21e-11      0.00 7.501e-01 2.497e-01 2.713e-05 8.453e-06 6.993e-05 -1.000 1.637e-04 0.470 1.304 1.360 0.706 0.261 -0.166 -0.729 -1.183 -1.257
0.00015547 -2.00000 10.00000 0.8420938253 2.4326035976    0.837  1.765  3.7147  2.407    3  0.000  0.518     0.00     0.00 -1 -4.95e-11      0.00 7.500e-01 2.498e-01 2.711e-05 8.475e-06 6.993e-05 -1.000 1.637e-04 0.358 1.212 1.258 0.597 0.149 -0.281 -0.849 -1.307 -1.381
0.00015547 -2.00000 10.00000 0.8422172666 2.4326419830    0.837  1.810  3.7131  2.355    3  0.000  0.518     0.00     0.00 -1 -5.84e-11      0.00 7.500e-01 2.498e-01 2.711e-05 8.482e-06 6.993e-05 -1.000 1.637e-04 0.244 1.118 1.155 0.487 0.036 -0.397 -0.969 -1.432 -1.507
0.00015547 -2.00000 10.00000 0.8423305154 2.4326772690    0.837  1.856  3.7114  2.303    3  0.000  0.518     0.00     0.00 -1 -6.88e-11      0.00 7.500e-01 2.498e-01 2.711e-05 8.484e-06 6.994e-05 -1.000 1.636e-04 0.130 1.025 1.052 0.377 -0.077 -0.513 -1.090 -1.556 -1.632
0.00015547 -2.00000 10.00000 0.8424334526 2.4327092171    0.837  1.900  3.7097  2.251    3  0.000  0.518     0.00     0.00 -1  -8.1e-11      0.00 7.500e-01 2.498e-01 2.710e-05 8.485e-06 6.994e-05 -1.000 1.637e-04 0.019 0.935 0.952 0.270 -0.188 -0.627 -1.209 -1.679 -1.756
0.00015547 -2.00000 10.00000 0.8425297141 2.4327390194    0.837  1.946  3.7080  2.199    3  0.000  0.517     0.00     0.00 -1 -9.54e-11      0.00 7.500e-01 2.498e-01 2.710e-05 8.487e-06 6.994e-05 -1.000 1.637e-04 -0.094 0.845 0.852 0.162 -0.300 -0.741 -1.329 -1.803 -1.881
0.00015547 -2.00000 10.00000 0.8426175714 2.4327664375    0.836  1.990  3.7063  2.147    3  0.000  0.517     0.00     0.00 -1 -1.12e-10      0.00 7.500e-01 2.498e-01 2.710e-05 8.488e-06 6.994e-05 -1.000 1.636e-04 -0.206 0.756 0.752 0.055 -0.411 -0.855 -1.448 -1.927 -2.005
0.00015547 -2.00000 10.00000 0.8426954746 2.4327905178    0.836  2.033  3.7045  2.097    3  0.000  0.517     0.00     0.00 -1 -1.31e-10      0.00 7.500e-01 2.498e-01 2.710e-05 8.489e-06 6.994e-05 -1.000 1.637e-04 -0.313 0.673 0.658 -0.047 -0.517 -0.965 -1.563 -2.046 -2.125
0.00015547 -2.00000 10.00000 0.8427672386 2.4328129292    0.836  2.076  3.7028  2.047    3  0.000  0.517     0.00     0.00 -1 -1.53e-10      0.00 7.500e-01 2.498e-01 2.710e-05 8.490e-06 6.994e-05 -1.000 1.636e-04 -0.420 0.589 0.564 -0.149 -0.622 -1.073 -1.676 -2.164 -2.244
0.00015547 -2.00000 10.00000 0.8428345919 2.4328336716    0.835  2.119  3.7011  1.997    3  0.000  0.517     0.00     0.00 -1 -1.79e-10      0.00 7.500e-01 2.498e-01 2.710e-05 8.491e-06 6.994e-05 -1.000 1.637e-04 -0.527 0.504 0.469 -0.252 -0.729 -1.183 -1.791 -2.283 -2.364
0.00015547 -2.00000 10.00000 0.8428950906 2.4328525066    0.835  2.160  3.6993  1.949    3  0.000  0.517     0.00     0.00 -1 -2.09e-10      0.00 7.500e-01 2.499e-01 2.710e-05 8.492e-06 6.994e-05 -1.000 1.637e-04 -0.631 0.429 0.380 -0.350 -0.831 -1.289 -1.903 -2.399 -2.481
0.00015547 -2.00000 10.00000 0.8429557085 2.4328713417    0.834  2.203  3.6976  1.898    3  0.000  0.517     0.00     0.00 -1 -2.45e-10      0.00 7.500e-01 2.499e-01 2.710e-05 8.493e-06 6.994e-05 -1.000 1.637e-04 -0.738 0.350 0.287 -0.452 -0.938 -1.398 -2.018 -2.518 -2.601
0.00015547 -2.00000 10.00000 0.8430193663 2.4328911304    0.834  2.241  3.6961  1.854    3  0.000  0.517     0.00     0.00 -1 -2.81e-10      0.00 7.500e-01 2.499e-01 2.710e-05 8.494e-06 6.994e-05 -1.000 1.637e-04 -0.832 0.282 0.207 -0.541 -1.030 -1.494 -2.118 -2.622 -2.705
0.00015547 -2.00000 10.00000 0.8430525661 2.4329013824    0.833  2.255  3.6955  1.838    3  0.000  0.517     0.00     0.00 -1 -2.98e-10      0.00 7.500e-01 2.499e-01 2.710e-05 8.495e-06 6.994e-05 -1.000 1.637e-04 -0.868 0.256 0.176 -0.575 -1.066 -1.530 -2.156 -2.662 -2.746
0.00015547 -2.00000 10.00000 0.8430925012 2.4329137802    0.833  2.242  3.6964  1.855    3  0.000  0.517     0.00     0.00 -1 -2.85e-10      0.00 7.500e-01 2.499e-01 2.710e-05 8.495e-06 6.994e-05 -1.000 1.637e-04 -0.834 0.276 0.202 -0.544 -1.033 -1.496 -2.119 -2.622 -2.705
0.00015547 -2.00000 10.00000 0.8431000710 2.4329159260    0.833  2.249  3.6961  1.846    3  0.000  0.517     0.00     0.00 -1 -2.92e-10      0.00 7.500e-01 2.499e-01 2.710e-05 8.495e-06 6.994e-05 -1.000 1.636e-04 -0.852 0.263 0.187 -0.561 -1.050 -1.514 -2.138 -2.643 -2.726
0.00015547 -2.00000 10.00000 0.8431422114 2.4329290390    0.832  2.290  3.6942  1.797    3  0.000  0.517     0.00     0.00 -1 -3.36e-10      0.00 7.500e-01 2.499e-01 2.710e-05 8.496e-06 6.994e-05 -1.000 1.636e-04 -0.955 0.192 0.100 -0.658 -1.151 -1.619 -2.248 -2.758 -2.842
0.00015547 -2.00000 10.00000 0.8431847095 2.4329421520    0.832  2.333  3.6924  1.746    3  0.000  0.517     0.00     0.00 -1 -3.94e-10      0.00 7.500e-01 2.499e-01 2.710e-05 8.497e-06 6.994e-05 -1.000 1.637e-04 -1.064 0.113 0.008 -0.760 -1.259 -1.730 -2.365 -2.879 -2.964
0.00015547 -2.00000 10.00000 0.8432208300 2.4329533577    0.831  2.373  3.6906  1.699    3  0.000  0.517     0.00     0.00 -1 -4.55e-10      0.00 7.500e-01 2.499e-01 2.710e-05 8.497e-06 6.994e-05 -1.000 1.637e-04 -1.162 0.045 -0.074 -0.852 -1.355 -1.829 -2.470 -2.989 -3.075
0.00015547 -2.00000 10.00000 0.8432564139 2.4329645634    0.830  2.414  3.6887  1.650    3  0.000  0.517     0.00     0.00 -1  -5.3e-10      0.00 7.500e-01 2.499e-01 2.709e-05 8.498e-06 6.994e-05 -1.000 1.636e-04 -1.265 -0.024 -0.159 -0.948 -1.456 -1.934 -2.581 -3.105 -3.191
0.00015547 -2.00000 10.00000 0.8432895541 2.4329748154    0.830  2.455  3.6868  1.601    3  0.000  0.517     0.00     0.00 -1 -6.17e-10      0.00 7.500e-01 2.499e-01 2.709e-05 8.498e-06 6.994e-05 -1.000 1.637e-04 -1.368 -0.092 -0.244 -1.044 -1.556 -2.038 -2.692 -3.221 -3.308
0.00015547 -2.00000 10.00000 0.8433185816 2.4329836369    0.829  2.494  3.6850  1.555    3  0.000  0.517     0.00     0.00 -1 -7.11e-10      0.00 7.500e-01 2.499e-01 2.709e-05 8.499e-06 6.995e-05 -1.000 1.637e-04 -1.464 -0.112 -0.310 -1.136 -1.655 -2.140 -2.799 -3.333 -3.418
0.00015547 -2.00000 10.00000 0.8433473110 2.4329926968    0.828  2.535  3.6831  1.506    3  0.000  0.517     0.00     0.00 -1 -8.27e-10      0.00 7.500e-01 2.499e-01 2.709e-05 8.499e-06 6.995e-05 -1.000 1.637e-04 -1.566 -0.133 -0.380 -1.232 -1.760 -2.248 -2.912 -3.452 -3.535
0.00015547 -2.00000 10.00000 0.8433728814 2.4330005646    0.827  2.573  3.6813  1.459    3  0.000  0.517     0.00     0.00 -1 -9.55e-10      0.00 7.499e-01 2.499e-01 2.709e-05 8.499e-06 6.995e-05 -1.000 1.637e-04 -1.663 -0.232 -0.467 -1.319 -1.849 -2.343 -3.014 -3.558 -3.645
0.00015547 -2.00000 10.00000 0.8433966637 2.4330079556    0.826  2.612  3.6794  1.413    3  0.000  0.517     0.00     0.00 -1  -1.1e-09      0.00 7.499e-01 2.499e-01 2.709e-05 8.500e-06 6.995e-05 -1.000 1.637e-04 -1.760 -0.262 -0.533 -1.407 -1.945 -2.443 -3.120 -3.669 -3.755
0.00015547 -2.00000 10.00000 0.8434193134 2.4330148697    0.825  2.651  3.6775  1.365    3  0.000  0.517     0.00     0.00 -1 -1.27e-09      0.00 7.499e-01 2.499e-01 2.709e-05 8.500e-06 6.995e-05 -1.000 1.637e-04 -1.858 -0.288 -0.598 -1.496 -2.041 -2.544 -3.227 -3.781 -3.867
0.00015547 -2.00000 10.00000 0.8434437513 2.4330224991    0.824  2.696  3.6752  1.310    3  0.000  0.517     0.00     0.00 -1 -1.51e-09      0.00 7.499e-01 2.499e-01 2.709e-05 8.501e-06 6.995e-05 -1.000 1.637e-04 -1.971 -0.311 -0.670 -1.597 -2.153 -2.661 -3.352 -3.911 -3.997
0.00015547 -2.00000 10.00000 0.8434633613 2.4330286980    0.823  2.736  3.6732  1.262    3  0.000  0.517     0.00     0.00 -1 -1.74e-09      0.00 7.499e-01 2.499e-01 2.709e-05 8.501e-06 6.995e-05 -1.000 1.637e-04 -2.069 -0.326 -0.730 -1.684 -2.249 -2.763 -3.460 -4.024 -4.110
0.00015547 -2.00000 10.00000 0.8434836268 2.4330348969    0.821  2.779  3.6709  1.209    3  0.000  0.517     0.00     0.00 -1 -2.05e-09      0.00 7.499e-01 2.499e-01 2.709e-05 8.501e-06 6.995e-05 -1.000 1.637e-04 -2.178 -0.331 -0.790 -1.779 -2.355 -2.875 -3.580 -4.151 -4.235
0.00015547 -2.00000 10.00000 0.8435003161 2.4330401421    0.820  2.817  3.6690  1.162    3  0.000  0.517     0.00     0.00 -1 -2.37e-09      0.00 7.499e-01 2.499e-01 2.709e-05 8.501e-06 6.995e-05 -1.000 1.636e-04 -2.274 -0.333 -0.843 -1.861 -2.449 -2.974 -3.686 -4.262 -4.346
0.00015547 -2.00000 10.00000 0.8435173035 2.4330453873    0.818  2.859  3.6667  1.110    3  0.000  0.517     0.00     0.00 -1 -2.77e-09      0.00 7.499e-01 2.499e-01 2.709e-05 8.502e-06 6.995e-05 -1.000 1.637e-04 -2.377 -0.319 -0.892 -1.948 -2.549 -3.082 -3.802 -4.383 -4.467
0.00015547 -2.00000 10.00000 0.8435314894 2.4330496788    0.816  2.896  3.6647  1.065    3  0.000  0.517     0.00     0.00 -1 -3.18e-09      0.00 7.499e-01 2.499e-01 2.709e-05 8.502e-06 6.995e-05 -1.000 1.636e-04 -2.470 -0.307 -0.935 -2.026 -2.638 -3.177 -3.904 -4.491 -4.574
0.00015547 -2.00000 10.00000 0.8435462713 2.4330542088    0.814  2.937  3.6625  1.013    3  0.000  0.517     0.00     0.00 -1 -3.72e-09      0.00 7.499e-01 2.499e-01 2.709e-05 8.502e-06 6.995e-05 -1.000 1.636e-04 -2.573 -0.279 -0.977 -2.110 -2.737 -3.284 -4.020 -4.612 -4.694
0.00015547 -2.00000 10.00000 0.8435613513 2.4330589771    0.812  2.982  3.6600  0.957    3  0.000  0.517     0.00     0.00 -1  -4.4e-09      0.00 7.499e-01 2.499e-01 2.709e-05 8.502e-06 6.995e-05 -1.000 1.637e-04 -2.685 -0.232 -1.011 -2.197 -2.843 -3.400 -4.145 -4.744 -4.825
0.00015547 -2.00000 10.00000 0.8435735703 2.4330627918    0.809  3.021  3.6577  0.908    3  0.000  0.517     0.00     0.00 -1 -5.11e-09      0.00 7.499e-01 2.499e-01 2.709e-05 8.503e-06 6.995e-05 -1.000 1.637e-04 -2.783 -0.179 -1.034 -2.269 -2.933 -3.500 -4.255 -4.859 -4.940
0.00015547 -2.00000 10.00000 0.8435840607 2.4330658913    0.807  3.056  3.6557  0.863    3  0.000  0.517     0.00     0.00 -1 -5.84e-09      0.00 7.499e-01 2.499e-01 2.709e-05 8.503e-06 6.995e-05 -1.000 1.637e-04 -2.871 -0.173 -1.072 -2.335 -3.012 -3.587 -4.351 -4.961 -5.043
0.00015547 -2.00000 10.00000 0.8435948491 2.4330692291    0.804  3.095  3.6534  0.814    3  0.000  0.517     0.00     0.00 -1 -6.76e-09      0.00 7.499e-01 2.499e-01 2.709e-05 8.503e-06 6.995e-05 -1.000 1.636e-04 -2.967 -0.164 -1.110 -2.408 -3.099 -3.683 -4.457 -5.073 -5.155
0.00015547 -2.00000 10.00000 0.8436059356 2.4330728054    0.801  3.137  3.6509  0.760    3  0.000  0.517     0.00     0.00 -1 -7.93e-09      0.00 7.499e-01 2.499e-01 2.709e-05 8.503e-06 6.995e-05 -1.000 1.636e-04 -3.072 -0.151 -1.151 -2.486 -3.193 -3.787 -4.572 -5.195 -5.278
0.00015547 -2.00000 10.00000 0.8436151743 2.4330756664    0.798  3.174  3.6487  0.713    3  0.000  0.517     0.00     0.00 -1 -9.14e-09      0.00 7.499e-01 2.499e-01 2.709e-05 8.503e-06 6.995e-05 -1.000 1.637e-04 -3.164 -0.139 -1.187 -2.554 -3.276 -3.879 -4.673 -5.302 -5.387
0.00015547 -2.00000 10.00000 0.8436245918 2.4330785275    0.794  3.213  3.6463  0.662    3  0.000  0.517     0.00     0.00 -1 -1.06e-08      0.00 7.499e-01 2.499e-01 2.709e-05 8.503e-06 6.995e-05 -1.000 1.636e-04 -3.262 -0.125 -1.224 -2.625 -3.362 -3.974 -4.780 -5.416 -5.501
0.00015547 -2.00000 10.00000 0.8436332345 2.4330811501    0.790  3.249  3.6442  0.615    3  0.000  0.517     0.00     0.00 -1 -1.23e-08      0.00 7.499e-01 2.499e-01 2.709e-05 8.503e-06 6.995e-05 -1.000 1.636e-04 -3.353 -0.111 -1.257 -2.690 -3.442 -4.063 -4.879 -5.521 -5.607
0.00015547 -2.00000 10.00000 0.8436356783 2.4330818653    0.789  3.258  3.6437  0.603    3  0.000  0.517     0.00     0.00 -1 -1.28e-08      0.00 7.499e-01 2.499e-01 2.709e-05 8.503e-06 6.995e-05 -1.000 1.637e-04 -3.375 -0.107 -1.265 -2.706 -3.462 -4.085 -4.903 -5.547 -5.634
0.00015547 -2.00000 10.00000 0.8436356783 2.4330818653    0.788  1.716  3.8352  2.911    4  0.000  0.531     0.00     0.00 -1    -1e-30      0.00 7.542e-01 2.457e-01 2.759e-05 7.774e-06 6.934e-05 -1.000 1.637e-04 0.479 0.751 0.762 0.495 0.291 0.082 -0.180 -0.371 -0.391
0.00015547 -2.00000 10.00000 0.8436669707 2.4330916405    0.788  1.737  3.8244  2.847    4  0.000  0.531     0.00     0.00 -1    -1e-30      0.00 7.542e-01 2.457e-01 2.759e-05 7.774e-06 6.934e-05 -1.000 1.637e-04 0.427 0.722 0.750 0.455 0.231 0.001 -0.287 -0.501 -0.523
0.00015547 -2.00000 10.00000 0.8437228203 2.4331088066    0.789  1.741  3.8233  2.839    4  0.000  0.531     0.00     0.00 -1    -1e-30      0.00 7.542e-01 2.457e-01 2.759e-05 7.774e-06 6.934e-05 -1.000 1.637e-04 0.417 0.715 0.744 0.447 0.220 -0.011 -0.302 -0.518 -0.541
0.00015547 -2.00000 10.00000 0.8437768221 2.4331254959    0.789  1.742  3.8238  2.841    4  0.000  0.531     0.00     0.00 -1    -1e-30      0.00 7.542e-01 2.457e-01 2.759e-05 7.775e-06 6.934e-05 -1.000 1.636e-04 0.416 0.712 0.740 0.445 0.219 -0.012 -0.301 -0.516 -0.538
0.00015547 -2.00000 10.00000 0.8438317776 2.4331426620    0.789  1.742  3.8247  2.844    4  0.000  0.531     0.00     0.00 -1    -1e-30      0.00 7.542e-01 2.457e-01 2.759e-05 7.775e-06 6.934e-05 -1.000 1.636e-04 0.415 0.709 0.735 0.442 0.218 -0.011 -0.298 -0.511 -0.533
0.00015547 -2.00000 10.00000 0.8438888192 2.4331603050    0.789  1.742  3.8258  2.848    4  0.000  0.531     0.00     0.00 -1    -1e-30      0.00 7.542e-01 2.457e-01 2.759e-05 7.775e-06 6.934e-05 -1.000 1.637e-04 0.414 0.705 0.730 0.440 0.218 -0.009 -0.293 -0.504 -0.525
0.00015547 -2.00000 10.00000 0.8439427614 2.4331769943    0.789  1.743  3.8270  2.852    4  0.000  0.531     0.00     0.00 -1    -1e-30      0.00 7.541e-01 2.457e-01 2.759e-05 7.776e-06 6.934e-05 -1.000 1.637e-04 0.413 0.702 0.725 0.438 0.219 -0.006 -0.287 -0.495 -0.517
0.00015547 -2.00000 10.00000 0.8439994454 2.4331943989    0.789  1.743  3.8284  2.858    4  0.000  0.531     0.00     0.00 -1    -1e-30      0.00 7.541e-01 2.457e-01 2.759e-05 7.776e-06 6.934e-05 -1.000 1.636e-04 0.413 0.699 0.720 0.436 0.219 -0.002 -0.281 -0.485 -0.507
0.00015547 -2.00000 10.00000 0.8440555930 2.4332118034    0.789  1.743  3.8298  2.864    4  0.000  0.531     0.00     0.00 -1    -1e-30      0.00 7.541e-01 2.457e-01 2.759e-05 7.776e-06 6.935e-05 -1.000 1.637e-04 0.414 0.696 0.714 0.434 0.221 0.001 -0.273 -0.475 -0.496
0.00015547 -2.00000 10.00000 0.8441121578 2.4332292080    0.789  1.743  3.8312  2.869    4  0.000  0.531     0.00     0.00 -1    -1e-30      0.00 7.541e-01 2.457e-01 2.759e-05 7.776e-06 6.935e-05 -1.000 1.637e-04 0.414 0.694 0.709 0.433 0.222 0.005 -0.266 -0.465 -0.486
0.00015547 -2.00000 10.00000 0.8441652656 2.4332456589    0.789  1.743  3.8323  2.874    4  0.000  0.531     0.00     0.00 -1    -1e-30      0.00 7.541e-01 2.457e-01 2.759e-05 7.777e-06 6.935e-05 -1.000 1.636e-04 0.414 0.692 0.705 0.432 0.223 0.008 -0.261 -0.457 -0.477
0.00015547 -2.00000 10.00000 0.8442234993 2.4332637787    0.789  1.743  3.8332  2.877    4  0.000  0.531     0.00     0.00 -1    -1e-30      0.00 7.541e-01 2.457e-01 2.759e-05 7.777e-06 6.935e-05 -1.000 1.636e-04 0.413 0.690 0.701 0.430 0.223 0.010 -0.256 -0.450 -0.471
0.00015547 -2.00000 10.00000 0.8442803025 2.4332811832    0.789  1.743  3.8338  2.879    4  0.000  0.531     0.00     0.00 -1    -1e-30      0.00 7.541e-01 2.457e-01 2.759e-05 7.777e-06 6.935e-05 -1.000 1.637e-04 0.413 0.688 0.698 0.429 0.223 0.011 -0.254 -0.447 -0.467
0.00015547 -2.00000 10.00000 0.8443377614 2.4332990646    0.789  1.743  3.8339  2.879    4  0.000  0.531     0.00     0.00 -1    -1e-30      0.00 7.541e-01 2.457e-01 2.759e-05 7.778e-06 6.935e-05 -1.000 1.637e-04 0.411 0.686 0.696 0.427 0.222 0.010 -0.255 -0.447 -0.468
0.00015547 -2.00000 10.00000 0.8443963528 2.4333171844    0.789  1.744  3.8336  2.877    4  0.000  0.531     0.00     0.00 -1    -1e-30      0.00 7.541e-01 2.457e-01 2.759e-05 7.778e-06 6.935e-05 -1.000 1.637e-04 0.409 0.685 0.696 0.426 0.220 0.008 -0.258 -0.452 -0.472
0.00015547 -2.00000 10.00000 0.8444199562 2.4333243370    0.789  1.745  3.8333  2.876    4  0.000  0.531     0.00     0.00 -1    -1e-30      0.00 7.541e-01 2.457e-01 2.759e-05 7.778e-06 6.935e-05 -1.000 1.636e-04 0.409 0.685 0.696 0.425 0.218 0.006 -0.261 -0.454 -0.475
0.00015547 -2.00000 10.00000 0.8444519043 2.4333343506    0.789  1.745  3.8326  2.873    4  0.000  0.531     0.00     0.00 -1    -1e-30      0.00 7.541e-01 2.457e-01 2.759e-05 7.778e-06 6.935e-05 -1.000 1.636e-04 0.407 0.685 0.697 0.424 0.216 0.003 -0.266 -0.461 -0.482
0.00015547 -2.00000 10.00000 0.8445116282 2.4333527088    0.789  1.747  3.8310  2.865    4  0.000  0.531     0.00     0.00 -1    -1e-30      0.00 7.541e-01 2.457e-01 2.759e-05 7.778e-06 6.935e-05 -1.000 1.637e-04 0.404 0.684 0.699 0.423 0.211 -0.006 -0.277 -0.476 -0.497
0.00015547 -2.00000 10.00000 0.8445661068 2.4333696365    0.789  1.748  3.8289  2.855    4  0.000  0.531     0.00     0.00 -1    -1e-30      0.00 7.541e-01 2.457e-01 2.759e-05 7.779e-06 6.935e-05 -1.000 1.637e-04 0.400 0.685 0.704 0.422 0.206 -0.015 -0.292 -0.496 -0.517
0.00015547 -2.00000 10.00000 0.8446218967 2.4333868027    0.790  1.750  3.8261  2.842    4  0.000  0.531     0.00     0.00 -1    -1e-30      0.00 7.541e-01 2.457e-01 2.759e-05 7.779e-06 6.935e-05 -1.000 1.637e-04 0.395 0.686 0.710 0.420 0.199 -0.027 -0.311 -0.520 -0.542
0.00015547 -2.00000 10.00000 0.8446812034 2.4334051609    0.790  1.752  3.8224  2.825    4  0.000  0.531     0.00     0.00 -1    -1e-30      0.00 7.541e-01 2.458e-01 2.759e-05 7.779e-06 6.935e-05 -1.000 1.637e-04 0.389 0.688 0.718 0.419 0.191 -0.042 -0.335 -0.553 -0.575
0.00015547 -2.00000 10.00000 0.8447403312 2.4334232807    0.790  1.755  3.8181  2.805    4  0.000  0.531     0.00     0.00 -1    -1e-30      0.00 7.541e-01 2.458e-01 2.759e-05 7.780e-06 6.936e-05 -1.000 1.636e-04 0.382 0.691 0.728 0.418 0.181 -0.060 -0.363 -0.591 -0.614
0.00015547 -2.00000 10.00000 0.8447979689 2.4334411621    0.790  1.758  3.8133  2.782    4  0.000  0.531     0.00     0.00 -1    -1e-30      0.00 7.541e-01 2.458e-01 2.759e-05 7.780e-06 6.936e-05 -1.000 1.636e-04 0.374 0.695 0.739 0.416 0.170 -0.080 -0.394 -0.633 -0.657
0.00015547 -2.00000 10.00000 0.8448310494 2.4334514141    0.790  1.760  3.8104  2.769    4  0.000  0.531     0.00     0.00 -1    -1e-30      0.00 7.541e-01 2.458e-01 2.759e-05 7.780e-06 6.936e-05 -1.000 1.637e-04 0.369 0.697 0.747 0.416 0.163 -0.092 -0.414 -0.659 -0.684
0.00015547 -2.00000 10.00000 0.8448844552 2.4334678650    0.790  1.764  3.8054  2.745    4  0.000  0.531     0.00     0.00 -1    -1e-30      0.00 7.541e-01 2.458e-01 2.759e-05 7.780e-06 6.936e-05 -1.000 1.637e-04 0.360 0.702 0.762 0.415 0.152 -0.113 -0.446 -0.703 -0.729
0.00015547 -2.00000 10.00000 0.8449409008 2.4334852695    0.790  1.768  3.8001  2.720    4  0.000  0.531     0.00     0.00 -1    -1e-30      0.00 7.541e-01 2.458e-01 2.759e-05 7.781e-06 6.936e-05 -1.000 1.636e-04 0.350 0.707 0.776 0.414 0.140 -0.135 -0.482 -0.751 -0.779
0.00015547 -2.00000 10.00000 0.8449967504 2.4335024357    0.790  1.772  3.7949  2.695    4  0.000  0.531     0.00     0.00 -1    -1e-30      0.00 7.541e-01 2.458e-01 2.759e-05 7.781e-06 6.936e-05 -1.000 1.637e-04 0.340 0.713 0.791 0.412 0.127 -0.157 -0.517 -0.798 -0.828
0.00015547 -2.00000 10.00000 0.8450539112 2.4335200787    0.790  1.777  3.7892  2.667    4  0.000  0.531     0.00     0.00 -1    -1e-30      0.00 7.541e-01 2.458e-01 2.759e-05 7.781e-06 6.936e-05 -1.000 1.637e-04 0.327 0.719 0.806 0.410 0.113 -0.181 -0.556 -0.850 -0.882
0.00015547 -2.00000 10.00000 0.8451083899 2.4335367680    0.790  1.782  3.7840  2.641    4  0.000  0.531     0.00     0.00 -1    -1e-30      0.00 7.540e-01 2.458e-01 2.759e-05 7.781e-06 6.936e-05 -1.000 1.637e-04 0.315 0.724 0.819 0.407 0.100 -0.205 -0.593 -0.899 -0.933
0.00015547 -2.00000 10.00000 0.8451628685 2.4335536957    0.790  1.787  3.7794  2.618    4  0.000  0.531     0.00     0.00 -1    -1e-30      0.00 7.540e-01 2.458e-01 2.759e-05 7.782e-06 6.936e-05 -1.000 1.637e-04 0.302 0.729 0.828 0.402 0.086 -0.226 -0.626 -0.943 -0.979
0.00015547 -2.00000 10.00000 0.8452166915 2.4335701466    0.790  1.793  3.7750  2.595    4  0.000  0.531     0.00     0.00 -1    -1e-30      0.00 7.540e-01 2.458e-01 2.759e-05 7.782e-06 6.936e-05 -1.000 1.637e-04 0.287 0.734 0.836 0.396 0.071 -0.250 -0.661 -0.989 -1.026
0.00015547 -2.00000 10.00000 0.8452712893 2.4335870743    0.790  1.800  3.7710  2.572    4  0.000  0.531     0.00     0.00 -1    -1e-30      0.00 7.540e-01 2.458e-01 2.759e-05 7.782e-06 6.936e-05 -1.000 1.637e-04 0.271 0.736 0.839 0.387 0.054 -0.274 -0.696 -1.034 -1.073
0.00015547 -2.00000 10.00000 0.8453255296 2.4336037636    0.790  1.807  3.7674  2.551    4  0.000  0.531     0.00     0.00 -1    -1e-30      0.00 7.540e-01 2.458e-01 2.759e-05 7.783e-06 6.936e-05 -1.000 1.637e-04 0.253 0.736 0.840 0.376 0.036 -0.299 -0.730 -1.076 -1.117
0.00015547 -2.00000 10.00000 0.8453610539 2.4336147308    0.790  1.805  3.7678  2.554    4  0.000  0.531     0.00     0.00 -1    -1e-30      0.00 7.540e-01 2.458e-01 2.759e-05 7.783e-06 6.936e-05 -1.000 1.637e-04 0.257 0.737 0.842 0.379 0.040 -0.294 -0.724 -1.070 -1.110
0.00015547 -2.00000 10.00000 0.8454145789 2.4336311817    0.790  1.816  3.7631  2.524    4  0.000  0.531     0.00     0.00 -1    -1e-30      0.00 7.540e-01 2.458e-01 2.759e-05 7.783e-06 6.936e-05 -1.000 1.637e-04 0.229 0.732 0.839 0.360 0.012 -0.331 -0.773 -1.129 -1.172
0.00015547 -2.00000 10.00000 0.8454698920 2.4336481094    0.790  1.832  3.7577  2.487    4  0.000  0.531     0.00     0.00 -1    -1e-30      0.00 7.540e-01 2.458e-01 2.759e-05 7.783e-06 6.937e-05 -1.000 1.637e-04 0.190 0.720 0.828 0.332 -0.027 -0.379 -0.836 -1.204 -1.250
0.00015547 -2.00000 10.00000 0.8455239534 2.4336647987    0.791  1.858  3.7507  2.433    4  0.000  0.531     0.00     0.00 -1    -1e-30      0.00 7.540e-01 2.458e-01 2.759e-05 7.784e-06 6.937e-05 -1.000 1.637e-04 0.125 0.695 0.800 0.281 -0.093 -0.457 -0.931 -1.315 -1.365
0.00015547 -2.00000 10.00000 0.8455566764 2.4336750507    0.791  1.888  3.7438  2.375    4  0.000  0.531     0.00     0.00 -1    -1e-30      0.00 7.540e-01 2.458e-01 2.759e-05 7.784e-06 6.937e-05 -1.000 1.636e-04 0.049 0.662 0.762 0.218 -0.168 -0.545 -1.037 -1.435 -1.489
0.00015547 -2.00000 10.00000 0.8455730081 2.4336800575    0.791  1.922  3.7374  2.316    4  0.000  0.531     0.00     0.00 -1    -1e-30      0.00 7.540e-01 2.458e-01 2.759e-05 7.784e-06 6.937e-05 -1.000 1.637e-04 -0.034 0.627 0.715 0.149 -0.251 -0.639 -1.147 -1.559 -1.617
0.00015547 -2.00000 10.00000 0.8455799818 2.4336822033    0.791  1.955  3.7318  2.261    4  0.000  0.531     0.00     0.00 -1    -1e-30      0.00 7.540e-01 2.458e-01 2.759e-05 7.784e-06 6.937e-05 -1.000 1.637e-04 -0.117 0.590 0.665 0.077 -0.333 -0.731 -1.254 -1.678 -1.739
0.00015547 -2.00000 10.00000 0.8455832005 2.4336831570    0.791  1.988  3.7272  2.209    4  0.000  0.531     0.00     0.00 -1    -1e-30      0.00 7.540e-01 2.458e-01 2.759e-05 7.784e-06 6.937e-05 -1.000 1.637e-04 -0.199 0.549 0.610 0.005 -0.415 -0.821 -1.356 -1.790 -1.854
0.00015547 -2.00000 10.00000 0.8455848098 2.4336836338    0.791  2.018  3.7237  2.165    4  0.000  0.531     0.00     0.00 -1    -1e-30      0.00 7.540e-01 2.458e-01 2.759e-05 7.784e-06 6.937e-05 -1.000 1.637e-04 -0.274 0.508 0.557 -0.062 -0.489 -0.901 -1.446 -1.888 -1.954
0.00015547 -2.00000 10.00000 0.8455849290 2.4336836338    0.791  2.021  3.7234  2.161    7  0.000  0.531     0.00     0.00 -1    -1e-30      0.00 7.540e-01 2.458e-01 2.759e-05 7.784e-06 6.937e-05 -1.000 1.637e-04 -0.282 0.504 0.552 -0.069 -0.497 -0.909 -1.455 -1.897 -1.963
0.00015547 -2.00000 10.00000 0.8455857038 2.4336838722    0.791  2.046  3.7211  2.126    7  0.000  0.531     0.00     0.00 -1    -1e-30      0.00 7.540e-01 2.458e-01 2.759e-05 7.784e-06 6.937e-05 -1.000 1.636e-04 -0.345 0.463 0.503 -0.127 -0.559 -0.976 -1.528 -1.976 -2.043
0.00015547 -2.00000 10.00000 0.8455867767 2.4336841106    0.791  2.087  3.7177  2.071    7  0.000  0.531     0.00     0.00 -1    -1e-30      0.00 7.540e-01 2.458e-01 2.759e-05 7.784e-06 6.937e-05 -1.000 1.637e-04 -0.448 0.396 0.423 -0.222 -0.661 -1.084 -1.645 -2.101 -2.170
0.00015547 -2.00000 10.00000 0.8455878496 2.4336845875    0.791  2.125  3.7149  2.022    7  0.000  0.531     0.00     0.00 -1    -1e-30      0.00 7.540e-01 2.458e-01 2.759e-05 7.784e-06 6.937e-05 -1.000 1.636e-04 -0.543 0.334 0.348 -0.309 -0.755 -1.182 -1.752 -2.214 -2.285
0.00015547 -2.00000 10.00000 0.8455892205 2.4336850643    0.791  2.166  3.7121  1.971    7  0.000  0.531     0.00     0.00 -1    -1e-30      0.00 7.540e-01 2.458e-01 2.759e-05 7.784e-06 6.937e-05 -1.000 1.637e-04 -0.644 0.266 0.266 -0.403 -0.855 -1.288 -1.865 -2.333 -2.405
0.00015547 -2.00000 10.00000 0.8455924988 2.4336860180    0.791  2.162  3.7127  1.977    7  0.000  0.531     0.00     0.00 -1    -1e-30      0.00 7.540e-01 2.458e-01 2.759e-05 7.784e-06 6.937e-05 -1.000 1.636e-04 -0.635 0.269 0.271 -0.395 -0.846 -1.278 -1.853 -2.320 -2.392
0.00015547 -2.00000 10.00000 0.8456105590 2.4336915016    0.791  2.143  3.7137  2.000    7  0.000  0.531     0.00     0.00 -1    -1e-30      0.00 7.540e-01 2.458e-01 2.759e-05 7.784e-06 6.937e-05 -1.000 1.636e-04 -0.588 0.302 0.311 -0.351 -0.799 -1.229 -1.802 -2.266 -2.338
0.00015547 -2.00000 10.00000 0.8456329107 2.4336984158    0.791  2.172  3.7115  1.961    7  0.000  0.531     0.00     0.00 -1    -1e-30      0.00 7.540e-01 2.458e-01 2.759e-05 7.784e-06 6.937e-05 -1.000 1.636e-04 -0.661 0.256 0.253 -0.418 -0.872 -1.306 -1.885 -2.354 -2.427
0.00015547 -2.00000 10.00000 0.8456526995 2.4337046146    0.791  2.216  3.7085  1.906    7  0.000  0.531     0.00     0.00 -1    -1e-30      0.00 7.540e-01 2.458e-01 2.759e-05 7.784e-06 6.937e-05 -1.000 1.637e-04 -0.770 0.187 0.167 -0.519 -0.979 -1.419 -2.007 -2.483 -2.557
0.00015547 -2.00000 10.00000 0.8456665277 2.4337086678    0.791  2.252  3.7061  1.861    7  0.000  0.531     0.00     0.00 -1    -1e-30      0.00 7.540e-01 2.458e-01 2.759e-05 7.784e-06 6.937e-05 -1.000 1.636e-04 -0.859 0.131 0.097 -0.601 -1.067 -1.511 -2.106 -2.588 -2.664
0.00015547 -2.00000 10.00000 0.8456841707 2.4337141514    0.791  2.296  3.7033  1.805    7  0.000  0.531     0.00     0.00 -1    -1e-30      0.00 7.540e-01 2.458e-01 2.759e-05 7.784e-06 6.937e-05 -1.000 1.638e-04 -0.970 0.060 0.008 -0.705 -1.177 -1.626 -2.229 -2.718 -2.795
0.00015547 -2.00000 10.00000 0.8457006812 2.4337191582    0.791  2.337  3.7009  1.755    7  0.000  0.531     0.00     0.00 -1    -1e-30      0.00 7.540e-01 2.458e-01 2.759e-05 7.785e-06 6.937e-05 -1.000 1.636e-04 -1.071 -0.006 -0.074 -0.798 -1.277 -1.731 -2.341 -2.835 -2.914
0.00015547 -2.00000 10.00000 0.8457159400 2.4337239265    0.791  2.377  3.6985  1.705    7  0.000  0.530     0.00     0.00 -1    -1e-30      0.00 7.540e-01 2.458e-01 2.758e-05 7.785e-06 6.937e-05 -1.000 1.636e-04 -1.172 -0.071 -0.154 -0.891 -1.375 -1.834 -2.451 -2.951 -3.031
0.00015547 -2.00000 10.00000 0.8457297087 2.4337282181    0.791  2.417  3.6962  1.656    7  0.000  0.530     0.00     0.00 -1    -1e-30      0.00 7.540e-01 2.459e-01 2.756e-05 7.794e-06 6.937e-05 -1.000 1.636e-04 -1.273 -0.134 -0.235 -0.984 -1.474 -1.937 -2.562 -3.068 -3.149
0.00015547 -2.00000 10.00000 0.8457421064 2.4337320328    0.791  2.458  3.6939  1.606    7  0.000  0.528     0.00     0.00 -1    -1e-30      0.00 7.539e-01 2.460e-01 2.747e-05 7.846e-06 6.938e-05 -1.000 1.551e-04 -1.374 -0.198 -0.315 -1.077 -1.573 -2.041 -2.672 -3.184 -3.266
0.00015547 -2.00000 10.00000 0.8457535505 2.4337356091    0.791  2.499  3.6916  1.556    7  0.000  0.521     0.00     0.00 -1    -1e-30      0.00 7.538e-01 2.461e-01 2.717e-05 8.087e-06 6.940e-05 -1.000 1.576e-04 -1.477 -0.263 -0.397 -1.172 -1.673 -2.145 -2.784 -3.302 -3.385
0.00015547 -2.00000 10.00000 0.8457637429 2.4337387085    0.791  2.539  3.6893  1.506    7  0.000  0.510     0.00     0.00 -1    -1e-30      0.00 7.536e-01 2.462e-01 2.662e-05 8.684e-06 6.942e-05 -1.000 1.636e-04 -1.578 -0.326 -0.476 -1.265 -1.772 -2.249 -2.895 -3.419 -3.503
0.00015547 -2.00000 10.00000 0.8457729816 2.4337415695    0.791  2.579  3.6870  1.457    7  0.000  0.496     0.00     0.00 -1    -1e-30      0.00 7.534e-01 2.464e-01 2.592e-05 9.516e-06 6.943e-05 -1.000 1.622e-04 -1.678 -0.384 -0.553 -1.356 -1.869 -2.351 -3.004 -3.534 -3.620
0.00015547 -2.00000 10.00000 0.8457815051 2.4337441921    0.791  2.619  3.6847  1.408    7  0.000  0.483     0.00     0.00 -1    -1e-30      0.00 7.533e-01 2.466e-01 2.527e-05 1.032e-05 6.945e-05 -1.000 1.501e-04 -1.779 -0.430 -0.627 -1.447 -1.967 -2.454 -3.115 -3.650 -3.737
0.00015547 -2.00000 10.00000 0.8457894325 2.4337465763    0.791  2.660  3.6824  1.358    7  0.000  0.472     0.00     0.00 -1    -1e-30      0.00 7.531e-01 2.468e-01 2.470e-05 1.102e-05 6.946e-05 -1.000 1.433e-04 -1.879 -0.457 -0.693 -1.539 -2.067 -2.559 -3.226 -3.768 -3.854
0.00015547 -2.00000 10.00000 0.8457969427 2.4337489605    0.791  2.699  3.6801  1.309    7  0.000  0.463     0.00     0.00 -1    -1e-30      0.00 7.529e-01 2.469e-01 2.422e-05 1.162e-05 6.947e-05 -1.000 1.627e-04 -1.978 -0.477 -0.756 -1.628 -2.165 -2.662 -3.338 -3.885 -3.970
0.00015547 -2.00000 10.00000 0.8458042741 2.4337511063    0.791  2.739  3.6778  1.260    7  0.000  0.454     0.00     0.00 -1    -1e-30      0.00 7.527e-01 2.472e-01 2.379e-05 1.215e-05 6.948e-05 -1.000 1.493e-04 -2.078 -0.490 -0.815 -1.716 -2.263 -2.766 -3.449 -4.002 -4.087
0.00015547 -2.00000 10.00000 0.8458113074 2.4337532520    0.791  2.779  3.6754  1.210    7  0.000  0.447     0.00     0.00 -1    -1e-30      0.00 7.525e-01 2.474e-01 2.342e-05 1.262e-05 6.947e-05 -1.000 1.141e-04 -2.178 -0.495 -0.872 -1.804 -2.362 -2.871 -3.561 -4.120 -4.205
0.00015547 -2.00000 10.00000 0.8458177447 2.4337553978    0.791  2.820  3.6731  1.161    7  0.000  0.441     0.00     0.00 -1    -1e-30      0.00 7.523e-01 2.476e-01 2.310e-05 1.302e-05 6.944e-05 -1.000 1.622e-04 -2.279 -0.493 -0.924 -1.890 -2.460 -2.975 -3.673 -4.238 -4.323
0.00015547 -2.00000 10.00000 0.8458232880 2.4337570667    0.791  2.859  3.6707  1.112    7  0.000  0.436     0.00     0.00 -1    -1e-30      0.00 7.521e-01 2.478e-01 2.282e-05 1.338e-05 6.938e-05 -1.000 1.637e-04 -2.377 -0.483 -0.972 -1.974 -2.555 -3.078 -3.784 -4.354 -4.438
0.00015547 -2.00000 10.00000 0.8458282351 2.4337584972    0.791  2.899  3.6682  1.062    7  0.000  0.432     0.00     0.00 -1    -1e-30      0.00 7.518e-01 2.480e-01 2.257e-05 1.370e-05 6.930e-05 -1.000 1.637e-04 -2.477 -0.462 -1.015 -2.057 -2.652 -3.181 -3.896 -4.473 -4.557
0.00015547 -2.00000 10.00000 0.8458323479 2.4337596893    0.791  2.938  3.6658  1.013    7  0.000  0.429     0.00     0.00 -1    -1e-30      0.00 7.516e-01 2.482e-01 2.237e-05 1.401e-05 6.918e-05 -1.000 1.636e-04 -2.576 -0.431 -1.053 -2.137 -2.747 -3.284 -4.008 -4.591 -4.674
0.00015547 -2.00000 10.00000 0.8458361626 2.4337608814    0.791  2.980  3.6632  0.961    7  0.000  0.427     0.00     0.00 -1    -1e-30      0.00 7.514e-01 2.484e-01 2.218e-05 1.433e-05 6.901e-05 -1.000 1.637e-04 -2.679 -0.383 -1.083 -2.217 -2.844 -3.391 -4.124 -4.714 -4.796
0.00015547 -2.00000 10.00000 0.8458400965 2.4337620735    0.791  3.022  3.6605  0.908    7  0.000  0.425     0.00     0.00 -1    -1e-30      0.00 7.512e-01 2.486e-01 2.203e-05 1.464e-05 6.883e-05 -1.000 1.637e-04 -2.785 -0.315 -1.104 -2.295 -2.943 -3.501 -4.245 -4.841 -4.923
0.00015547 -2.00000 10.00000 0.8458434939 2.4337632656    0.791  3.067  3.6575  0.851    7  0.000  0.424     0.00     0.00 -1    -1e-30      0.00 7.511e-01 2.488e-01 2.193e-05 1.491e-05 6.866e-05 -1.000 1.436e-04 -2.898 -0.240 -1.123 -2.375 -3.047 -3.617 -4.374 -4.978 -5.058
0.00015547 -2.00000 10.00000 0.8458454609 2.4337637424    0.791  3.116  3.6542  0.789    7  0.000  0.424     0.00     0.00 -1    -1e-30      0.00 7.510e-01 2.489e-01 2.187e-05 1.506e-05 6.856e-05 -1.000 1.637e-04 -3.021 -0.216 -1.165 -2.464 -3.155 -3.739 -4.510 -5.122 -5.204
0.00015547 -2.00000 10.00000 0.8458458185 2.4337639809    0.791  3.104  3.6549  0.804    7  0.000  0.423     0.00     0.00 -1    -1e-30      0.00 7.508e-01 2.490e-01 2.181e-05 1.525e-05 6.843e-05 -1.000 1.637e-04 -2.990 -0.217 -1.152 -2.441 -3.128 -3.708 -4.476 -5.087 -5.169
0.00015547 -2.00000 10.00000 0.8458459377 2.4337639809    0.791  3.113  3.6542  0.792    7  0.000  0.423     0.00     0.00 -1    -1e-30      0.00 7.506e-01 2.492e-01 2.169e-05 1.567e-05 6.812e-05 -1.000 1.636e-04 -3.013 -0.210 -1.159 -2.457 -3.148 -3.731 -4.502 -5.115 -5.197
0.00015547 -2.00000 10.00000 0.8458460569 2.4337639809    0.791  3.131  3.6530  0.770    7  0.000  0.423     0.00     0.00 -1    -1e-30      0.00 7.506e-01 2.493e-01 2.164e-05 1.585e-05 6.799e-05 -1.000 1.636e-04 -3.056 -0.202 -1.174 -2.488 -3.187 -3.774 -4.550 -5.166 -5.249
0.00015547 -2.00000 10.00000 0.8458462358 2.4337639809    0.791  3.148  3.6518  0.748    7  0.000  0.423     0.00     0.00 -1    -1e-30      0.00 7.505e-01 2.493e-01 2.161e-05 1.594e-05 6.792e-05 -1.000 1.636e-04 -3.099 -0.193 -1.188 -2.519 -3.224 -3.816 -4.597 -5.216 -5.299
0.00015547 -2.00000 10.00000 0.8458464146 2.4337642193    0.791  3.160  3.6510  0.732    7  0.000  0.423     0.00     0.00 -1    -1e-30      0.00 7.505e-01 2.494e-01 2.160e-05 1.598e-05 6.789e-05 -1.000 1.637e-04 -3.129 -0.187 -1.199 -2.540 -3.251 -3.846 -4.631 -5.252 -5.336
0.00015547 -2.00000 10.00000 0.8458466530 2.4337642193    0.791  3.174  3.6500  0.714    7  0.000  0.423     0.00     0.00 -1    -1e-30      0.00 7.504e-01 2.494e-01 2.157e-05 1.609e-05 6.781e-05 -1.000 1.636e-04 -3.165 -0.179 -1.210 -2.566 -3.282 -3.881 -4.670 -5.294 -5.378
0.00015547 -2.00000 10.00000 0.8458469510 2.4337642193    0.791  3.202  3.6481  0.678    7  0.000  0.422     0.00     0.00 -1    -1e-30      0.00 7.502e-01 2.496e-01 2.151e-05 1.631e-05 6.765e-05 -1.000 1.637e-04 -3.236 -0.163 -1.234 -2.616 -3.344 -3.951 -4.748 -5.379 -5.463
0.00015547 -2.00000 10.00000 0.8458475471 2.4337644577    0.791  3.253  3.6445  0.613    7  0.000  0.422     0.00     0.00 -1    -1e-30      0.00 7.499e-01 2.499e-01 2.135e-05 1.686e-05 6.724e-05 -1.000 1.636e-04 -3.362 -0.128 -1.271 -2.702 -3.453 -4.073 -4.887 -5.529 -5.615
0.00015547 -2.00000 10.00000 0.8458481431 2.4337646961    0.791  3.414  3.6091  0.310    8  0.549  0.390    87.42    43.30  1 -1.07e-06      0.00 7.290e-01 2.706e-01 6.375e-05 5.931e-05 2.177e-04 -1.000 3.690e-04 -3.766 0.852 -0.827 -2.650 -3.618 -4.381 -5.379 -6.150 -6.261
0.00015547 -2.00000 10.00000 0.8458482027 2.4337646961    0.790  3.285  3.6179  0.474    8  0.549  0.390    61.38    31.88  1 -5.93e-07      0.00 7.290e-01 2.706e-01 6.375e-05 5.931e-05 2.177e-04 -1.000 3.690e-04 -3.443 0.725 -0.794 -2.485 -3.374 -4.087 -5.031 -5.771 -5.875
0.00015547 -2.00000 10.00000 0.8458482623 2.4337646961    0.788  3.145  3.6307  0.664    8  0.549  0.390    40.73    22.34  1 -3.08e-07      0.00 7.290e-01 2.706e-01 6.375e-05 5.931e-05 2.177e-04 -1.000 3.690e-04 -3.093 0.495 -0.787 -2.313 -3.113 -3.770 -4.647 -5.340 -5.435
0.00015547 -2.00000 10.00000 0.8458484411 2.4337646961    0.785  2.927  3.6505  0.960    8  0.549  0.390    21.52    12.85  1 -1.07e-07      0.00 7.290e-01 2.706e-01 6.375e-05 5.931e-05 2.177e-04 -1.000 3.690e-04 -2.547 0.204 -0.708 -1.986 -2.670 -3.253 -4.037 -4.667 -4.752
0.00015547 -2.00000 10.00000 0.8458486795 2.4337646961    0.781  2.932  3.6499  0.950    8  0.549  0.390    21.97    13.05  1 -1.11e-07      0.00 7.290e-01 2.706e-01 6.375e-05 5.931e-05 2.177e-04 -1.000 3.690e-04 -2.560 0.215 -0.708 -1.993 -2.680 -3.265 -4.052 -4.683 -4.768
0.00015547 -2.00000 10.00000 0.8458489776 2.4337649345    0.776  3.006  3.6430  0.845    8  0.550  0.390    27.56    15.83  1 -1.65e-07      0.00 7.290e-01 2.706e-01 6.375e-05 5.931e-05 2.177e-04 -1.000 3.690e-04 -2.746 0.313 -0.737 -2.108 -2.834 -3.444 -4.261 -4.914 -5.002
0.00015547 -2.00000 10.00000 0.8458493352 2.4337649345    0.769  3.161  3.6288  0.631    8  0.550  0.390    43.81    23.53  1 -3.58e-07      0.00 7.290e-01 2.706e-01 6.375e-05 5.931e-05 2.177e-04 -1.000 3.691e-04 -3.131 0.546 -0.774 -2.326 -3.140 -3.805 -4.691 -5.391 -5.487
0.00015547 -2.00000 10.00000 0.8458498120 2.4337651730    0.762  3.300  3.6159  0.436    8  0.550  0.390    66.73    33.69  1 -7.11e-07      0.00 7.290e-01 2.706e-01 6.375e-05 5.931e-05 2.177e-04 -1.000 3.691e-04 -3.479 0.791 -0.764 -2.486 -3.393 -4.117 -5.073 -5.820 -5.925
0.00015547 -2.00000 10.00000 0.8458502889 2.4337654114    0.753  3.393  3.6073  0.303    8  0.551  0.390    88.92    42.93  1 -1.13e-06      0.00 7.290e-01 2.706e-01 6.375e-05 5.931e-05 2.177e-04 -1.000 3.691e-04 -3.712 0.970 -0.731 -2.570 -3.549 -4.319 -5.328 -6.107 -6.219
0.00015547 -2.00000 10.00000 0.8458508253 2.4337654114    0.744  3.444  3.6024  0.227    8  0.551  0.390   104.99    49.22  1 -1.49e-06      0.00 7.290e-01 2.706e-01 6.375e-05 5.931e-05 2.177e-04 -1.000 3.691e-04 -3.841 1.081 -0.700 -2.606 -3.629 -4.427 -5.468 -6.265 -6.383
0.00015547 -2.00000 10.00000 0.8458514810 2.4337656498    0.733  3.471  3.5997  0.184    8  0.552  0.390   115.30    52.95  1 -1.75e-06      0.00 7.290e-01 2.706e-01 6.375e-05 5.931e-05 2.177e-04 -1.000 3.691e-04 -3.906 1.147 -0.677 -2.620 -3.668 -4.482 -5.539 -6.347 -6.467
0.00015547 -2.00000 10.00000 0.8458521366 2.4337658882    0.722  3.487  3.5984  0.155    8  0.552  0.390   122.91    55.44  0 -1.98e-06      0.00 7.290e-01 2.706e-01 6.375e-05 5.931e-05 2.177e-04 -1.000 3.691e-04 -3.948 1.181 -0.668 -2.632 -3.694 -4.518 -5.584 -6.396 -6.519
0.00015547 -2.00000 10.00000 0.8458546996 2.4337666035    0.554 -9.999  4.0000  1.705    9  0.554  0.000     0.00     0.00 -1    -1e-30      0.00 7.290e-01 2.706e-01 6.375e-05 5.931e-05 2.177e-04 -1.000 3.690e-04 29.767 29.804 30.050 30.100 30.093 30.084 30.127 30.123 30.138
#isochrone terminated
