# File generated by CMD 3.3 (http://stev.oapd.inaf.it/cmd) on Wed May 20 08:45:49 CEST 2020
# isochrones based on PARSEC release v1.2S +  COLIBRI S_35
# Basic references: Bressan et al. (2012), MNRAS, 427, 127 + Chen et al. (2014, 2015), MNRAS, 444, 2525 + MNRAS, 452, 1068 + Tang et al. (2014), MNRAS, 445, 4287 + Marigo et al. (2017), ApJ, 835, 77 + Pastorelli al. (2019), MNRAS in press
# Thermal pulse cycles included 
# On RGB, assumed Reimers mass loss with efficiency eta=0.2
# Photometric system: <i>UBVRIJHK</i> (cf. Maiz-Apellaniz 2006 + Bessell 1990)
# Using YBC version of bolometric corrections as in Chen et al. (2019)
# O-rich circumstellar dpmod60alox40 dust from Groenewegen (2006)
# C-rich circumstellar AMCSIC15 dust from Groenewegen (2006)
# IMF: Kroupa (2001, 2002) + Kroupa et al. (2013) canonical two-part-power law IMF corrected for unresolved binaries 
# Kind of output: isochrone tables
# Zini     MH   logAge Mini        int_IMF         Mass   logL    logTe  logg  label   McoreTP C_O  period0 period1 pmode  Mloss  tau1m   X   Y   Xc  Xn  Xo  Cexcess  Z 	 mbolmag  Umag    Bmag    Vmag    Rmag    Imag    Jmag    Hmag    Kmag
0.00015547 -2.00000 10.04139 0.0936335474 1.1156111956    0.094 -3.049  3.5134  5.464    1  0.000  0.545     0.00     0.00 -1  -6.8e-17      0.00 7.477e-01 2.522e-01 2.943e-05 7.939e-06 7.201e-05 -1.000 1.636e-04 12.393 18.233 16.036 14.142 12.820 11.614 10.507 10.226 10.153
0.00015547 -2.00000 10.04139 0.0983836651 1.1574610472    0.098 -2.903  3.5338  5.420    1  0.000  0.545     0.00     0.00 -1 -9.78e-17      0.00 7.466e-01 2.532e-01 2.943e-05 7.939e-06 7.201e-05 -1.000 1.637e-04 12.027 17.076 15.262 13.505 12.312 11.271 10.212 9.845 9.740
0.00015547 -2.00000 10.04139 0.1035686582 1.2002434731    0.103 -2.751  3.5550  5.375    1  0.000  0.545     0.00     0.00 -1 -1.43e-16      0.00 7.454e-01 2.544e-01 2.943e-05 7.939e-06 7.201e-05 -1.000 1.637e-04 11.648 15.952 14.474 12.888 11.801 10.909 9.907 9.472 9.344
0.00015547 -2.00000 10.04139 0.1234388798 1.3415665627    0.123 -2.476  3.5828  5.287    1  0.000  0.545     0.00     0.00 -1 -2.72e-16      0.00 7.425e-01 2.574e-01 2.943e-05 7.939e-06 7.201e-05 -1.000 1.637e-04 10.959 14.417 13.303 11.939 10.986 10.234 9.315 8.813 8.664
0.00015547 -2.00000 10.04139 0.1433091164 1.4560320377    0.143 -2.300  3.5963  5.230    1  0.000  0.545     0.00     0.00 -1 -4.04e-16      0.00 7.405e-01 2.593e-01 2.943e-05 7.940e-06 7.201e-05 -1.000 1.637e-04 10.519 13.621 12.658 11.390 10.504 9.797 8.919 8.398 8.237
0.00015547 -2.00000 10.04139 0.1631793380 1.5515257120    0.163 -2.162  3.6050  5.184    1  0.000  0.545     0.00     0.00 -1 -5.48e-16      0.00 7.393e-01 2.605e-01 2.943e-05 7.940e-06 7.201e-05 -1.000 1.637e-04 10.176 13.068 12.193 10.981 10.136 9.455 8.602 8.074 7.908
0.00015547 -2.00000 10.04139 0.2029198259 1.7036917210    0.203 -1.948  3.6167  5.112    1  0.000  0.545     0.00     0.00 -1 -8.75e-16      0.00 7.386e-01 2.612e-01 2.943e-05 7.940e-06 7.201e-05 -1.000 1.637e-04 9.640 12.269 11.504 10.361 9.569 8.919 8.102 7.569 7.400
0.00015547 -2.00000 10.04139 0.2525954247 1.8468697071    0.252 -1.751  3.6274  5.052    1  0.000  0.545     0.00     0.00 -1 -1.32e-15      0.00 7.388e-01 2.611e-01 2.943e-05 7.940e-06 7.201e-05 -1.000 1.637e-04 9.147 11.553 10.881 9.794 9.048 8.425 7.639 7.108 6.941
0.00015547 -2.00000 10.04139 0.3022710085 1.9574397802    0.302 -1.599  3.6362  5.014    1  0.000  0.545     0.00     0.00 -1 -1.79e-15      0.00 7.389e-01 2.610e-01 2.942e-05 7.941e-06 7.201e-05 -1.000 1.637e-04 8.767 10.999 10.400 9.357 8.646 8.044 7.284 6.759 6.598
0.00015547 -2.00000 10.04139 0.3519465625 2.0465965271    0.352 -1.473  3.6443  4.987    1  0.000  0.544     0.00     0.00 -1 -2.29e-15      0.00 7.391e-01 2.607e-01 2.940e-05 7.942e-06 7.201e-05 -1.000 1.636e-04 8.453 10.532 10.000 8.993 8.312 7.730 6.993 6.476 6.321
0.00015547 -2.00000 10.04139 0.4016221464 2.1207315922    0.401 -1.350  3.6532  4.956    1  0.000  0.545     0.00     0.00 -1 -2.95e-15      0.00 7.502e-01 2.496e-01 2.943e-05 7.939e-06 7.201e-05 -1.000 1.636e-04 8.144 10.062 9.601 8.633 7.984 7.421 6.710 6.202 6.055
0.00015547 -2.00000 10.04139 0.4512977004 2.1838121414    0.451 -1.198  3.6677  4.913    1  0.000  0.545     0.00     0.00 -1 -4.15e-15      0.00 7.507e-01 2.491e-01 2.943e-05 7.939e-06 7.201e-05 -1.000 1.638e-04 7.765 9.425 9.084 8.178 7.576 7.046 6.376 5.887 5.753
0.00015547 -2.00000 10.04139 0.4643383026 2.1988887787    0.464 -1.152  3.6723  4.898    1  0.000  0.545     0.00     0.00 -1 -4.62e-15      0.00 7.509e-01 2.490e-01 2.942e-05 7.936e-06 7.198e-05 -1.000 1.637e-04 7.650 9.230 8.927 8.040 7.454 6.933 6.275 5.793 5.664
0.00015547 -2.00000 10.04139 0.5009732842 2.2384552956    0.501 -1.029  3.6846  4.857    1  0.000  0.545     0.00     0.00 -1 -6.19e-15      0.00 7.513e-01 2.485e-01 2.939e-05 7.928e-06 7.191e-05 -1.000 1.636e-04 7.343 8.719 8.515 7.679 7.129 6.632 6.010 5.547 5.428
0.00015547 -2.00000 10.04139 0.5506489277 2.2841949463    0.550 -0.830  3.7043  4.778    1  0.000  0.544     0.00     0.00 -1 -1.02e-14      0.00 7.820e-01 2.179e-01 2.597e-05 7.011e-06 6.361e-05 -1.000 1.000e-04 6.845 7.923 7.866 7.110 6.612 6.153 5.584 5.153 5.052
0.00015547 -2.00000 10.04139 0.6003244519 2.3213412762    0.600 -0.627  3.7288  4.710    1  0.000  0.544     0.00     0.00 -1 -1.69e-14      0.00 7.936e-01 2.063e-01 2.474e-05 6.683e-06 6.066e-05 -1.000 1.518e-04 6.338 7.110 7.200 6.540 6.098 5.683 5.177 4.786 4.704
0.00015547 -2.00000 10.04139 0.6101518273 2.3278706074    0.610 -0.585  3.7344  4.698    1  0.000  0.544     0.00     0.00 -1 -1.87e-14      0.00 7.964e-01 2.034e-01 2.444e-05 6.603e-06 5.995e-05 -1.000 1.329e-04 6.233 6.946 7.063 6.424 5.994 5.588 5.096 4.714 4.635
0.00015547 -2.00000 10.04139 0.6229095459 2.3359944820    0.623 -0.530  3.7418  4.681    1  0.000  0.543     0.00     0.00 -1 -2.14e-14      0.00 8.003e-01 1.995e-01 2.403e-05 6.494e-06 5.897e-05 -1.000 1.201e-04 6.095 6.735 6.886 6.274 5.858 5.465 4.991 4.619 4.546
0.00015547 -2.00000 10.04139 0.6342968345 2.3429291248    0.634 -0.481  3.7483  4.666    1  0.000  0.543     0.00     0.00 -1 -2.42e-14      0.00 8.040e-01 1.958e-01 2.365e-05 6.392e-06 5.805e-05 -1.000 1.435e-04 5.972 6.553 6.729 6.141 5.739 5.357 4.897 4.534 4.467
0.00015547 -2.00000 10.04139 0.6444418430 2.3488705158    0.644 -0.436  3.7540  4.651    1  0.000  0.543     0.00     0.00 -1  -2.7e-14      0.00 8.075e-01 1.924e-01 2.329e-05 6.296e-06 5.719e-05 -1.000 1.298e-04 5.861 6.392 6.590 6.023 5.633 5.261 4.814 4.458 4.396
0.00015547 -2.00000 10.04139 0.6499999762 2.3520355225    0.650 -0.412  3.7572  4.643    1  0.000  0.543     0.00     0.00 -1 -2.87e-14      0.00 8.094e-01 1.904e-01 2.309e-05 6.242e-06 5.670e-05 -1.000 1.301e-04 5.799 6.305 6.514 5.959 5.575 5.209 4.768 4.416 4.357
0.00015547 -2.00000 10.04139 0.6527298093 2.3535671234    0.652 -0.400  3.7586  4.639    1  0.000  0.543     0.00     0.00 -1 -2.96e-14      0.00 8.106e-01 1.892e-01 2.297e-05 6.209e-06 5.641e-05 -1.000 1.238e-04 5.769 6.262 6.477 5.927 5.546 5.182 4.745 4.395 4.337
0.00015547 -2.00000 10.04139 0.6647264957 2.3601272106    0.664 -0.346  3.7650  4.619    1  0.000  0.543     0.00     0.00 -1  -3.4e-14      0.00 8.161e-01 1.838e-01 2.240e-05 6.058e-06 5.506e-05 -1.000 1.532e-04 5.635 6.081 6.315 5.787 5.419 5.066 4.642 4.299 4.247
0.00015547 -2.00000 10.04139 0.6753860116 2.3657319546    0.675 -0.297  3.7706  4.599    1  0.000  0.542     0.00     0.00 -1 -3.86e-14      0.00 8.212e-01 1.786e-01 2.186e-05 5.915e-06 5.377e-05 -1.000 1.636e-04 5.514 5.923 6.170 5.662 5.305 4.961 4.548 4.212 4.165
0.00015547 -2.00000 10.04139 0.6858503819 2.3710393906    0.686 -0.249  3.7760  4.579    1  0.000  0.542     0.00     0.00 -1 -4.38e-14      0.00 8.267e-01 1.732e-01 2.130e-05 5.766e-06 5.243e-05 -1.000 1.580e-04 5.393 5.770 6.029 5.539 5.191 4.856 4.453 4.124 4.081
0.00015547 -2.00000 10.04139 0.6958047152 2.3759183884    0.696 -0.202  3.7810  4.558    1  0.000  0.541     0.00     0.00 -1 -4.67e-14      0.00 8.322e-01 1.677e-01 2.073e-05 5.613e-06 5.106e-05 -1.000 1.515e-04 5.275 5.624 5.891 5.418 5.081 4.753 4.361 4.038 3.999
0.00015547 -2.00000 10.04139 0.6999999881 2.3779268265    0.700 -0.182  3.7831  4.549    1  0.000  0.541     0.00     0.00 -1 -5.24e-14      0.00 8.346e-01 1.652e-01 2.048e-05 5.546e-06 5.046e-05 -1.000 1.333e-04 5.224 5.563 5.833 5.366 5.033 4.709 4.321 4.001 3.964
0.00015547 -2.00000 10.04139 0.7061177492 2.3808064461    0.706 -0.152  3.7860  4.534    1  0.000  0.540     0.00     0.00 -1 -5.68e-14      0.00 8.382e-01 1.617e-01 2.010e-05 5.454e-06 4.964e-05 -1.000 9.535e-05 5.149 5.474 5.747 5.290 4.962 4.643 4.261 3.945 3.910
0.00015547 -2.00000 10.04139 0.7166109085 2.3856143951    0.716 -0.098  3.7909  4.507    1  0.000  0.537     0.00     0.00 -1 -6.58e-14      0.00 8.440e-01 1.559e-01 1.949e-05 5.307e-06 4.835e-05 -1.000 1.165e-04 5.015 5.319 5.594 5.154 4.835 4.525 4.153 3.844 3.813
0.00015547 -2.00000 10.04139 0.7265020013 2.3900005817    0.726 -0.045  3.7954  4.478    1  0.000  0.535     0.00     0.00 -1 -7.63e-14      0.00 8.491e-01 1.508e-01 1.898e-05 5.184e-06 4.727e-05 -1.000 9.841e-05 4.883 5.170 5.445 5.019 4.710 4.406 4.044 3.742 3.715
0.00015547 -2.00000 10.04139 0.7351829410 2.3937382698    0.735  0.003  3.7993  4.450    1  0.000  0.533     0.00     0.00 -1 -8.75e-14      0.00 8.531e-01 1.468e-01 1.859e-05 5.092e-06 4.646e-05 -1.000 9.257e-05 4.762 5.035 5.309 4.895 4.593 4.296 3.943 3.648 3.623
0.00015547 -2.00000 10.04139 0.7437535524 2.3973305225    0.743  0.054  3.8031  4.420    1  0.000  0.532     0.00     0.00 -1 -1.01e-13      0.00 8.566e-01 1.433e-01 1.827e-05 5.016e-06 4.581e-05 -1.000 6.719e-05 4.635 4.898 5.168 4.765 4.471 4.181 3.835 3.547 3.524
0.00015547 -2.00000 10.04139 0.7500000000 2.3998889923    0.749  0.093  3.8058  4.395    1  0.000  0.530     0.00     0.00 -1 -1.13e-13      0.00 8.589e-01 1.410e-01 1.806e-05 4.970e-06 4.542e-05 -1.000 8.340e-05 4.538 4.795 5.060 4.666 4.376 4.091 3.751 3.468 3.447
0.00015547 -2.00000 10.04139 0.7536177039 2.4013485909    0.753  0.116  3.8074  4.381    1  0.000  0.530     0.00     0.00 -1 -1.21e-13      0.00 8.592e-01 1.407e-01 1.807e-05 4.975e-06 4.547e-05 -1.000 1.026e-04 4.480 4.733 4.996 4.607 4.321 4.038 3.702 3.422 3.402
0.00015547 -2.00000 10.04139 0.7610624433 2.4043018818    0.760  0.166  3.8108  4.348    1  0.000  0.529     0.00     0.00 -1 -1.41e-13      0.00 8.597e-01 1.402e-01 1.811e-05 4.986e-06 4.560e-05 -1.000 1.410e-04 4.354 4.600 4.856 4.477 4.198 3.921 3.593 3.320 3.301
0.00015547 -2.00000 10.04139 0.7700266242 2.4077711105    0.769  0.232  3.8148  4.303    1  0.000  0.529     0.00     0.00 -1 -1.71e-13      0.00 8.603e-01 1.396e-01 1.816e-05 5.003e-06 4.576e-05 -1.000 1.376e-04 4.189 4.429 4.675 4.307 4.036 3.766 3.447 3.182 3.165
0.00015547 -2.00000 10.04139 0.7783021331 2.4108924866    0.777  0.300  3.8181  4.253    1  0.000  0.529     0.00     0.00 -1 -2.11e-13      0.00 8.606e-01 1.393e-01 1.822e-05 5.020e-06 4.594e-05 -1.000 6.746e-05 4.019 4.256 4.491 4.132 3.867 3.604 3.293 3.036 3.020
0.00015547 -2.00000 10.04139 0.7837927341 2.4129214287    0.783  0.349  3.8200  4.215    1  0.000  0.528     0.00     0.00 -1 -2.45e-13      0.00 8.607e-01 1.392e-01 1.826e-05 5.035e-06 4.608e-05 -1.000 9.225e-05 3.898 4.133 4.360 4.008 3.747 3.487 3.181 2.928 2.912
0.00015547 -2.00000 10.04139 0.7889979482 2.4148151875    0.788  0.398  3.8214  4.174    1  0.000  0.528     0.00     0.00 -1 -2.87e-13      0.00 8.598e-01 1.401e-01 1.841e-05 5.075e-06 4.645e-05 -1.000 9.994e-05 3.776 4.011 4.231 3.882 3.625 3.368 3.065 2.816 2.800
0.00015547 -2.00000 10.04139 0.7932531834 2.4163420200    0.792  0.440  3.8220  4.137    1  0.000  0.528     0.00     0.00 -1 -3.32e-13      0.00 8.587e-01 1.412e-01 1.856e-05 5.117e-06 4.684e-05 -1.000 9.999e-05 3.670 3.907 4.121 3.775 3.519 3.263 2.962 2.715 2.699
0.00015547 -2.00000 10.04139 0.7949148417 2.4169330597    0.794  0.459  3.8216  4.117    1  0.000  0.528     0.00     0.00 -1 -3.54e-13      0.00 8.583e-01 1.416e-01 1.862e-05 5.134e-06 4.699e-05 -1.000 9.996e-05 3.622 3.860 4.072 3.726 3.470 3.214 2.912 2.664 2.648
0.00015547 -2.00000 10.04139 0.7994281054 2.4185245037    0.798  0.514  3.8196  4.056    1  0.000  0.528     0.00     0.00 -1 -4.27e-13      0.00 8.571e-01 1.428e-01 1.878e-05 5.179e-06 4.740e-05 -1.000 9.999e-05 3.484 3.730 3.937 3.588 3.329 3.071 2.764 2.513 2.496
0.00015547 -2.00000 10.04139 0.8000000119 2.4187245369    0.799  0.522  3.8191  4.047    1  0.000  0.528     0.00     0.00 -1 -4.39e-13      0.00 8.569e-01 1.430e-01 1.880e-05 5.184e-06 4.745e-05 -1.000 1.000e-04 3.465 3.712 3.919 3.569 3.309 3.050 2.742 2.490 2.473
0.00015547 -2.00000 10.04139 0.8025243878 2.4196043015    0.801  0.556  3.8171  4.006    1  0.000  0.528     0.00     0.00 -1 -4.98e-13      0.00 8.561e-01 1.438e-01 1.889e-05 5.208e-06 4.766e-05 -1.000 1.033e-04 3.380 3.632 3.838 3.484 3.221 2.959 2.646 2.390 2.373
0.00015547 -2.00000 10.04139 0.8032654524 2.4198613167    0.802  0.567  3.8162  3.992    1  0.000  0.528     0.00     0.00 -1 -5.19e-13      0.00 8.559e-01 1.440e-01 1.892e-05 5.214e-06 4.773e-05 -1.000 1.043e-04 3.352 3.608 3.813 3.457 3.193 2.929 2.615 2.357 2.339
0.00015547 -2.00000 10.04139 0.8039035201 2.4200820923    0.802  0.578  3.8150  3.977    2  0.000  0.528     0.00     0.00 -1 -5.42e-13      0.00 8.557e-01 1.442e-01 1.894e-05 5.220e-06 4.778e-05 -1.000 1.051e-04 3.326 3.585 3.790 3.431 3.165 2.900 2.582 2.323 2.305
0.00015547 -2.00000 10.04139 0.8060460687 2.4208207130    0.805  0.616  3.8095  3.918    2  0.000  0.528     0.00     0.00 -1 -6.31e-13      0.00 8.550e-01 1.449e-01 1.901e-05 5.240e-06 4.796e-05 -1.000 1.078e-04 3.230 3.503 3.710 3.339 3.063 2.789 2.459 2.188 2.168
0.00015547 -2.00000 10.04139 0.8076775074 2.4213802814    0.806  0.650  3.8027  3.857    2  0.000  0.529     0.00     0.00 -1 -7.31e-13      0.00 8.545e-01 1.454e-01 1.906e-05 5.255e-06 4.809e-05 -1.000 1.099e-04 3.145 3.437 3.647 3.258 2.971 2.686 2.340 2.056 2.033
0.00015547 -2.00000 10.04139 0.8089497089 2.4218146801    0.807  0.681  3.7947  3.795    2  0.000  0.529     0.00     0.00 -1 -8.42e-13      0.00 8.541e-01 1.458e-01 1.911e-05 5.266e-06 4.820e-05 -1.000 1.117e-04 3.068 3.386 3.598 3.188 2.886 2.588 2.223 1.924 1.897
0.00015547 -2.00000 10.04139 0.8099725246 2.4221627712    0.808  0.708  3.7857  3.732    2  0.000  0.529     0.00     0.00 -1 -9.64e-13      0.00 8.537e-01 1.462e-01 1.915e-05 5.277e-06 4.829e-05 -1.000 1.020e-04 2.999 3.350 3.563 3.128 2.809 2.496 2.110 1.795 1.763
0.00015547 -2.00000 10.04139 0.8108239770 2.4224519730    0.809  0.734  3.7767  3.671    2  0.000  0.529     0.00     0.00 -1  -1.1e-12      0.00 8.445e-01 1.555e-01 2.007e-05 5.528e-06 5.055e-05 -1.000 8.586e-05 2.936 3.326 3.535 3.074 2.738 2.410 2.004 1.671 1.634
0.00015547 -2.00000 10.04139 0.8115653992 2.4227030277    0.810  0.758  3.7684  3.614    2  0.000  0.532     0.00     0.00 -1 -1.24e-12      0.00 8.182e-01 1.817e-01 2.259e-05 6.201e-06 5.658e-05 -1.000 1.225e-04 2.874 3.305 3.508 3.021 2.670 2.329 1.904 1.556 1.514
0.00015547 -2.00000 10.04139 0.8122492433 2.4229342937    0.810  0.785  3.7606  3.556    2  0.000  0.534     0.00     0.00 -1 -1.41e-12      0.00 7.960e-01 2.039e-01 2.468e-05 6.760e-06 6.156e-05 -1.000 1.156e-04 2.807 3.280 3.475 2.963 2.598 2.244 1.801 1.440 1.392
0.00015547 -2.00000 10.04139 0.8129353523 2.4231657982    0.811  0.821  3.7535  3.492    2  0.000  0.536     0.00     0.00 -1 -1.64e-12      0.00 7.817e-01 2.182e-01 2.601e-05 7.119e-06 6.476e-05 -1.000 1.527e-04 2.718 3.237 3.419 2.884 2.506 2.140 1.680 1.307 1.253
0.00015547 -2.00000 10.04139 0.8134717941 2.4233462811    0.812  0.857  3.7487  3.438    2  0.000  0.536     0.00     0.00 -1  -1.9e-12      0.00 7.752e-01 2.247e-01 2.663e-05 7.283e-06 6.623e-05 -1.000 1.637e-04 2.628 3.179 3.352 2.801 2.414 2.040 1.569 1.188 1.131
0.00015547 -2.00000 10.04139 0.8140025735 2.4235248566    0.812  0.899  3.7449  3.380    2  0.000  0.536     0.00     0.00 -1 -2.24e-12      0.00 7.710e-01 2.288e-01 2.702e-05 7.387e-06 6.716e-05 -1.000 1.637e-04 2.522 3.102 3.265 2.701 2.306 1.926 1.445 1.057 0.997
0.00015547 -2.00000 10.04139 0.8140817285 2.4235515594    0.812  0.906  3.7444  3.371    2  0.000  0.536     0.00     0.00 -1  -2.3e-12      0.00 7.706e-01 2.293e-01 2.706e-05 7.398e-06 6.725e-05 -1.000 1.317e-04 2.504 3.087 3.249 2.684 2.288 1.907 1.425 1.036 0.976
0.00015547 -2.00000 10.04139 0.8145164847 2.4236974716    0.812  0.948  3.7421  3.321    3  0.000  0.537     0.00     0.00 -1 -2.68e-12      0.00 7.682e-01 2.316e-01 2.726e-05 7.452e-06 6.774e-05 -1.000 1.537e-04 2.401 3.001 3.157 2.584 2.185 1.799 1.312 0.919 0.857
0.00015547 -2.00000 10.04139 0.8149968982 2.4238584042    0.813  0.996  3.7397  3.263    3  0.000  0.537     0.00     0.00 -1 -3.19e-12      0.00 7.659e-01 2.340e-01 2.744e-05 7.500e-06 6.816e-05 -1.000 1.395e-04 2.279 2.897 3.046 2.467 2.062 1.673 1.179 0.781 0.718
0.00015547 -2.00000 10.04139 0.8154022694 2.4239943027    0.813  1.040  3.7380  3.212    3  0.000  0.537     0.00     0.00 -1 -3.75e-12      0.00 7.641e-01 2.357e-01 2.756e-05 7.532e-06 6.846e-05 -1.000 1.619e-04 2.169 2.803 2.946 2.360 1.953 1.561 1.062 0.660 0.595
0.00015547 -2.00000 10.04139 0.8157927394 2.4241249561    0.814  1.085  3.7364  3.161    3  0.000  0.537     0.00     0.00 -1 -4.41e-12      0.00 7.626e-01 2.373e-01 2.766e-05 7.559e-06 6.869e-05 -1.000 1.637e-04 2.057 2.704 2.842 2.251 1.841 1.447 0.942 0.537 0.471
0.00015547 -2.00000 10.04139 0.8161562085 2.4242463112    0.814  1.130  3.7348  3.110    3  0.000  0.537     0.00     0.00 -1 -5.17e-12      0.00 7.611e-01 2.387e-01 2.773e-05 7.582e-06 6.889e-05 -1.000 1.636e-04 1.946 2.606 2.738 2.143 1.730 1.333 0.824 0.415 0.349
0.00015547 -2.00000 10.04139 0.8164986372 2.4243607521    0.814  1.174  3.7334  3.060    3  0.000  0.537     0.00     0.00 -1 -6.08e-12      0.00 7.597e-01 2.401e-01 2.779e-05 7.601e-06 6.905e-05 -1.000 1.611e-04 1.834 2.506 2.633 2.034 1.619 1.219 0.706 0.293 0.226
0.00015547 -2.00000 10.04139 0.8168413639 2.4244749546    0.814  1.223  3.7319  3.006    3  0.000  0.536     0.00     0.00 -1 -7.23e-12      0.00 7.584e-01 2.414e-01 2.783e-05 7.621e-06 6.919e-05 -1.000 1.312e-04 1.713 2.398 2.520 1.916 1.498 1.097 0.579 0.162 0.094
0.00015547 -2.00000 10.04139 0.8171374202 2.4245736599    0.814  1.268  3.7305  2.955    3  0.000  0.536     0.00     0.00 -1  -8.5e-12      0.00 7.573e-01 2.426e-01 2.784e-05 7.642e-06 6.930e-05 -1.000 1.501e-04 1.600 2.298 2.414 1.806 1.386 0.982 0.460 0.040 -0.028
0.00015547 -2.00000 10.04139 0.8174287081 2.4246706963    0.815  1.316  3.7290  2.901    3  0.000  0.535     0.00     0.00 -1 -1.01e-11      0.00 7.561e-01 2.437e-01 2.783e-05 7.672e-06 6.940e-05 -1.000 1.637e-04 1.480 2.192 2.301 1.689 1.266 0.860 0.333 -0.091 -0.159
0.00015547 -2.00000 10.04139 0.8176930547 2.4247586727    0.815  1.363  3.7275  2.848    3  0.000  0.533     0.00     0.00 -1  -1.2e-11      0.00 7.552e-01 2.447e-01 2.778e-05 7.715e-06 6.947e-05 -1.000 1.637e-04 1.362 2.087 2.190 1.573 1.148 0.739 0.209 -0.218 -0.287
0.00015547 -2.00000 10.04139 0.8179321289 2.4248380661    0.815  1.410  3.7261  2.796    3  0.000  0.532     0.00     0.00 -1 -1.42e-11      0.00 7.543e-01 2.455e-01 2.772e-05 7.771e-06 6.953e-05 -1.000 1.637e-04 1.246 1.985 2.082 1.460 1.032 0.621 0.087 -0.344 -0.414
0.00015547 -2.00000 10.04139 0.8181502223 2.4249105453    0.815  1.456  3.7246  2.744    3  0.000  0.530     0.00     0.00 -1 -1.67e-11      0.00 7.536e-01 2.462e-01 2.765e-05 7.838e-06 6.958e-05 -1.000 1.637e-04 1.130 1.884 1.975 1.348 0.918 0.504 -0.035 -0.469 -0.540
0.00015547 -2.00000 10.04139 0.8183560967 2.4249789715    0.815  1.503  3.7230  2.690    3  0.000  0.529     0.00     0.00 -1 -1.98e-11      0.00 7.530e-01 2.468e-01 2.758e-05 7.910e-06 6.962e-05 -1.000 1.636e-04 1.012 1.779 1.864 1.232 0.799 0.383 -0.160 -0.598 -0.669
0.00015547 -2.00000 10.04139 0.8185401559 2.4250400066    0.815  1.550  3.7215  2.637    3  0.000  0.527     0.00     0.00 -1 -2.35e-11      0.00 7.526e-01 2.473e-01 2.751e-05 7.981e-06 6.965e-05 -1.000 1.637e-04 0.896 1.677 1.756 1.119 0.684 0.266 -0.282 -0.724 -0.796
0.00015547 -2.00000 10.04139 0.8187051415 2.4250946045    0.815  1.595  3.7199  2.586    3  0.000  0.526     0.00     0.00 -1 -2.76e-11      0.00 7.522e-01 2.476e-01 2.745e-05 8.038e-06 6.967e-05 -1.000 1.637e-04 0.782 1.577 1.651 1.009 0.571 0.150 -0.402 -0.848 -0.920
0.00015547 -2.00000 10.04139 0.8188597560 2.4251458645    0.815  1.641  3.7184  2.533    3  0.000  0.525     0.00     0.00 -1 -3.27e-11      0.00 7.520e-01 2.478e-01 2.741e-05 8.080e-06 6.968e-05 -1.000 1.636e-04 0.666 1.477 1.544 0.897 0.457 0.033 -0.524 -0.974 -1.047
0.00015547 -2.00000 10.04139 0.8189970255 2.4251914024    0.815  1.686  3.7168  2.482    3  0.000  0.525     0.00     0.00 -1 -3.84e-11      0.00 7.519e-01 2.480e-01 2.739e-05 8.105e-06 6.969e-05 -1.000 1.637e-04 0.554 1.382 1.442 0.789 0.345 -0.081 -0.643 -1.096 -1.170
0.00015547 -2.00000 10.04139 0.8191252351 2.4252338409    0.815  1.732  3.7152  2.430    3  0.000  0.524     0.00     0.00 -1 -4.53e-11      0.00 7.518e-01 2.480e-01 2.737e-05 8.120e-06 6.969e-05 -1.000 1.637e-04 0.440 1.289 1.338 0.679 0.232 -0.197 -0.764 -1.221 -1.295
0.00015547 -2.00000 10.04139 0.8192444444 2.4252734184    0.814  1.778  3.7135  2.377    3  0.000  0.524     0.00     0.00 -1 -5.36e-11      0.00 7.518e-01 2.481e-01 2.737e-05 8.126e-06 6.970e-05 -1.000 1.637e-04 0.325 1.194 1.233 0.567 0.117 -0.315 -0.886 -1.347 -1.423
0.00015547 -2.00000 10.04139 0.8193537593 2.4253096581    0.814  1.824  3.7118  2.324    3  0.000  0.524     0.00     0.00 -1 -6.33e-11      0.00 7.518e-01 2.481e-01 2.736e-05 8.128e-06 6.970e-05 -1.000 1.636e-04 0.210 1.099 1.129 0.456 0.002 -0.433 -1.009 -1.474 -1.550
0.00015547 -2.00000 10.04139 0.8194531202 2.4253425598    0.814  1.870  3.7101  2.271    3  0.000  0.524     0.00     0.00 -1 -7.47e-11      0.00 7.518e-01 2.481e-01 2.736e-05 8.130e-06 6.970e-05 -1.000 1.637e-04 0.096 1.006 1.026 0.346 -0.111 -0.549 -1.130 -1.599 -1.676
0.00015547 -2.00000 10.04139 0.8195461035 2.4253733158    0.814  1.916  3.7083  2.218    3  0.000  0.524     0.00     0.00 -1 -8.84e-11      0.00 7.518e-01 2.481e-01 2.736e-05 8.131e-06 6.970e-05 -1.000 1.636e-04 -0.020 0.914 0.923 0.235 -0.226 -0.667 -1.253 -1.726 -1.804
0.00015547 -2.00000 10.04139 0.8196309209 2.4254012108    0.814  1.962  3.7066  2.165    3  0.000  0.524     0.00     0.00 -1 -1.04e-10      0.00 7.518e-01 2.481e-01 2.736e-05 8.132e-06 6.970e-05 -1.000 1.636e-04 -0.134 0.823 0.821 0.126 -0.339 -0.783 -1.375 -1.852 -1.931
0.00015547 -2.00000 10.04139 0.8197061419 2.4254262447    0.813  2.006  3.7048  2.114    3  0.000  0.524     0.00     0.00 -1 -1.23e-10      0.00 7.518e-01 2.481e-01 2.736e-05 8.134e-06 6.970e-05 -1.000 1.637e-04 -0.244 0.736 0.724 0.021 -0.448 -0.895 -1.492 -1.975 -2.054
0.00015547 -2.00000 10.04139 0.8197754622 2.4254491329    0.813  2.050  3.7031  2.063    3  0.000  0.524     0.00     0.00 -1 -1.44e-10      0.00 7.517e-01 2.481e-01 2.736e-05 8.135e-06 6.970e-05 -1.000 1.637e-04 -0.354 0.650 0.627 -0.085 -0.557 -1.007 -1.609 -2.096 -2.176
0.00015547 -2.00000 10.04139 0.8198404908 2.4254705906    0.812  2.094  3.7014  2.011    3  0.000  0.524     0.00     0.00 -1 -1.69e-10      0.00 7.517e-01 2.481e-01 2.736e-05 8.136e-06 6.970e-05 -1.000 1.637e-04 -0.465 0.562 0.529 -0.191 -0.667 -1.121 -1.728 -2.219 -2.300
0.00015547 -2.00000 10.04139 0.8198988438 2.4254899025    0.812  2.137  3.6995  1.961    3  0.000  0.524     0.00     0.00 -1 -1.98e-10      0.00 7.517e-01 2.481e-01 2.736e-05 8.137e-06 6.970e-05 -1.000 1.637e-04 -0.572 0.483 0.437 -0.292 -0.773 -1.230 -1.843 -2.339 -2.421
0.00015547 -2.00000 10.04139 0.8199574351 2.4255092144    0.811  2.182  3.6977  1.908    3  0.000  0.524     0.00     0.00 -1 -2.33e-10      0.00 7.517e-01 2.481e-01 2.736e-05 8.137e-06 6.970e-05 -1.000 1.637e-04 -0.685 0.401 0.340 -0.399 -0.884 -1.344 -1.963 -2.463 -2.546
0.00015547 -2.00000 10.04139 0.8200188875 2.4255294800    0.811  2.222  3.6961  1.862    3  0.000  0.524     0.00     0.00 -1 -2.71e-10      0.00 7.517e-01 2.481e-01 2.736e-05 8.138e-06 6.970e-05 -1.000 1.636e-04 -0.785 0.328 0.253 -0.494 -0.983 -1.446 -2.070 -2.574 -2.658
0.00015547 -2.00000 10.04139 0.8200509548 2.4255402088    0.810  2.236  3.6956  1.845    3  0.000  0.524     0.00     0.00 -1 -2.87e-10      0.00 7.517e-01 2.481e-01 2.736e-05 8.139e-06 6.970e-05 -1.000 1.637e-04 -0.821 0.301 0.222 -0.528 -1.019 -1.483 -2.109 -2.614 -2.698
0.00015547 -2.00000 10.04139 0.8200849295 2.4255514145    0.810  2.226  3.6963  1.858    3  0.000  0.524     0.00     0.00 -1 -2.77e-10      0.00 7.517e-01 2.481e-01 2.736e-05 8.139e-06 6.971e-05 -1.000 1.637e-04 -0.794 0.316 0.242 -0.504 -0.993 -1.456 -2.079 -2.583 -2.666
0.00015547 -2.00000 10.04139 0.8200919032 2.4255535603    0.810  2.233  3.6960  1.850    3  0.000  0.524     0.00     0.00 -1 -2.84e-10      0.00 7.517e-01 2.481e-01 2.736e-05 8.140e-06 6.971e-05 -1.000 1.636e-04 -0.812 0.304 0.228 -0.521 -1.010 -1.474 -2.098 -2.603 -2.686
0.00015547 -2.00000 10.04139 0.8201307058 2.4255664349    0.809  2.274  3.6941  1.801    3  0.000  0.524     0.00     0.00 -1 -3.27e-10      0.00 7.517e-01 2.481e-01 2.736e-05 8.140e-06 6.971e-05 -1.000 1.636e-04 -0.915 0.232 0.141 -0.617 -1.111 -1.579 -2.208 -2.718 -2.802
0.00015547 -2.00000 10.04139 0.8201698065 2.4255793095    0.809  2.318  3.6924  1.750    3  0.000  0.524     0.00     0.00 -1 -3.83e-10      0.00 7.517e-01 2.481e-01 2.736e-05 8.141e-06 6.971e-05 -1.000 1.637e-04 -1.024 0.153 0.048 -0.721 -1.219 -1.690 -2.325 -2.839 -2.924
0.00015547 -2.00000 10.04139 0.8202030659 2.4255902767    0.808  2.357  3.6905  1.703    3  0.000  0.524     0.00     0.00 -1 -4.44e-10      0.00 7.517e-01 2.481e-01 2.736e-05 8.141e-06 6.971e-05 -1.000 1.636e-04 -1.123 0.085 -0.035 -0.813 -1.316 -1.790 -2.432 -2.950 -3.036
0.00015547 -2.00000 10.04139 0.8202357888 2.4256012440    0.808  2.398  3.6886  1.653    3  0.000  0.524     0.00     0.00 -1 -5.17e-10      0.00 7.517e-01 2.481e-01 2.735e-05 8.142e-06 6.971e-05 -1.000 1.636e-04 -1.226 0.016 -0.120 -0.909 -1.417 -1.896 -2.543 -3.067 -3.153
0.00015547 -2.00000 10.04139 0.8202663064 2.4256112576    0.807  2.440  3.6868  1.604    3  0.000  0.524     0.00     0.00 -1 -6.02e-10      0.00 7.517e-01 2.481e-01 2.735e-05 8.142e-06 6.971e-05 -1.000 1.636e-04 -1.330 -0.054 -0.206 -1.006 -1.518 -2.000 -2.654 -3.183 -3.270
0.00015547 -2.00000 10.04139 0.8202930689 2.4256200790    0.806  2.479  3.6849  1.557    3  0.000  0.524     0.00     0.00 -1 -6.96e-10      0.00 7.517e-01 2.481e-01 2.735e-05 8.143e-06 6.971e-05 -1.000 1.637e-04 -1.427 -0.072 -0.272 -1.098 -1.618 -2.103 -2.762 -3.297 -3.382
0.00015547 -2.00000 10.04139 0.8203195333 2.4256289005    0.805  2.520  3.6830  1.508    3  0.000  0.524     0.00     0.00 -1  -8.1e-10      0.00 7.517e-01 2.481e-01 2.735e-05 8.143e-06 6.971e-05 -1.000 1.637e-04 -1.530 -0.095 -0.342 -1.196 -1.723 -2.212 -2.877 -3.416 -3.500
0.00015547 -2.00000 10.04139 0.8203430176 2.4256365299    0.804  2.559  3.6812  1.461    3  0.000  0.524     0.00     0.00 -1 -9.36e-10      0.00 7.517e-01 2.481e-01 2.735e-05 8.143e-06 6.971e-05 -1.000 1.637e-04 -1.628 -0.194 -0.431 -1.284 -1.814 -2.308 -2.979 -3.523 -3.610
0.00015547 -2.00000 10.04139 0.8203648925 2.4256436825    0.803  2.598  3.6793  1.414    3  0.000  0.524     0.00     0.00 -1 -1.08e-09      0.00 7.517e-01 2.481e-01 2.735e-05 8.144e-06 6.971e-05 -1.000 1.636e-04 -1.726 -0.225 -0.498 -1.373 -1.911 -2.409 -3.086 -3.635 -3.722
0.00015547 -2.00000 10.04139 0.8203857541 2.4256505966    0.802  2.638  3.6774  1.366    3  0.000  0.524     0.00     0.00 -1 -1.25e-09      0.00 7.517e-01 2.481e-01 2.735e-05 8.144e-06 6.971e-05 -1.000 1.636e-04 -1.825 -0.253 -0.564 -1.463 -2.009 -2.511 -3.195 -3.749 -3.835
0.00015547 -2.00000 10.04139 0.8204082847 2.4256582260    0.801  2.684  3.6750  1.310    3  0.000  0.524     0.00     0.00 -1 -1.49e-09      0.00 7.517e-01 2.481e-01 2.735e-05 8.145e-06 6.971e-05 -1.000 1.636e-04 -1.940 -0.274 -0.636 -1.565 -2.122 -2.630 -3.322 -3.882 -3.967
0.00015547 -2.00000 10.04139 0.8204263449 2.4256641865    0.799  2.724  3.6731  1.261    3  0.000  0.524     0.00     0.00 -1 -1.72e-09      0.00 7.517e-01 2.481e-01 2.735e-05 8.145e-06 6.971e-05 -1.000 1.637e-04 -2.039 -0.290 -0.697 -1.653 -2.219 -2.733 -3.431 -3.996 -4.081
0.00015547 -2.00000 10.04139 0.8204449415 2.4256701469    0.798  2.768  3.6707  1.207    3  0.000  0.524     0.00     0.00 -1 -2.03e-09      0.00 7.517e-01 2.481e-01 2.735e-05 8.145e-06 6.971e-05 -1.000 1.637e-04 -2.150 -0.294 -0.758 -1.749 -2.327 -2.848 -3.553 -4.124 -4.209
0.00015547 -2.00000 10.04139 0.8204603791 2.4256753922    0.796  2.807  3.6688  1.159    3  0.000  0.524     0.00     0.00 -1 -2.35e-09      0.00 7.517e-01 2.481e-01 2.735e-05 8.145e-06 6.971e-05 -1.000 1.637e-04 -2.247 -0.298 -0.812 -1.834 -2.422 -2.948 -3.661 -4.237 -4.321
0.00015547 -2.00000 10.04139 0.8204759955 2.4256803989    0.794  2.849  3.6664  1.106    3  0.000  0.524     0.00     0.00 -1 -2.76e-09      0.00 7.517e-01 2.481e-01 2.735e-05 8.146e-06 6.971e-05 -1.000 1.637e-04 -2.353 -0.281 -0.860 -1.922 -2.524 -3.058 -3.779 -4.362 -4.445
0.00015547 -2.00000 10.04139 0.8204889894 2.4256846905    0.793  2.887  3.6645  1.060    3  0.000  0.524     0.00     0.00 -1 -3.18e-09      0.00 7.517e-01 2.481e-01 2.735e-05 8.146e-06 6.971e-05 -1.000 1.636e-04 -2.448 -0.270 -0.906 -2.001 -2.615 -3.155 -3.883 -4.471 -4.554
0.00015547 -2.00000 10.04139 0.8205026388 2.4256892204    0.791  2.929  3.6621  1.007    3  0.000  0.524     0.00     0.00 -1 -3.73e-09      0.00 7.517e-01 2.481e-01 2.735e-05 8.146e-06 6.971e-05 -1.000 1.636e-04 -2.553 -0.237 -0.946 -2.086 -2.716 -3.264 -4.002 -4.595 -4.677
0.00015547 -2.00000 10.04139 0.8205165267 2.4256937504    0.788  2.975  3.6596  0.950    3  0.000  0.524     0.00     0.00 -1 -4.43e-09      0.00 7.517e-01 2.481e-01 2.735e-05 8.146e-06 6.971e-05 -1.000 1.636e-04 -2.668 -0.190 -0.982 -2.176 -2.824 -3.383 -4.130 -4.730 -4.811
0.00015547 -2.00000 10.04139 0.8205277920 2.4256975651    0.785  3.015  3.6572  0.899    3  0.000  0.524     0.00     0.00 -1 -5.17e-09      0.00 7.517e-01 2.481e-01 2.735e-05 8.146e-06 6.971e-05 -1.000 1.636e-04 -2.768 -0.143 -1.008 -2.249 -2.916 -3.485 -4.242 -4.848 -4.929
0.00015547 -2.00000 10.04139 0.8205373883 2.4257006645    0.783  3.051  3.6552  0.853    3  0.000  0.524     0.00     0.00 -1 -5.93e-09      0.00 7.517e-01 2.481e-01 2.735e-05 8.147e-06 6.971e-05 -1.000 1.636e-04 -2.859 -0.139 -1.047 -2.318 -2.998 -3.575 -4.341 -4.952 -5.034
0.00015547 -2.00000 10.04139 0.8205473423 2.4257040024    0.780  3.091  3.6529  0.802    3  0.000  0.524     0.00     0.00 -1  -6.9e-09      0.00 7.517e-01 2.482e-01 2.735e-05 8.147e-06 6.971e-05 -1.000 1.636e-04 -2.958 -0.127 -1.086 -2.392 -3.087 -3.673 -4.450 -5.067 -5.150
0.00015547 -2.00000 10.04139 0.8205575347 2.4257073402    0.777  3.134  3.6503  0.747    3  0.000  0.524     0.00     0.00 -1 -8.13e-09      0.00 7.517e-01 2.482e-01 2.735e-05 8.147e-06 6.971e-05 -1.000 1.637e-04 -3.066 -0.117 -1.130 -2.473 -3.185 -3.781 -4.568 -5.193 -5.276
0.00015547 -2.00000 10.04139 0.8205661178 2.4257102013    0.773  3.173  3.6480  0.697    3  0.000  0.524     0.00     0.00 -1 -9.44e-09      0.00 7.517e-01 2.482e-01 2.735e-05 8.147e-06 6.971e-05 -1.000 1.636e-04 -3.162 -0.103 -1.166 -2.543 -3.270 -3.876 -4.673 -5.305 -5.389
0.00015547 -2.00000 10.04139 0.8205747008 2.4257130623    0.769  3.213  3.6456  0.645    3  0.000  0.524     0.00     0.00 -1  -1.1e-08      0.00 7.517e-01 2.482e-01 2.735e-05 8.147e-06 6.971e-05 -1.000 1.637e-04 -3.264 -0.089 -1.205 -2.617 -3.360 -3.975 -4.784 -5.423 -5.508
0.00015547 -2.00000 10.04139 0.8205826879 2.4257156849    0.765  3.251  3.6433  0.595    3  0.000  0.524     0.00     0.00 -1 -1.28e-08      0.00 7.517e-01 2.482e-01 2.735e-05 8.147e-06 6.971e-05 -1.000 1.636e-04 -3.358 -0.071 -1.238 -2.685 -3.443 -4.068 -4.888 -5.533 -5.620
0.00015547 -2.00000 10.04139 0.8205849528 2.4257164001    0.763  3.261  3.6427  0.583    3  0.000  0.524     0.00     0.00 -1 -1.34e-08      0.00 7.517e-01 2.482e-01 2.735e-05 8.147e-06 6.971e-05 -1.000 1.637e-04 -3.382 -0.067 -1.246 -2.701 -3.464 -4.091 -4.913 -5.560 -5.647
0.00015547 -2.00000 10.04139 0.8205849528 2.4257164001    0.763  1.694  3.8676  3.049    4  0.000  0.532     0.00     0.00 -1    -1e-30      0.00 7.549e-01 2.450e-01 2.759e-05 7.740e-06 6.924e-05 -1.000 1.637e-04 0.535 0.756 0.706 0.521 0.383 0.236 0.047 -0.076 -0.093
0.00015547 -2.00000 10.04139 0.8205859065 2.4257166386    0.763  1.707  3.8595  3.004    4  0.000  0.532     0.00     0.00 -1    -1e-30      0.00 7.549e-01 2.450e-01 2.759e-05 7.740e-06 6.924e-05 -1.000 1.636e-04 0.504 0.736 0.699 0.494 0.339 0.177 -0.030 -0.168 -0.185
0.00015547 -2.00000 10.04139 0.8206403852 2.4257347584    0.763  1.719  3.8547  2.973    4  0.000  0.532     0.00     0.00 -1    -1e-30      0.00 7.549e-01 2.450e-01 2.759e-05 7.740e-06 6.924e-05 -1.000 1.636e-04 0.473 0.713 0.683 0.467 0.303 0.132 -0.086 -0.234 -0.252
0.00015547 -2.00000 10.04139 0.8206944466 2.4257524014    0.763  1.720  3.8554  2.975    4  0.000  0.532     0.00     0.00 -1    -1e-30      0.00 7.549e-01 2.450e-01 2.759e-05 7.740e-06 6.924e-05 -1.000 1.637e-04 0.471 0.710 0.679 0.464 0.302 0.132 -0.083 -0.230 -0.248
0.00015547 -2.00000 10.04139 0.8207492232 2.4257705212    0.763  1.720  3.8565  2.979    4  0.000  0.532     0.00     0.00 -1    -1e-30      0.00 7.549e-01 2.450e-01 2.759e-05 7.740e-06 6.924e-05 -1.000 1.636e-04 0.471 0.708 0.675 0.463 0.303 0.135 -0.078 -0.223 -0.241
0.00015547 -2.00000 10.04139 0.8208048344 2.4257888794    0.763  1.720  3.8577  2.984    4  0.000  0.532     0.00     0.00 -1    -1e-30      0.00 7.549e-01 2.450e-01 2.759e-05 7.740e-06 6.924e-05 -1.000 1.636e-04 0.470 0.706 0.671 0.462 0.304 0.138 -0.072 -0.214 -0.232
0.00015547 -2.00000 10.04139 0.8208605051 2.4258072376    0.763  1.720  3.8588  2.988    4  0.000  0.532     0.00     0.00 -1    -1e-30      0.00 7.549e-01 2.450e-01 2.759e-05 7.740e-06 6.924e-05 -1.000 1.636e-04 0.470 0.704 0.666 0.460 0.305 0.142 -0.066 -0.206 -0.223
0.00015547 -2.00000 10.04139 0.8209161758 2.4258255959    0.764  1.720  3.8600  2.993    4  0.000  0.532     0.00     0.00 -1    -1e-30      0.00 7.548e-01 2.450e-01 2.759e-05 7.740e-06 6.924e-05 -1.000 1.636e-04 0.471 0.703 0.663 0.459 0.306 0.145 -0.060 -0.197 -0.214
0.00015547 -2.00000 10.04139 0.8209683299 2.4258427620    0.764  1.720  3.8610  2.997    4  0.000  0.532     0.00     0.00 -1    -1e-30      0.00 7.548e-01 2.450e-01 2.759e-05 7.740e-06 6.924e-05 -1.000 1.637e-04 0.471 0.701 0.660 0.459 0.308 0.149 -0.054 -0.189 -0.207
0.00015547 -2.00000 10.04139 0.8210248947 2.4258613586    0.764  1.720  3.8619  3.001    4  0.000  0.532     0.00     0.00 -1    -1e-30      0.00 7.548e-01 2.450e-01 2.759e-05 7.740e-06 6.924e-05 -1.000 1.637e-04 0.471 0.700 0.657 0.458 0.309 0.152 -0.050 -0.183 -0.200
0.00015547 -2.00000 10.04139 0.8210769296 2.4258785248    0.764  1.720  3.8622  3.002    4  0.000  0.532     0.00     0.00 -1    -1e-30      0.00 7.548e-01 2.450e-01 2.759e-05 7.740e-06 6.924e-05 -1.000 1.636e-04 0.470 0.699 0.655 0.458 0.309 0.153 -0.048 -0.181 -0.198
0.00015547 -2.00000 10.04139 0.8211300373 2.4258961678    0.764  1.720  3.8623  3.002    4  0.000  0.532     0.00     0.00 -1    -1e-30      0.00 7.548e-01 2.450e-01 2.759e-05 7.740e-06 6.924e-05 -1.000 1.636e-04 0.469 0.698 0.654 0.457 0.308 0.152 -0.049 -0.181 -0.198
0.00015547 -2.00000 10.04139 0.8211820722 2.4259130955    0.764  1.721  3.8618  2.999    4  0.000  0.532     0.00     0.00 -1    -1e-30      0.00 7.548e-01 2.450e-01 2.759e-05 7.740e-06 6.924e-05 -1.000 1.636e-04 0.468 0.697 0.654 0.455 0.306 0.149 -0.053 -0.186 -0.203
0.00015547 -2.00000 10.04139 0.8212347627 2.4259305000    0.764  1.722  3.8610  2.995    4  0.000  0.532     0.00     0.00 -1    -1e-30      0.00 7.548e-01 2.450e-01 2.759e-05 7.740e-06 6.924e-05 -1.000 1.637e-04 0.466 0.696 0.654 0.454 0.303 0.144 -0.059 -0.195 -0.212
0.00015547 -2.00000 10.04139 0.8212859035 2.4259474277    0.764  1.723  3.8596  2.989    4  0.000  0.532     0.00     0.00 -1    -1e-30      0.00 7.548e-01 2.450e-01 2.759e-05 7.740e-06 6.924e-05 -1.000 1.636e-04 0.463 0.695 0.656 0.452 0.298 0.137 -0.070 -0.207 -0.225
0.00015547 -2.00000 10.04139 0.8212916255 2.4259493351    0.764  1.723  3.8595  2.988    4  0.000  0.532     0.00     0.00 -1    -1e-30      0.00 7.548e-01 2.450e-01 2.759e-05 7.740e-06 6.924e-05 -1.000 1.636e-04 0.463 0.695 0.656 0.452 0.298 0.136 -0.071 -0.209 -0.226
0.00015547 -2.00000 10.04139 0.8213409185 2.4259655476    0.764  1.724  3.8576  2.979    4  0.000  0.532     0.00     0.00 -1    -1e-30      0.00 7.548e-01 2.450e-01 2.759e-05 7.740e-06 6.924e-05 -1.000 1.636e-04 0.459 0.695 0.659 0.450 0.292 0.127 -0.084 -0.227 -0.244
0.00015547 -2.00000 10.04139 0.8213962317 2.4259836674    0.764  1.726  3.8547  2.966    4  0.000  0.532     0.00     0.00 -1    -1e-30      0.00 7.548e-01 2.450e-01 2.759e-05 7.740e-06 6.924e-05 -1.000 1.636e-04 0.454 0.694 0.664 0.448 0.284 0.113 -0.104 -0.253 -0.270
0.00015547 -2.00000 10.04139 0.8214493394 2.4260013103    0.764  1.729  3.8513  2.950    4  0.000  0.532     0.00     0.00 -1    -1e-30      0.00 7.548e-01 2.450e-01 2.759e-05 7.740e-06 6.924e-05 -1.000 1.637e-04 0.449 0.694 0.670 0.445 0.275 0.097 -0.128 -0.283 -0.301
0.00015547 -2.00000 10.04139 0.8215028048 2.4260187149    0.764  1.731  3.8471  2.930    4  0.000  0.532     0.00     0.00 -1    -1e-30      0.00 7.548e-01 2.450e-01 2.759e-05 7.740e-06 6.924e-05 -1.000 1.636e-04 0.442 0.694 0.678 0.443 0.264 0.078 -0.156 -0.320 -0.339
0.00015547 -2.00000 10.04139 0.8215563297 2.4260363579    0.764  1.734  3.8422  2.908    4  0.000  0.532     0.00     0.00 -1    -1e-30      0.00 7.548e-01 2.450e-01 2.759e-05 7.740e-06 6.924e-05 -1.000 1.636e-04 0.434 0.694 0.688 0.440 0.252 0.056 -0.189 -0.364 -0.383
0.00015547 -2.00000 10.04139 0.8216080666 2.4260535240    0.764  1.738  3.8367  2.882    4  0.000  0.532     0.00     0.00 -1    -1e-30      0.00 7.548e-01 2.450e-01 2.759e-05 7.740e-06 6.924e-05 -1.000 1.636e-04 0.426 0.696 0.699 0.438 0.238 0.032 -0.226 -0.413 -0.433
0.00015547 -2.00000 10.04139 0.8216593266 2.4260702133    0.764  1.742  3.8306  2.854    4  0.000  0.532     0.00     0.00 -1    -1e-30      0.00 7.548e-01 2.450e-01 2.759e-05 7.740e-06 6.924e-05 -1.000 1.636e-04 0.416 0.698 0.712 0.435 0.223 0.006 -0.267 -0.466 -0.487
0.00015547 -2.00000 10.04139 0.8216642141 2.4260718822    0.764  1.742  3.8300  2.852    4  0.000  0.532     0.00     0.00 -1    -1e-30      0.00 7.548e-01 2.450e-01 2.759e-05 7.740e-06 6.924e-05 -1.000 1.637e-04 0.415 0.698 0.714 0.435 0.222 0.003 -0.271 -0.471 -0.493
0.00015547 -2.00000 10.04139 0.8216732144 2.4260747433    0.764  1.743  3.8289  2.846    4  0.000  0.532     0.00     0.00 -1    -1e-30      0.00 7.548e-01 2.450e-01 2.759e-05 7.740e-06 6.924e-05 -1.000 1.636e-04 0.414 0.699 0.716 0.435 0.219 -0.001 -0.278 -0.481 -0.503
0.00015547 -2.00000 10.04139 0.8217262030 2.4260923862    0.764  1.747  3.8222  2.815    4  0.000  0.532     0.00     0.00 -1    -1e-30      0.00 7.548e-01 2.450e-01 2.759e-05 7.740e-06 6.924e-05 -1.000 1.637e-04 0.403 0.703 0.732 0.433 0.204 -0.029 -0.322 -0.540 -0.563
0.00015547 -2.00000 10.04139 0.8217779398 2.4261093140    0.764  1.751  3.8157  2.785    4  0.000  0.532     0.00     0.00 -1    -1e-30      0.00 7.548e-01 2.450e-01 2.759e-05 7.740e-06 6.924e-05 -1.000 1.637e-04 0.392 0.708 0.747 0.431 0.189 -0.056 -0.365 -0.598 -0.622
0.00015547 -2.00000 10.04139 0.8218331933 2.4261274338    0.765  1.756  3.8082  2.750    4  0.000  0.532     0.00     0.00 -1    -1e-30      0.00 7.548e-01 2.450e-01 2.760e-05 7.740e-06 6.924e-05 -1.000 1.637e-04 0.379 0.714 0.767 0.429 0.172 -0.087 -0.414 -0.664 -0.690
0.00015547 -2.00000 10.04139 0.8218857646 2.4261448383    0.765  1.762  3.8009  2.715    4  0.000  0.532     0.00     0.00 -1    -1e-30      0.00 7.548e-01 2.450e-01 2.760e-05 7.740e-06 6.924e-05 -1.000 1.637e-04 0.365 0.720 0.787 0.427 0.155 -0.118 -0.463 -0.730 -0.758
0.00015547 -2.00000 10.04139 0.8219361305 2.4261612892    0.765  1.767  3.7944  2.684    4  0.000  0.532     0.00     0.00 -1    -1e-30      0.00 7.548e-01 2.450e-01 2.760e-05 7.740e-06 6.924e-05 -1.000 1.636e-04 0.351 0.727 0.804 0.424 0.139 -0.146 -0.508 -0.790 -0.820
0.00015547 -2.00000 10.04139 0.8219881654 2.4261784554    0.765  1.774  3.7880  2.652    4  0.000  0.532     0.00     0.00 -1    -1e-30      0.00 7.548e-01 2.450e-01 2.760e-05 7.740e-06 6.924e-05 -1.000 1.636e-04 0.336 0.732 0.819 0.420 0.122 -0.175 -0.553 -0.849 -0.882
0.00015547 -2.00000 10.04139 0.8220391870 2.4261951447    0.765  1.779  3.7829  2.626    4  0.000  0.532     0.00     0.00 -1    -1e-30      0.00 7.548e-01 2.450e-01 2.760e-05 7.740e-06 6.924e-05 -1.000 1.636e-04 0.322 0.736 0.830 0.415 0.106 -0.200 -0.591 -0.899 -0.934
0.00015547 -2.00000 10.04139 0.8220907450 2.4262120724    0.765  1.786  3.7779  2.599    4  0.000  0.532     0.00     0.00 -1    -1e-30      0.00 7.548e-01 2.450e-01 2.760e-05 7.740e-06 6.924e-05 -1.000 1.636e-04 0.306 0.740 0.839 0.408 0.089 -0.226 -0.630 -0.950 -0.987
0.00015547 -2.00000 10.04139 0.8221423626 2.4262290001    0.765  1.793  3.7735  2.575    4  0.000  0.532     0.00     0.00 -1    -1e-30      0.00 7.548e-01 2.450e-01 2.760e-05 7.740e-06 6.924e-05 -1.000 1.637e-04 0.288 0.743 0.843 0.399 0.071 -0.252 -0.667 -0.999 -1.037
0.00015547 -2.00000 10.04139 0.8221943378 2.4262461662    0.765  1.800  3.7692  2.550    4  0.000  0.532     0.00     0.00 -1    -1e-30      0.00 7.548e-01 2.450e-01 2.760e-05 7.740e-06 6.924e-05 -1.000 1.636e-04 0.269 0.743 0.845 0.387 0.051 -0.280 -0.706 -1.049 -1.088
0.00015547 -2.00000 10.04139 0.8222046494 2.4262495041    0.765  1.791  3.7728  2.574    4  0.000  0.532     0.00     0.00 -1    -1e-30      0.00 7.548e-01 2.450e-01 2.760e-05 7.740e-06 6.924e-05 -1.000 1.636e-04 0.292 0.750 0.851 0.404 0.075 -0.249 -0.667 -1.000 -1.038
0.00015547 -2.00000 10.04139 0.8222579360 2.4262669086    0.765  1.807  3.7656  2.530    4  0.000  0.532     0.00     0.00 -1    -1e-30      0.00 7.548e-01 2.450e-01 2.760e-05 7.740e-06 6.924e-05 -1.000 1.636e-04 0.254 0.745 0.849 0.379 0.036 -0.302 -0.737 -1.088 -1.129
0.00015547 -2.00000 10.04139 0.8223104477 2.4262843132    0.765  1.826  3.7591  2.485    4  0.000  0.532     0.00     0.00 -1    -1e-30      0.00 7.548e-01 2.450e-01 2.760e-05 7.740e-06 6.924e-05 -1.000 1.637e-04 0.206 0.729 0.836 0.344 -0.012 -0.362 -0.814 -1.180 -1.225
0.00015547 -2.00000 10.04139 0.8223546147 2.4262986183    0.765  1.854  3.7514  2.425    4  0.000  0.532     0.00     0.00 -1    -1e-30      0.00 7.548e-01 2.450e-01 2.760e-05 7.740e-06 6.924e-05 -1.000 1.637e-04 0.134 0.701 0.805 0.288 -0.084 -0.447 -0.919 -1.301 -1.351
0.00015547 -2.00000 10.04139 0.8223785758 2.4263064861    0.765  1.887  3.7440  2.363    4  0.000  0.532     0.00     0.00 -1    -1e-30      0.00 7.548e-01 2.450e-01 2.760e-05 7.740e-06 6.924e-05 -1.000 1.636e-04 0.053 0.667 0.765 0.222 -0.164 -0.540 -1.031 -1.429 -1.483
0.00015547 -2.00000 10.04139 0.8223893642 2.4263100624    0.765  1.920  3.7374  2.303    4  0.000  0.532     0.00     0.00 -1    -1e-30      0.00 7.548e-01 2.450e-01 2.760e-05 7.740e-06 6.924e-05 -1.000 1.636e-04 -0.030 0.630 0.718 0.152 -0.247 -0.635 -1.143 -1.555 -1.613
0.00015547 -2.00000 10.04139 0.8223941922 2.4263117313    0.765  1.955  3.7316  2.246    4  0.000  0.532     0.00     0.00 -1    -1e-30      0.00 7.548e-01 2.450e-01 2.760e-05 7.740e-06 6.924e-05 -1.000 1.636e-04 -0.117 0.593 0.666 0.077 -0.334 -0.731 -1.255 -1.679 -1.741
0.00015547 -2.00000 10.04139 0.8223964572 2.4263124466    0.765  1.989  3.7269  2.192    4  0.000  0.532     0.00     0.00 -1    -1e-30      0.00 7.548e-01 2.450e-01 2.760e-05 7.740e-06 6.924e-05 -1.000 1.636e-04 -0.203 0.550 0.608 0.001 -0.419 -0.825 -1.362 -1.796 -1.861
0.00015547 -2.00000 10.04139 0.8223974109 2.4263126850    0.765  2.012  3.7242  2.158    7  0.000  0.532     0.00     0.00 -1    -1e-30      0.00 7.548e-01 2.450e-01 2.760e-05 7.740e-06 6.924e-05 -1.000 1.637e-04 -0.261 0.518 0.567 -0.050 -0.476 -0.887 -1.431 -1.871 -1.937
0.00015547 -2.00000 10.04139 0.8223977685 2.4263129234    0.765  2.025  3.7230  2.140    7  0.000  0.532     0.00     0.00 -1    -1e-30      0.00 7.548e-01 2.450e-01 2.760e-05 7.740e-06 6.924e-05 -1.000 1.636e-04 -0.293 0.498 0.543 -0.079 -0.508 -0.921 -1.468 -1.911 -1.978
0.00015547 -2.00000 10.04139 0.8223988414 2.4263131618    0.765  2.070  3.7191  2.080    7  0.000  0.532     0.00     0.00 -1    -1e-30      0.00 7.548e-01 2.450e-01 2.760e-05 7.740e-06 6.924e-05 -1.000 1.636e-04 -0.404 0.426 0.457 -0.181 -0.618 -1.038 -1.596 -2.048 -2.116
0.00015547 -2.00000 10.04139 0.8223997355 2.4263136387    0.765  2.107  3.7162  2.032    7  0.000  0.532     0.00     0.00 -1    -1e-30      0.00 7.548e-01 2.450e-01 2.760e-05 7.740e-06 6.924e-05 -1.000 1.638e-04 -0.497 0.366 0.384 -0.266 -0.709 -1.134 -1.700 -2.159 -2.229
0.00015547 -2.00000 10.04139 0.8224006295 2.4263138771    0.765  2.130  3.7145  2.001    7  0.000  0.532     0.00     0.00 -1    -1e-30      0.00 7.548e-01 2.450e-01 2.760e-05 7.740e-06 6.924e-05 -1.000 1.636e-04 -0.556 0.326 0.337 -0.321 -0.768 -1.196 -1.766 -2.229 -2.300
0.00015547 -2.00000 10.04139 0.8224015832 2.4263141155    0.765  2.150  3.7132  1.977    7  0.000  0.532     0.00     0.00 -1    -1e-30      0.00 7.548e-01 2.450e-01 2.760e-05 7.740e-06 6.924e-05 -1.000 1.636e-04 -0.604 0.293 0.297 -0.366 -0.816 -1.247 -1.821 -2.286 -2.358
0.00015547 -2.00000 10.04139 0.8224037290 2.4263148308    0.765  2.157  3.7129  1.968    7  0.000  0.532     0.00     0.00 -1    -1e-30      0.00 7.548e-01 2.450e-01 2.760e-05 7.740e-06 6.924e-05 -1.000 1.636e-04 -0.623 0.279 0.281 -0.384 -0.835 -1.266 -1.841 -2.307 -2.379
0.00015547 -2.00000 10.04139 0.8224058747 2.4263155460    0.765  2.140  3.7141  1.990    7  0.000  0.532     0.00     0.00 -1    -1e-30      0.00 7.548e-01 2.450e-01 2.760e-05 7.740e-06 6.924e-05 -1.000 1.636e-04 -0.581 0.306 0.315 -0.345 -0.793 -1.222 -1.794 -2.257 -2.329
0.00015547 -2.00000 10.04139 0.8224258423 2.4263219833    0.765  2.139  3.7138  1.990    7  0.000  0.532     0.00     0.00 -1    -1e-30      0.00 7.548e-01 2.450e-01 2.760e-05 7.740e-06 6.924e-05 -1.000 1.636e-04 -0.577 0.312 0.320 -0.341 -0.789 -1.219 -1.791 -2.255 -2.327
0.00015547 -2.00000 10.04139 0.8224413991 2.4263272285    0.765  2.169  3.7116  1.952    7  0.000  0.532     0.00     0.00 -1    -1e-30      0.00 7.548e-01 2.450e-01 2.760e-05 7.740e-06 6.924e-05 -1.000 1.636e-04 -0.651 0.266 0.262 -0.409 -0.862 -1.296 -1.875 -2.344 -2.417
0.00015547 -2.00000 10.04139 0.8224620223 2.4263339043    0.765  2.217  3.7082  1.890    7  0.000  0.532     0.00     0.00 -1    -1e-30      0.00 7.548e-01 2.450e-01 2.760e-05 7.740e-06 6.924e-05 -1.000 1.637e-04 -0.773 0.190 0.167 -0.521 -0.982 -1.422 -2.011 -2.487 -2.562
0.00015547 -2.00000 10.04139 0.8224804401 2.4263401031    0.765  2.271  3.7046  1.821    7  0.000  0.532     0.00     0.00 -1    -1e-30      0.00 7.548e-01 2.450e-01 2.760e-05 7.740e-06 6.924e-05 -1.000 1.636e-04 -0.908 0.104 0.059 -0.646 -1.116 -1.563 -2.162 -2.647 -2.724
0.00015547 -2.00000 10.04139 0.8224971890 2.4263455868    0.765  2.321  3.7015  1.759    7  0.000  0.532     0.00     0.00 -1    -1e-30      0.00 7.548e-01 2.450e-01 2.759e-05 7.740e-06 6.924e-05 -1.000 1.636e-04 -1.033 0.024 -0.041 -0.762 -1.239 -1.692 -2.300 -2.793 -2.871
0.00015547 -2.00000 10.04139 0.8225122094 2.4263503551    0.765  2.365  3.6989  1.704    7  0.000  0.532     0.00     0.00 -1    -1e-30      0.00 7.548e-01 2.450e-01 2.759e-05 7.740e-06 6.924e-05 -1.000 1.608e-04 -1.143 -0.046 -0.128 -0.864 -1.347 -1.805 -2.421 -2.920 -3.000
0.00015547 -2.00000 10.04139 0.8225255013 2.4263548851    0.765  2.408  3.6964  1.651    7  0.000  0.531     0.00     0.00 -1    -1e-30      0.00 7.549e-01 2.450e-01 2.757e-05 7.745e-06 6.924e-05 -1.000 1.176e-04 -1.250 -0.113 -0.213 -0.962 -1.451 -1.914 -2.538 -3.043 -3.125
0.00015547 -2.00000 10.04139 0.8225371242 2.4263586998    0.765  2.450  3.6940  1.600    7  0.000  0.529     0.00     0.00 -1    -1e-30      0.00 7.549e-01 2.450e-01 2.749e-05 7.781e-06 6.925e-05 -1.000 1.498e-04 -1.354 -0.179 -0.296 -1.058 -1.553 -2.021 -2.652 -3.163 -3.246
0.00015547 -2.00000 10.04139 0.8225474954 2.4263620377    0.765  2.490  3.6917  1.550    7  0.000  0.523     0.00     0.00 -1    -1e-30      0.00 7.548e-01 2.451e-01 2.721e-05 7.985e-06 6.925e-05 -1.000 1.122e-04 -1.456 -0.243 -0.376 -1.151 -1.652 -2.125 -2.763 -3.281 -3.364
0.00015547 -2.00000 10.04139 0.8225567937 2.4263651371    0.765  2.531  3.6894  1.501    7  0.000  0.511     0.00     0.00 -1    -1e-30      0.00 7.547e-01 2.452e-01 2.663e-05 8.592e-06 6.926e-05 -1.000 1.634e-04 -1.557 -0.305 -0.456 -1.244 -1.751 -2.228 -2.874 -3.397 -3.482
0.00015547 -2.00000 10.04139 0.8225653768 2.4263679981    0.765  2.571  3.6870  1.451    7  0.000  0.496     0.00     0.00 -1    -1e-30      0.00 7.545e-01 2.453e-01 2.588e-05 9.487e-06 6.928e-05 -1.000 1.633e-04 -1.658 -0.363 -0.534 -1.336 -1.849 -2.331 -2.984 -3.514 -3.600
0.00015547 -2.00000 10.04139 0.8225733042 2.4263703823    0.765  2.612  3.6847  1.401    7  0.000  0.483     0.00     0.00 -1    -1e-30      0.00 7.544e-01 2.455e-01 2.518e-05 1.036e-05 6.930e-05 -1.000 1.597e-04 -1.760 -0.409 -0.608 -1.429 -1.949 -2.436 -3.097 -3.632 -3.719
0.00015547 -2.00000 10.04139 0.8225805759 2.4263727665    0.765  2.653  3.6823  1.351    7  0.000  0.471     0.00     0.00 -1    -1e-30      0.00 7.542e-01 2.457e-01 2.457e-05 1.111e-05 6.931e-05 -1.000 1.572e-04 -1.861 -0.435 -0.674 -1.521 -2.049 -2.541 -3.210 -3.751 -3.837
0.00015547 -2.00000 10.04139 0.8225875497 2.4263751507    0.765  2.693  3.6800  1.301    7  0.000  0.460     0.00     0.00 -1    -1e-30      0.00 7.540e-01 2.459e-01 2.404e-05 1.176e-05 6.932e-05 -1.000 1.630e-04 -1.962 -0.456 -0.737 -1.611 -2.149 -2.646 -3.322 -3.869 -3.955
0.00015547 -2.00000 10.04139 0.8225942254 2.4263772964    0.765  2.732  3.6777  1.252    7  0.000  0.452     0.00     0.00 -1    -1e-30      0.00 7.537e-01 2.461e-01 2.359e-05 1.232e-05 6.933e-05 -1.000 1.599e-04 -2.061 -0.467 -0.796 -1.699 -2.246 -2.749 -3.432 -3.985 -4.071
0.00015547 -2.00000 10.04139 0.8226006031 2.4263794422    0.765  2.772  3.6753  1.203    7  0.000  0.444     0.00     0.00 -1    -1e-30      0.00 7.535e-01 2.463e-01 2.320e-05 1.281e-05 6.932e-05 -1.000 1.564e-04 -2.160 -0.471 -0.851 -1.785 -2.343 -2.852 -3.543 -4.102 -4.187
0.00015547 -2.00000 10.04139 0.8226065636 2.4263813496    0.765  2.812  3.6730  1.154    7  0.000  0.438     0.00     0.00 -1    -1e-30      0.00 7.533e-01 2.465e-01 2.285e-05 1.324e-05 6.929e-05 -1.000 1.636e-04 -2.261 -0.469 -0.904 -1.872 -2.441 -2.957 -3.656 -4.221 -4.305
0.00015547 -2.00000 10.04139 0.8226116896 2.4263830185    0.765  2.852  3.6705  1.104    7  0.000  0.432     0.00     0.00 -1    -1e-30      0.00 7.531e-01 2.467e-01 2.257e-05 1.360e-05 6.924e-05 -1.000 1.637e-04 -2.361 -0.457 -0.951 -1.957 -2.539 -3.062 -3.769 -4.340 -4.424
0.00015547 -2.00000 10.04139 0.8226161003 2.4263844490    0.765  2.892  3.6681  1.054    7  0.000  0.428     0.00     0.00 -1    -1e-30      0.00 7.529e-01 2.469e-01 2.232e-05 1.392e-05 6.916e-05 -1.000 1.637e-04 -2.461 -0.436 -0.994 -2.039 -2.635 -3.165 -3.881 -4.458 -4.541
0.00015547 -2.00000 10.04139 0.8226198554 2.4263856411    0.765  2.933  3.6656  1.004    7  0.000  0.425     0.00     0.00 -1    -1e-30      0.00 7.527e-01 2.472e-01 2.210e-05 1.424e-05 6.904e-05 -1.000 1.637e-04 -2.562 -0.403 -1.032 -2.120 -2.732 -3.270 -3.995 -4.578 -4.661
0.00015547 -2.00000 10.04139 0.8226233125 2.4263868332    0.765  2.973  3.6631  0.954    7  0.000  0.422     0.00     0.00 -1    -1e-30      0.00 7.525e-01 2.474e-01 2.191e-05 1.455e-05 6.889e-05 -1.000 1.636e-04 -2.661 -0.353 -1.060 -2.197 -2.826 -3.374 -4.108 -4.698 -4.780
0.00015547 -2.00000 10.04139 0.8226268291 2.4263880253    0.765  3.015  3.6603  0.900    7  0.000  0.420     0.00     0.00 -1    -1e-30      0.00 7.523e-01 2.476e-01 2.175e-05 1.486e-05 6.871e-05 -1.000 1.635e-04 -2.768 -0.283 -1.080 -2.275 -2.926 -3.485 -4.229 -4.826 -4.907
0.00015547 -2.00000 10.04139 0.8226298690 2.4263889790    0.765  3.056  3.6577  0.849    7  0.000  0.419     0.00     0.00 -1    -1e-30      0.00 7.521e-01 2.478e-01 2.164e-05 1.511e-05 6.855e-05 -1.000 1.622e-04 -2.870 -0.214 -1.097 -2.348 -3.019 -3.589 -4.345 -4.948 -5.029
0.00015547 -2.00000 10.04139 0.8226312399 2.4263894558    0.765  3.082  3.6560  0.816    7  0.000  0.419     0.00     0.00 -1    -1e-30      0.00 7.519e-01 2.479e-01 2.157e-05 1.532e-05 6.841e-05 -1.000 1.634e-04 -2.936 -0.204 -1.121 -2.396 -3.078 -3.654 -4.418 -5.025 -5.107
0.00015547 -2.00000 10.04139 0.8226318359 2.4263896942    0.765  3.066  3.6570  0.836    7  0.000  0.418     0.00     0.00 -1    -1e-30      0.00 7.518e-01 2.480e-01 2.151e-05 1.549e-05 6.830e-05 -1.000 1.636e-04 -2.894 -0.208 -1.104 -2.365 -3.040 -3.613 -4.372 -4.977 -5.058
0.00015547 -2.00000 10.04139 0.8226319551 2.4263896942    0.765  3.068  3.6568  0.833    7  0.000  0.418     0.00     0.00 -1    -1e-30      0.00 7.518e-01 2.480e-01 2.150e-05 1.551e-05 6.828e-05 -1.000 1.637e-04 -2.899 -0.207 -1.106 -2.369 -3.045 -3.619 -4.378 -4.984 -5.065
0.00015547 -2.00000 10.04139 0.8226321936 2.4263896942    0.765  3.082  3.6559  0.815    7  0.000  0.418     0.00     0.00 -1    -1e-30      0.00 7.518e-01 2.481e-01 2.149e-05 1.554e-05 6.826e-05 -1.000 1.636e-04 -2.936 -0.202 -1.120 -2.396 -3.078 -3.655 -4.418 -5.026 -5.108
0.00015547 -2.00000 10.04139 0.8226323128 2.4263899326    0.765  3.094  3.6552  0.800    7  0.000  0.418     0.00     0.00 -1    -1e-30      0.00 7.518e-01 2.481e-01 2.148e-05 1.556e-05 6.825e-05 -1.000 1.636e-04 -2.965 -0.198 -1.131 -2.418 -3.104 -3.684 -4.451 -5.061 -5.143
0.00015547 -2.00000 10.04139 0.8226324916 2.4263899326    0.765  3.111  3.6540  0.779    7  0.000  0.418     0.00     0.00 -1    -1e-30      0.00 7.517e-01 2.481e-01 2.146e-05 1.561e-05 6.821e-05 -1.000 1.637e-04 -3.008 -0.190 -1.146 -2.449 -3.142 -3.726 -4.498 -5.111 -5.193
0.00015547 -2.00000 10.04139 0.8226327300 2.4263899326    0.765  3.137  3.6523  0.746    7  0.000  0.418     0.00     0.00 -1    -1e-30      0.00 7.517e-01 2.482e-01 2.141e-05 1.576e-05 6.810e-05 -1.000 1.636e-04 -3.072 -0.177 -1.168 -2.495 -3.199 -3.790 -4.569 -5.187 -5.270
0.00015547 -2.00000 10.04139 0.8226330876 2.4263901711    0.765  3.187  3.6487  0.682    7  0.000  0.417     0.00     0.00 -1    -1e-30      0.00 7.513e-01 2.486e-01 2.122e-05 1.639e-05 6.766e-05 -1.000 1.637e-04 -3.196 -0.145 -1.207 -2.582 -3.308 -3.912 -4.707 -5.335 -5.419
0.00015547 -2.00000 10.04139 0.8226337433 2.4263904095    0.765  3.242  3.6447  0.611    7  0.549  0.416     0.00     0.00 -1    -1e-30      0.00 7.508e-01 2.490e-01 2.103e-05 1.711e-05 6.713e-05 -1.000 1.636e-04 -3.335 -0.105 -1.247 -2.677 -3.427 -4.047 -4.860 -5.501 -5.586
0.00015547 -2.00000 10.04139 0.8226338625 2.4263904095    0.765  3.414  3.6091  0.296    8  0.549  0.390    90.16    43.85  1 -1.18e-06      0.00 7.290e-01 2.706e-01 6.375e-05 5.931e-05 2.177e-04 -1.000 3.690e-04 -3.766 0.868 -0.816 -2.645 -3.617 -4.381 -5.380 -6.151 -6.261
0.00015547 -2.00000 10.04139 0.8226339221 2.4263904095    0.765  3.285  3.6174  0.458    8  0.549  0.390    63.58    32.41  1 -6.56e-07      0.00 7.290e-01 2.706e-01 6.375e-05 5.931e-05 2.177e-04 -1.000 3.690e-04 -3.443 0.760 -0.771 -2.473 -3.368 -4.085 -5.033 -5.775 -5.879
0.00015547 -2.00000 10.04139 0.8226339817 2.4263904095    0.764  3.143  3.6303  0.652    8  0.549  0.390    41.86    22.56  1 -3.36e-07      0.00 7.290e-01 2.706e-01 6.375e-05 5.931e-05 2.177e-04 -1.000 3.690e-04 -3.087 0.524 -0.769 -2.301 -3.105 -3.764 -4.642 -5.337 -5.432
0.00015547 -2.00000 10.04139 0.8226341605 2.4263904095    0.762  2.927  3.6499  0.945    8  0.549  0.390    22.25    13.05  1 -1.17e-07      0.00 7.290e-01 2.706e-01 6.375e-05 5.931e-05 2.177e-04 -1.000 3.690e-04 -2.547 0.232 -0.693 -1.980 -2.668 -3.253 -4.040 -4.671 -4.755
0.00015547 -2.00000 10.04139 0.8226343393 2.4263904095    0.759  2.932  3.6494  0.936    8  0.549  0.390    22.67    13.24  1 -1.22e-07      0.00 7.290e-01 2.706e-01 6.375e-05 5.931e-05 2.177e-04 -1.000 3.690e-04 -2.560 0.241 -0.693 -1.987 -2.678 -3.265 -4.054 -4.687 -4.772
0.00015547 -2.00000 10.04139 0.8226346374 2.4263906479    0.756  3.008  3.6424  0.830    8  0.550  0.390    28.50    16.10  1 -1.81e-07      0.00 7.290e-01 2.706e-01 6.375e-05 5.931e-05 2.177e-04 -1.000 3.690e-04 -2.750 0.339 -0.725 -2.105 -2.835 -3.447 -4.268 -4.922 -5.010
0.00015547 -2.00000 10.04139 0.8226349354 2.4263906479    0.752  3.162  3.6283  0.617    8  0.550  0.390    45.16    23.90  1 -3.88e-07      0.00 7.290e-01 2.706e-01 6.375e-05 5.931e-05 2.177e-04 -1.000 3.691e-04 -3.136 0.572 -0.761 -2.322 -3.140 -3.808 -4.697 -5.399 -5.495
0.00015547 -2.00000 10.04139 0.8226353526 2.4263908863    0.747  3.301  3.6155  0.425    8  0.550  0.390    68.41    34.10  1  -7.6e-07      0.00 7.290e-01 2.706e-01 6.375e-05 5.931e-05 2.177e-04 -1.000 3.690e-04 -3.482 0.813 -0.751 -2.480 -3.392 -4.119 -5.078 -5.826 -5.931
0.00015547 -2.00000 10.04139 0.8226357698 2.4263908863    0.742  3.393  3.6070  0.295    8  0.551  0.390    90.61    43.30  1 -1.19e-06      0.00 7.290e-01 2.706e-01 6.375e-05 5.931e-05 2.177e-04 -1.000 3.690e-04 -3.714 0.987 -0.720 -2.564 -3.547 -4.319 -5.330 -6.110 -6.223
0.00015547 -2.00000 10.04139 0.8226363063 2.4263911247    0.736  3.445  3.6022  0.221    8  0.551  0.390   106.34    49.49  1 -1.54e-06      0.00 7.290e-01 2.706e-01 6.375e-05 5.931e-05 2.177e-04 -1.000 3.690e-04 -3.841 1.093 -0.692 -2.601 -3.627 -4.427 -5.469 -6.267 -6.385
0.00015547 -2.00000 10.04139 0.8226368427 2.4263913631    0.729  3.471  3.5996  0.181    8  0.552  0.390   116.07    53.09  1 -1.78e-06      0.00 7.290e-01 2.706e-01 6.375e-05 5.931e-05 2.177e-04 -1.000 3.690e-04 -3.906 1.153 -0.673 -2.617 -3.667 -4.482 -5.540 -6.347 -6.468
0.00015547 -2.00000 10.04139 0.8226374388 2.4263916016    0.722  3.487  3.5984  0.155    8  0.552  0.390   122.91    55.44  0 -1.98e-06      0.00 7.290e-01 2.706e-01 6.375e-05 5.931e-05 2.177e-04 -1.000 3.691e-04 -3.948 1.181 -0.668 -2.632 -3.694 -4.518 -5.584 -6.396 -6.519
0.00015547 -2.00000 10.04139 0.8226397634 2.4263923168    0.554 -9.999  4.0000  1.705    9  0.554  0.000     0.00     0.00 -1    -1e-30      0.00 7.290e-01 2.706e-01 6.375e-05 5.931e-05 2.177e-04 -1.000 3.690e-04 29.767 29.804 30.050 30.100 30.093 30.084 30.127 30.123 30.138
#isochrone terminated
