# File generated by CMD 3.3 (http://stev.oapd.inaf.it/cmd) on Wed May 20 08:46:12 CEST 2020
# isochrones based on PARSEC release v1.2S +  COLIBRI S_35
# Basic references: Bressan et al. (2012), MNRAS, 427, 127 + Chen et al. (2014, 2015), MNRAS, 444, 2525 + MNRAS, 452, 1068 + Tang et al. (2014), MNRAS, 445, 4287 + Marigo et al. (2017), ApJ, 835, 77 + Pastorelli al. (2019), MNRAS in press
# Thermal pulse cycles included 
# On RGB, assumed Reimers mass loss with efficiency eta=0.2
# Photometric system: <i>UBVRIJHK</i> (cf. Maiz-Apellaniz 2006 + Bessell 1990)
# Using YBC version of bolometric corrections as in Chen et al. (2019)
# O-rich circumstellar dpmod60alox40 dust from Groenewegen (2006)
# C-rich circumstellar AMCSIC15 dust from Groenewegen (2006)
# IMF: Kroupa (2001, 2002) + Kroupa et al. (2013) canonical two-part-power law IMF corrected for unresolved binaries 
# Kind of output: isochrone tables
# Zini     MH   logAge Mini        int_IMF         Mass   logL    logTe  logg  label   McoreTP C_O  period0 period1 pmode  Mloss  tau1m   X   Y   Xc  Xn  Xo  Cexcess  Z 	 mbolmag  Umag    Bmag    Vmag    Rmag    Imag    Jmag    Hmag    Kmag
0.00015547 -2.00000 10.07918 0.0936335474 1.1156111956    0.094 -3.048  3.5137  5.463    1  0.000  0.545     0.00     0.00 -1 -6.83e-17      0.00 7.473e-01 2.525e-01 2.943e-05 7.939e-06 7.201e-05 -1.000 1.636e-04 12.390 18.219 16.027 14.135 12.815 11.610 10.504 10.222 10.148
0.00015547 -2.00000 10.07918 0.0979433879 1.1536935568    0.098 -2.915  3.5322  5.424    1  0.000  0.545     0.00     0.00 -1  -9.5e-17      0.00 7.463e-01 2.536e-01 2.943e-05 7.939e-06 7.201e-05 -1.000 1.636e-04 12.057 17.168 15.325 13.555 12.353 11.299 10.236 9.876 9.773
0.00015547 -2.00000 10.07918 0.1035686582 1.2002434731    0.103 -2.750  3.5551  5.375    1  0.000  0.545     0.00     0.00 -1 -1.43e-16      0.00 7.449e-01 2.550e-01 2.943e-05 7.939e-06 7.201e-05 -1.000 1.636e-04 11.645 15.945 14.469 12.885 11.798 10.907 9.906 9.469 9.342
0.00015547 -2.00000 10.07918 0.1234388798 1.3415665627    0.123 -2.474  3.5829  5.287    1  0.000  0.545     0.00     0.00 -1 -2.73e-16      0.00 7.417e-01 2.581e-01 2.943e-05 7.940e-06 7.201e-05 -1.000 1.637e-04 10.956 14.411 13.298 11.935 10.983 10.231 9.312 8.811 8.661
0.00015547 -2.00000 10.07918 0.1433091164 1.4560320377    0.143 -2.298  3.5964  5.229    1  0.000  0.545     0.00     0.00 -1 -4.07e-16      0.00 7.396e-01 2.602e-01 2.943e-05 7.940e-06 7.201e-05 -1.000 1.637e-04 10.514 13.613 12.652 11.384 10.499 9.793 8.914 8.393 8.233
0.00015547 -2.00000 10.07918 0.1631793380 1.5515257120    0.163 -2.160  3.6051  5.182    1  0.000  0.545     0.00     0.00 -1 -5.53e-16      0.00 7.384e-01 2.614e-01 2.943e-05 7.940e-06 7.201e-05 -1.000 1.637e-04 10.170 13.059 12.185 10.973 10.129 9.448 8.596 8.068 7.902
0.00015547 -2.00000 10.07918 0.2029198259 1.7036917210    0.203 -1.946  3.6168  5.109    1  0.000  0.545     0.00     0.00 -1 -8.82e-16      0.00 7.378e-01 2.621e-01 2.943e-05 7.940e-06 7.201e-05 -1.000 1.636e-04 9.634 12.261 11.496 10.353 9.562 8.912 8.095 7.562 7.393
0.00015547 -2.00000 10.07918 0.2525954247 1.8468697071    0.252 -1.749  3.6275  5.051    1  0.000  0.545     0.00     0.00 -1 -1.33e-15      0.00 7.380e-01 2.618e-01 2.943e-05 7.940e-06 7.201e-05 -1.000 1.636e-04 9.143 11.547 10.876 9.789 9.044 8.421 7.635 7.104 6.937
0.00015547 -2.00000 10.07918 0.3022710085 1.9574397802    0.302 -1.598  3.6363  5.013    1  0.000  0.545     0.00     0.00 -1  -1.8e-15      0.00 7.381e-01 2.618e-01 2.942e-05 7.941e-06 7.201e-05 -1.000 1.637e-04 8.765 10.995 10.397 9.353 8.643 8.042 7.282 6.757 6.596
0.00015547 -2.00000 10.07918 0.3519465625 2.0465965271    0.352 -1.473  3.6445  4.987    1  0.000  0.544     0.00     0.00 -1 -2.29e-15      0.00 7.382e-01 2.616e-01 2.940e-05 7.942e-06 7.201e-05 -1.000 1.636e-04 8.451 10.528 9.996 8.990 8.310 7.728 6.992 6.475 6.319
0.00015547 -2.00000 10.07918 0.4016221464 2.1207315922    0.401 -1.347  3.6534  4.955    1  0.000  0.545     0.00     0.00 -1 -2.97e-15      0.00 7.502e-01 2.496e-01 2.943e-05 7.939e-06 7.201e-05 -1.000 1.637e-04 8.139 10.053 9.594 8.627 7.978 7.416 6.705 6.198 6.050
0.00015547 -2.00000 10.07918 0.4512977004 2.1838121414    0.451 -1.194  3.6681  4.911    1  0.000  0.545     0.00     0.00 -1 -4.19e-15      0.00 7.507e-01 2.491e-01 2.943e-05 7.939e-06 7.201e-05 -1.000 1.637e-04 7.756 9.408 9.071 8.166 7.566 7.037 6.368 5.879 5.746
0.00015547 -2.00000 10.07918 0.5009732842 2.2384552956    0.501 -1.023  3.6852  4.854    1  0.000  0.545     0.00     0.00 -1  -6.3e-15      0.00 7.514e-01 2.484e-01 2.938e-05 7.927e-06 7.190e-05 -1.000 1.636e-04 7.328 8.695 8.496 7.662 7.113 6.618 5.997 5.535 5.417
0.00015547 -2.00000 10.07918 0.5506489277 2.2841949463    0.550 -0.819  3.7053  4.771    1  0.000  0.544     0.00     0.00 -1 -1.06e-14      0.00 7.848e-01 2.151e-01 2.566e-05 6.927e-06 6.286e-05 -1.000 9.984e-05 6.818 7.882 7.832 7.080 6.584 6.127 5.561 5.132 5.031
0.00015547 -2.00000 10.07918 0.6003244519 2.3213412762    0.600 -0.611  3.7305  4.701    1  0.000  0.544     0.00     0.00 -1 -1.77e-14      0.00 7.975e-01 2.024e-01 2.432e-05 6.570e-06 5.965e-05 -1.000 1.154e-04 6.297 7.049 7.148 6.496 6.057 5.645 5.144 4.756 4.674
0.00015547 -2.00000 10.07918 0.6074755192 2.3261165619    0.607 -0.579  3.7348  4.691    1  0.000  0.544     0.00     0.00 -1 -1.91e-14      0.00 7.997e-01 2.002e-01 2.409e-05 6.508e-06 5.909e-05 -1.000 1.078e-04 6.218 6.927 7.046 6.409 5.979 5.574 5.083 4.701 4.623
0.00015547 -2.00000 10.07918 0.6185930967 2.3332889080    0.618 -0.530  3.7414  4.676    1  0.000  0.543     0.00     0.00 -1 -2.16e-14      0.00 8.033e-01 1.965e-01 2.371e-05 6.406e-06 5.817e-05 -1.000 1.528e-04 6.094 6.738 6.886 6.274 5.857 5.463 4.988 4.616 4.542
0.00015547 -2.00000 10.07918 0.6284973621 2.3394334316    0.628 -0.485  3.7472  4.662    1  0.000  0.543     0.00     0.00 -1 -2.42e-14      0.00 8.067e-01 1.931e-01 2.335e-05 6.311e-06 5.732e-05 -1.000 1.417e-04 5.983 6.574 6.746 6.154 5.749 5.366 4.903 4.538 4.470
0.00015547 -2.00000 10.07918 0.6381110549 2.3451886177    0.638 -0.441  3.7528  4.647    1  0.000  0.543     0.00     0.00 -1 -1.22e-15      0.00 8.102e-01 1.897e-01 2.299e-05 6.215e-06 5.646e-05 -1.000 1.269e-04 5.874 6.416 6.609 6.038 5.645 5.271 4.821 4.463 4.400
0.00015547 -2.00000 10.07918 0.6494354606 2.3517167568    0.649 -0.389  3.7592  4.629    1  0.000  0.543     0.00     0.00 -1 -2.04e-14      0.00 8.145e-01 1.854e-01 2.254e-05 6.096e-06 5.539e-05 -1.000 1.116e-04 5.744 6.231 6.448 5.901 5.522 5.159 4.722 4.372 4.315
0.00015547 -2.00000 10.07918 0.6499999762 2.3520355225    0.650 -0.387  3.7595  4.628    1  0.000  0.543     0.00     0.00 -1  -3.1e-14      0.00 8.147e-01 1.851e-01 2.252e-05 6.090e-06 5.533e-05 -1.000 1.561e-04 5.737 6.222 6.440 5.894 5.515 5.153 4.717 4.368 4.311
0.00015547 -2.00000 10.07918 0.6588703394 2.3569593430    0.659 -0.345  3.7644  4.611    1  0.000  0.542     0.00     0.00 -1 -3.45e-14      0.00 8.190e-01 1.808e-01 2.207e-05 5.971e-06 5.426e-05 -1.000 1.637e-04 5.633 6.084 6.316 5.786 5.417 5.063 4.637 4.294 4.241
0.00015547 -2.00000 10.07918 0.6690781713 2.3624401093    0.669 -0.297  3.7698  4.591    1  0.000  0.542     0.00     0.00 -1 -3.92e-14      0.00 8.243e-01 1.756e-01 2.153e-05 5.825e-06 5.296e-05 -1.000 1.512e-04 5.512 5.926 6.171 5.661 5.303 4.957 4.543 4.206 4.158
0.00015547 -2.00000 10.07918 0.6787885427 2.3674783707    0.679 -0.250  3.7749  4.571    1  0.000  0.541     0.00     0.00 -1 -3.25e-14      0.00 8.296e-01 1.702e-01 2.097e-05 5.678e-06 5.164e-05 -1.000 1.357e-04 5.394 5.778 6.034 5.540 5.191 4.854 4.449 4.119 4.075
0.00015547 -2.00000 10.07918 0.6880588531 2.3721358776    0.688 -0.203  3.7798  4.550    1  0.000  0.541     0.00     0.00 -1  -1.5e-14      0.00 8.351e-01 1.648e-01 2.041e-05 5.528e-06 5.029e-05 -1.000 1.145e-04 5.278 5.633 5.899 5.422 5.082 4.752 4.357 4.032 3.993
0.00015547 -2.00000 10.07918 0.6962858438 2.3761501312    0.696 -0.160  3.7840  4.529    1  0.000  0.541     0.00     0.00 -1 -5.49e-15      0.00 8.401e-01 1.597e-01 1.988e-05 5.388e-06 4.903e-05 -1.000 1.187e-04 5.171 5.506 5.776 5.313 4.981 4.659 4.273 3.953 3.917
0.00015547 -2.00000 10.07918 0.6999999881 2.3779268265    0.700 -0.141  3.7859  4.519    1  0.000  0.540     0.00     0.00 -1 -5.95e-14      0.00 8.425e-01 1.574e-01 1.964e-05 5.322e-06 4.844e-05 -1.000 1.277e-04 5.122 5.448 5.720 5.263 4.935 4.616 4.234 3.917 3.883
0.00015547 -2.00000 10.07918 0.7091768384 2.3822250366    0.709 -0.090  3.7903  4.492    1  0.000  0.538     0.00     0.00 -1 -6.85e-14      0.00 8.478e-01 1.521e-01 1.909e-05 5.189e-06 4.727e-05 -1.000 1.202e-04 4.996 5.302 5.577 5.134 4.815 4.503 4.130 3.820 3.789
0.00015547 -2.00000 10.07918 0.7176503539 2.3860819340    0.717 -0.041  3.7943  4.464    1  0.000  0.537     0.00     0.00 -1 -7.87e-14      0.00 8.522e-01 1.477e-01 1.864e-05 5.082e-06 4.633e-05 -1.000 1.276e-04 4.873 5.165 5.438 5.009 4.698 4.393 4.028 3.725 3.697
0.00015547 -2.00000 10.07918 0.7260162234 2.3897883892    0.726  0.010  3.7982  4.434    1  0.000  0.535     0.00     0.00 -1 -9.12e-14      0.00 8.561e-01 1.438e-01 1.826e-05 4.991e-06 4.554e-05 -1.000 7.713e-05 4.745 5.023 5.295 4.878 4.575 4.276 3.920 3.623 3.598
0.00015547 -2.00000 10.07918 0.7332007885 2.3928937912    0.733  0.057  3.8015  4.404    1  0.000  0.533     0.00     0.00 -1 -1.04e-13      0.00 8.591e-01 1.408e-01 1.799e-05 4.928e-06 4.500e-05 -1.000 8.069e-05 4.629 4.897 5.166 4.759 4.462 4.169 3.820 3.529 3.506
0.00015547 -2.00000 10.07918 0.7401607633 2.3958363533    0.740  0.105  3.8046  4.373    1  0.000  0.531     0.00     0.00 -1 -1.07e-13      0.00 8.617e-01 1.382e-01 1.776e-05 4.876e-06 4.455e-05 -1.000 1.358e-04 4.508 4.769 5.033 4.636 4.345 4.058 3.716 3.430 3.409
0.00015547 -2.00000 10.07918 0.7471207976 2.3987157345    0.746  0.157  3.8075  4.336    1  0.000  0.530     0.00     0.00 -1 -1.72e-14      0.00 8.640e-01 1.358e-01 1.756e-05 4.831e-06 4.417e-05 -1.000 1.519e-04 4.379 4.634 4.891 4.503 4.218 3.936 3.600 3.321 3.301
0.00015547 -2.00000 10.07918 0.7500000000 2.3998889923    0.749  0.179  3.8086  4.321    1  0.000  0.529     0.00     0.00 -1  -1.5e-13      0.00 8.650e-01 1.349e-01 1.748e-05 4.814e-06 4.402e-05 -1.000 1.609e-04 4.323 4.576 4.831 4.447 4.164 3.884 3.551 3.274 3.254
0.00015547 -2.00000 10.07918 0.7513623834 2.4004404545    0.751  0.189  3.8093  4.313    1  0.000  0.529     0.00     0.00 -1 -1.55e-13      0.00 8.651e-01 1.348e-01 1.749e-05 4.816e-06 4.404e-05 -1.000 1.618e-04 4.297 4.549 4.802 4.420 4.138 3.859 3.528 3.252 3.233
0.00015547 -2.00000 10.07918 0.7594360113 2.4036624432    0.759  0.258  3.8126  4.262    1  0.000  0.529     0.00     0.00 -1 -1.92e-13      0.00 8.656e-01 1.343e-01 1.753e-05 4.830e-06 4.419e-05 -1.000 6.492e-05 4.124 4.371 4.615 4.243 3.968 3.696 3.372 3.103 3.085
0.00015547 -2.00000 10.07918 0.7647926807 2.4057569504    0.764  0.308  3.8146  4.223    1  0.000  0.529     0.00     0.00 -1 -2.24e-13      0.00 8.658e-01 1.341e-01 1.756e-05 4.841e-06 4.430e-05 -1.000 9.665e-05 3.999 4.245 4.481 4.115 3.844 3.575 3.256 2.992 2.974
0.00015547 -2.00000 10.07918 0.7698709965 2.4077117443    0.769  0.358  3.8160  4.182    1  0.000  0.528     0.00     0.00 -1 -2.63e-13      0.00 8.649e-01 1.350e-01 1.770e-05 4.881e-06 4.467e-05 -1.000 1.001e-04 3.874 4.119 4.348 3.987 3.719 3.453 3.137 2.877 2.860
0.00015547 -2.00000 10.07918 0.7740224004 2.4092876911    0.773  0.402  3.8166  4.142    1  0.000  0.528     0.00     0.00 -1 -3.05e-13      0.00 8.638e-01 1.361e-01 1.786e-05 4.923e-06 4.506e-05 -1.000 9.993e-05 3.764 4.010 4.234 3.875 3.609 3.344 3.030 2.771 2.754
0.00015547 -2.00000 10.07918 0.7756054401 2.4098837376    0.774  0.421  3.8163  4.123    1  0.000  0.528     0.00     0.00 -1 -3.26e-13      0.00 8.634e-01 1.365e-01 1.792e-05 4.939e-06 4.520e-05 -1.000 1.000e-04 3.717 3.964 4.186 3.827 3.560 3.296 2.981 2.722 2.704
0.00015547 -2.00000 10.07918 0.7799062133 2.4114885330    0.779  0.476  3.8145  4.063    1  0.000  0.528     0.00     0.00 -1 -3.93e-13      0.00 8.622e-01 1.377e-01 1.807e-05 4.983e-06 4.561e-05 -1.000 9.997e-05 3.579 3.834 4.050 3.688 3.420 3.153 2.833 2.571 2.553
0.00015547 -2.00000 10.07918 0.7829150558 2.4125993252    0.782  0.520  3.8118  4.010    1  0.000  0.528     0.00     0.00 -1 -4.61e-13      0.00 8.614e-01 1.385e-01 1.818e-05 5.013e-06 4.588e-05 -1.000 1.000e-04 3.470 3.733 3.948 3.580 3.308 3.036 2.711 2.444 2.425
0.00015547 -2.00000 10.07918 0.7835566401 2.4128348827    0.782  0.530  3.8110  3.997    1  0.000  0.528     0.00     0.00 -1  -4.8e-13      0.00 8.613e-01 1.386e-01 1.821e-05 5.020e-06 4.594e-05 -1.000 9.993e-05 3.445 3.710 3.925 3.556 3.282 3.009 2.682 2.413 2.394
0.00015547 -2.00000 10.07918 0.7841680050 2.4130589962    0.783  0.541  3.8098  3.982    2  0.000  0.528     0.00     0.00 -1 -5.01e-13      0.00 8.611e-01 1.388e-01 1.823e-05 5.026e-06 4.600e-05 -1.000 9.993e-05 3.419 3.687 3.902 3.530 3.253 2.979 2.649 2.378 2.359
0.00015547 -2.00000 10.07918 0.7862255573 2.4138100147    0.785  0.580  3.8044  3.923    2  0.000  0.528     0.00     0.00 -1 -5.84e-13      0.00 8.606e-01 1.393e-01 1.831e-05 5.047e-06 4.619e-05 -1.000 9.996e-05 3.321 3.605 3.820 3.435 3.149 2.867 2.524 2.243 2.221
0.00015547 -2.00000 10.07918 0.7878014445 2.4143824577    0.786  0.615  3.7978  3.862    2  0.000  0.528     0.00     0.00 -1 -6.79e-13      0.00 8.601e-01 1.398e-01 1.836e-05 5.063e-06 4.634e-05 -1.000 9.993e-05 3.233 3.538 3.754 3.352 3.054 2.761 2.403 2.110 2.084
0.00015547 -2.00000 10.07918 0.7890366316 2.4148290157    0.787  0.647  3.7899  3.799    2  0.000  0.528     0.00     0.00 -1 -7.85e-13      0.00 8.597e-01 1.402e-01 1.843e-05 5.082e-06 4.651e-05 -1.000 1.065e-04 3.153 3.486 3.702 3.278 2.967 2.660 2.285 1.976 1.947
0.00015547 -2.00000 10.07918 0.7900331020 2.4151883125    0.788  0.676  3.7812  3.736    2  0.000  0.529     0.00     0.00 -1 -9.02e-13      0.00 8.557e-01 1.442e-01 1.888e-05 5.202e-06 4.760e-05 -1.000 9.391e-05 3.080 3.447 3.663 3.214 2.887 2.566 2.170 1.846 1.811
0.00015547 -2.00000 10.07918 0.7908694744 2.4154889584    0.789  0.703  3.7727  3.675    2  0.000  0.530     0.00     0.00 -1 -1.03e-12      0.00 8.390e-01 1.609e-01 2.054e-05 5.653e-06 5.166e-05 -1.000 8.826e-05 3.012 3.420 3.629 3.154 2.811 2.477 2.062 1.722 1.682
0.00015547 -2.00000 10.07918 0.7916075587 2.4157536030    0.790  0.731  3.7648  3.616    2  0.000  0.533     0.00     0.00 -1 -1.18e-12      0.00 8.110e-01 1.888e-01 2.322e-05 6.372e-06 5.809e-05 -1.000 1.181e-04 2.943 3.392 3.593 3.094 2.737 2.389 1.956 1.602 1.557
0.00015547 -2.00000 10.07918 0.7922626138 2.4159882069    0.791  0.761  3.7578  3.558    2  0.000  0.535     0.00     0.00 -1 -1.35e-12      0.00 7.921e-01 2.078e-01 2.501e-05 6.849e-06 6.236e-05 -1.000 1.167e-04 2.866 3.357 3.548 3.026 2.656 2.297 1.847 1.482 1.431
0.00015547 -2.00000 10.07918 0.7929115295 2.4162199497    0.791  0.801  3.7514  3.493    2  0.000  0.536     0.00     0.00 -1 -1.58e-12      0.00 7.808e-01 2.191e-01 2.608e-05 7.137e-06 6.492e-05 -1.000 1.547e-04 2.768 3.300 3.480 2.937 2.555 2.185 1.721 1.345 1.290
0.00015547 -2.00000 10.07918 0.7934238315 2.4164028168    0.792  0.839  3.7473  3.438    2  0.000  0.536     0.00     0.00 -1 -1.85e-12      0.00 7.753e-01 2.245e-01 2.660e-05 7.275e-06 6.616e-05 -1.000 1.636e-04 2.672 3.233 3.403 2.847 2.456 2.080 1.605 1.222 1.164
0.00015547 -2.00000 10.07918 0.7937740684 2.4165275097    0.792  0.869  3.7448  3.399    2  0.000  0.536     0.00     0.00 -1 -2.07e-12      0.00 7.725e-01 2.273e-01 2.686e-05 7.346e-06 6.679e-05 -1.000 1.637e-04 2.598 3.178 3.341 2.777 2.382 2.001 1.520 1.132 1.072
0.00015547 -2.00000 10.07918 0.7940821648 2.4166371822    0.792  0.899  3.7431  3.362    3  0.000  0.536     0.00     0.00 -1 -2.31e-12      0.00 7.707e-01 2.291e-01 2.703e-05 7.388e-06 6.717e-05 -1.000 1.448e-04 2.523 3.116 3.275 2.705 2.306 1.923 1.438 1.047 0.986
0.00015547 -2.00000 10.07918 0.7944860458 2.4167807102    0.793  0.940  3.7410  3.313    3  0.000  0.537     0.00     0.00 -1 -2.68e-12      0.00 7.685e-01 2.313e-01 2.721e-05 7.437e-06 6.760e-05 -1.000 1.424e-04 2.420 3.029 3.182 2.606 2.204 1.816 1.326 0.931 0.868
0.00015547 -2.00000 10.07918 0.7948929667 2.4169251919    0.793  0.984  3.7391  3.262    3  0.000  0.537     0.00     0.00 -1 -3.15e-12      0.00 7.666e-01 2.333e-01 2.736e-05 7.477e-06 6.796e-05 -1.000 1.407e-04 2.311 2.935 3.082 2.499 2.094 1.704 1.208 0.809 0.745
0.00015547 -2.00000 10.07918 0.7952827215 2.4170634747    0.793  1.028  3.7374  3.211    3  0.000  0.537     0.00     0.00 -1  -3.7e-12      0.00 7.648e-01 2.350e-01 2.747e-05 7.509e-06 6.825e-05 -1.000 1.624e-04 2.199 2.837 2.979 2.391 1.983 1.590 1.089 0.686 0.621
0.00015547 -2.00000 10.07918 0.7956970334 2.4172103405    0.793  1.079  3.7356  3.153    3  0.000  0.537     0.00     0.00 -1 -4.44e-12      0.00 7.631e-01 2.367e-01 2.758e-05 7.539e-06 6.851e-05 -1.000 1.637e-04 2.072 2.726 2.861 2.268 1.856 1.460 0.954 0.547 0.481
0.00015547 -2.00000 10.07918 0.7960445881 2.4173333645    0.794  1.125  3.7341  3.102    3  0.000  0.537     0.00     0.00 -1 -5.23e-12      0.00 7.617e-01 2.381e-01 2.766e-05 7.561e-06 6.870e-05 -1.000 1.636e-04 1.958 2.624 2.754 2.156 1.743 1.344 0.834 0.423 0.356
0.00015547 -2.00000 10.07918 0.7963963151 2.4174578190    0.794  1.175  3.7326  3.046    3  0.000  0.537     0.00     0.00 -1 -6.26e-12      0.00 7.603e-01 2.395e-01 2.772e-05 7.580e-06 6.887e-05 -1.000 1.464e-04 1.834 2.513 2.637 2.035 1.619 1.218 0.702 0.287 0.220
0.00015547 -2.00000 10.07918 0.7967413664 2.4175796509    0.794  1.228  3.7310  2.986    3  0.000  0.536     0.00     0.00 -1 -7.57e-12      0.00 7.590e-01 2.409e-01 2.777e-05 7.599e-06 6.902e-05 -1.000 1.506e-04 1.701 2.394 2.513 1.906 1.486 1.083 0.563 0.144 0.076
0.00015547 -2.00000 10.07918 0.7970198989 2.4176778793    0.794  1.275  3.7295  2.934    3  0.000  0.536     0.00     0.00 -1 -8.96e-12      0.00 7.579e-01 2.420e-01 2.779e-05 7.616e-06 6.912e-05 -1.000 1.616e-04 1.584 2.289 2.402 1.791 1.369 0.964 0.439 0.017 -0.052
0.00015547 -2.00000 10.07918 0.7972885370 2.4177725315    0.795  1.324  3.7280  2.879    3  0.000  0.535     0.00     0.00 -1 -1.07e-11      0.00 7.569e-01 2.430e-01 2.779e-05 7.634e-06 6.921e-05 -1.000 1.638e-04 1.461 2.181 2.287 1.671 1.247 0.839 0.310 -0.116 -0.185
0.00015547 -2.00000 10.07918 0.7975298762 2.4178576469    0.795  1.372  3.7266  2.825    3  0.000  0.535     0.00     0.00 -1 -1.27e-11      0.00 7.560e-01 2.438e-01 2.777e-05 7.655e-06 6.928e-05 -1.000 1.633e-04 1.341 2.075 2.175 1.554 1.127 0.717 0.184 -0.246 -0.315
0.00015547 -2.00000 10.07918 0.7977485657 2.4179346561    0.795  1.419  3.7250  2.771    3  0.000  0.534     0.00     0.00 -1 -1.51e-11      0.00 7.553e-01 2.445e-01 2.775e-05 7.681e-06 6.934e-05 -1.000 1.621e-04 1.222 1.971 2.064 1.438 1.009 0.596 0.059 -0.374 -0.445
0.00015547 -2.00000 10.07918 0.7979442477 2.4180035591    0.795  1.466  3.7236  2.719    3  0.000  0.533     0.00     0.00 -1 -1.78e-11      0.00 7.547e-01 2.451e-01 2.771e-05 7.708e-06 6.938e-05 -1.000 1.628e-04 1.106 1.868 1.955 1.325 0.893 0.478 -0.064 -0.500 -0.571
0.00015547 -2.00000 10.07918 0.7981293797 2.4180686474    0.795  1.514  3.7220  2.664    3  0.000  0.532     0.00     0.00 -1 -2.12e-11      0.00 7.542e-01 2.456e-01 2.768e-05 7.739e-06 6.941e-05 -1.000 1.636e-04 0.985 1.762 1.843 1.208 0.773 0.356 -0.190 -0.631 -0.702
0.00015547 -2.00000 10.07918 0.7982938290 2.4181263447    0.795  1.561  3.7204  2.611    3  0.000  0.531     0.00     0.00 -1 -2.51e-11      0.00 7.539e-01 2.460e-01 2.764e-05 7.768e-06 6.944e-05 -1.000 1.637e-04 0.868 1.659 1.734 1.094 0.657 0.237 -0.314 -0.759 -0.831
0.00015547 -2.00000 10.07918 0.7984399796 2.4181778431    0.795  1.606  3.7189  2.559    3  0.000  0.531     0.00     0.00 -1 -2.96e-11      0.00 7.536e-01 2.462e-01 2.762e-05 7.790e-06 6.945e-05 -1.000 1.636e-04 0.754 1.560 1.629 0.984 0.544 0.121 -0.434 -0.882 -0.955
0.00015547 -2.00000 10.07918 0.7985723615 2.4182243347    0.794  1.651  3.7174  2.508    3  0.000  0.530     0.00     0.00 -1 -3.48e-11      0.00 7.535e-01 2.463e-01 2.760e-05 7.803e-06 6.946e-05 -1.000 1.627e-04 0.642 1.463 1.526 0.876 0.433 0.008 -0.552 -1.004 -1.078
0.00015547 -2.00000 10.07918 0.7986964583 2.4182677269    0.794  1.697  3.7157  2.456    3  0.000  0.530     0.00     0.00 -1 -4.11e-11      0.00 7.534e-01 2.464e-01 2.759e-05 7.811e-06 6.947e-05 -1.000 1.636e-04 0.528 1.368 1.422 0.765 0.319 -0.109 -0.674 -1.130 -1.204
0.00015547 -2.00000 10.07918 0.7988060713 2.4183063507    0.794  1.741  3.7141  2.405    3  0.000  0.530     0.00     0.00 -1 -4.82e-11      0.00 7.534e-01 2.464e-01 2.759e-05 7.815e-06 6.947e-05 -1.000 1.637e-04 0.417 1.278 1.322 0.658 0.209 -0.222 -0.791 -1.251 -1.326
0.00015547 -2.00000 10.07918 0.7989073396 2.4183418751    0.794  1.785  3.7126  2.355    3  0.000  0.530     0.00     0.00 -1 -5.66e-11      0.00 7.534e-01 2.465e-01 2.759e-05 7.816e-06 6.948e-05 -1.000 1.637e-04 0.307 1.186 1.221 0.551 0.099 -0.335 -0.909 -1.372 -1.447
0.00015547 -2.00000 10.07918 0.7990002632 2.4183745384    0.794  1.829  3.7109  2.304    3  0.000  0.530     0.00     0.00 -1 -6.64e-11      0.00 7.534e-01 2.465e-01 2.759e-05 7.816e-06 6.948e-05 -1.000 1.637e-04 0.197 1.096 1.122 0.445 -0.011 -0.447 -1.026 -1.493 -1.569
0.00015547 -2.00000 10.07918 0.7990828753 2.4184033871    0.794  1.872  3.7093  2.255    3  0.000  0.530     0.00     0.00 -1 -5.75e-11      0.00 7.534e-01 2.465e-01 2.759e-05 7.816e-06 6.948e-05 -1.000 1.636e-04 0.091 1.010 1.027 0.343 -0.116 -0.555 -1.139 -1.610 -1.687
0.00015547 -2.00000 10.07918 0.7991592288 2.4184300900    0.793  1.914  3.7078  2.207    3  0.000  0.530     0.00     0.00 -1 -5.83e-11      0.00 7.534e-01 2.465e-01 2.759e-05 7.817e-06 6.948e-05 -1.000 1.636e-04 -0.015 0.926 0.932 0.242 -0.221 -0.663 -1.251 -1.725 -1.803
0.00015547 -2.00000 10.07918 0.7992325425 2.4184558392    0.793  1.958  3.7061  2.156    3  0.000  0.530     0.00     0.00 -1 -6.86e-11      0.00 7.534e-01 2.465e-01 2.759e-05 7.817e-06 6.948e-05 -1.000 1.637e-04 -0.124 0.839 0.835 0.137 -0.329 -0.774 -1.367 -1.846 -1.925
0.00015547 -2.00000 10.07918 0.7992953062 2.4184777737    0.793  1.998  3.7045  2.109    3  0.000  0.530     0.00     0.00 -1 -8.22e-11      0.00 7.534e-01 2.465e-01 2.759e-05 7.817e-06 6.948e-05 -1.000 1.636e-04 -0.225 0.760 0.746 0.041 -0.429 -0.877 -1.475 -1.958 -2.037
0.00015547 -2.00000 10.07918 0.7993533611 2.4184982777    0.792  2.038  3.7029  2.063    3  0.000  0.530     0.00     0.00 -1 -9.82e-11      0.00 7.533e-01 2.465e-01 2.759e-05 7.818e-06 6.948e-05 -1.000 1.636e-04 -0.325 0.680 0.657 -0.055 -0.528 -0.979 -1.582 -2.069 -2.149
0.00015547 -2.00000 10.07918 0.7994087934 2.4185175896    0.792  2.079  3.7013  2.015    3  0.000  0.530     0.00     0.00 -1 -1.18e-10      0.00 7.533e-01 2.465e-01 2.759e-05 7.818e-06 6.948e-05 -1.000 1.636e-04 -0.428 0.599 0.567 -0.153 -0.630 -1.083 -1.691 -2.182 -2.263
0.00015547 -2.00000 10.07918 0.7994572520 2.4185345173    0.792  2.117  3.6997  1.970    3  0.000  0.530     0.00     0.00 -1 -1.39e-10      0.00 7.533e-01 2.465e-01 2.759e-05 7.818e-06 6.948e-05 -1.000 1.637e-04 -0.523 0.529 0.485 -0.244 -0.724 -1.181 -1.793 -2.289 -2.370
0.00015547 -2.00000 10.07918 0.7995026112 2.4185504913    0.791  2.155  3.6982  1.926    3  0.000  0.530     0.00     0.00 -1 -1.63e-10      0.00 7.533e-01 2.465e-01 2.759e-05 7.818e-06 6.949e-05 -1.000 1.636e-04 -0.617 0.460 0.404 -0.332 -0.816 -1.276 -1.893 -2.392 -2.475
0.00015547 -2.00000 10.07918 0.7995497584 2.4185669422    0.791  2.189  3.6968  1.886    3  0.000  0.530     0.00     0.00 -1 -1.91e-10      0.00 7.533e-01 2.465e-01 2.759e-05 7.819e-06 6.949e-05 -1.000 1.636e-04 -0.704 0.397 0.329 -0.415 -0.902 -1.365 -1.986 -2.489 -2.572
0.00015547 -2.00000 10.07918 0.7996020913 2.4185853004    0.790  2.219  3.6956  1.851    3  0.000  0.530     0.00     0.00 -1  -2.2e-10      0.00 7.533e-01 2.465e-01 2.759e-05 7.819e-06 6.949e-05 -1.000 1.637e-04 -0.778 0.342 0.265 -0.485 -0.976 -1.440 -2.065 -2.571 -2.654
0.00015547 -2.00000 10.07918 0.7996307611 2.4185953140    0.790  2.211  3.6962  1.861    3  0.000  0.530     0.00     0.00 -1 -2.19e-10      0.00 7.533e-01 2.465e-01 2.759e-05 7.819e-06 6.949e-05 -1.000 1.636e-04 -0.758 0.353 0.279 -0.468 -0.956 -1.420 -2.043 -2.547 -2.630
0.00015547 -2.00000 10.07918 0.7996371984 2.4185976982    0.790  2.218  3.6959  1.853    3  0.000  0.530     0.00     0.00 -1 -2.24e-10      0.00 7.533e-01 2.465e-01 2.759e-05 7.819e-06 6.949e-05 -1.000 1.636e-04 -0.775 0.341 0.265 -0.484 -0.973 -1.437 -2.062 -2.567 -2.650
0.00015547 -2.00000 10.07918 0.7996729612 2.4186100960    0.789  2.259  3.6941  1.804    3  0.000  0.530     0.00     0.00 -1 -2.64e-10      0.00 7.533e-01 2.465e-01 2.759e-05 7.819e-06 6.949e-05 -1.000 1.636e-04 -0.878 0.269 0.178 -0.581 -1.075 -1.542 -2.172 -2.682 -2.766
0.00015547 -2.00000 10.07918 0.7997089624 2.4186227322    0.788  2.303  3.6923  1.753    3  0.000  0.530     0.00     0.00 -1 -3.16e-10      0.00 7.533e-01 2.465e-01 2.759e-05 7.819e-06 6.949e-05 -1.000 1.636e-04 -0.988 0.189 0.084 -0.684 -1.183 -1.654 -2.289 -2.803 -2.888
0.00015547 -2.00000 10.07918 0.7997395992 2.4186334610    0.788  2.343  3.6904  1.705    3  0.000  0.530     0.00     0.00 -1 -3.72e-10      0.00 7.533e-01 2.465e-01 2.759e-05 7.819e-06 6.949e-05 -1.000 1.636e-04 -1.087 0.121 0.002 -0.777 -1.280 -1.755 -2.396 -2.915 -3.001
0.00015547 -2.00000 10.07918 0.7997697592 2.4186439514    0.787  2.384  3.6885  1.656    3  0.000  0.530     0.00     0.00 -1 -4.42e-10      0.00 7.533e-01 2.465e-01 2.759e-05 7.820e-06 6.949e-05 -1.000 1.636e-04 -1.191 0.052 -0.084 -0.874 -1.382 -1.860 -2.508 -3.032 -3.119
0.00015547 -2.00000 10.07918 0.7997978330 2.4186537266    0.786  2.426  3.6868  1.607    3  0.000  0.530     0.00     0.00 -1 -5.23e-10      0.00 7.533e-01 2.465e-01 2.759e-05 7.820e-06 6.949e-05 -1.000 1.636e-04 -1.295 -0.019 -0.171 -0.971 -1.484 -1.966 -2.620 -3.149 -3.236
0.00015547 -2.00000 10.07918 0.7998224497 2.4186625481    0.786  2.465  3.6848  1.559    3  0.000  0.530     0.00     0.00 -1 -6.14e-10      0.00 7.533e-01 2.465e-01 2.759e-05 7.820e-06 6.949e-05 -1.000 1.636e-04 -1.393 -0.035 -0.237 -1.064 -1.584 -2.070 -2.729 -3.263 -3.348
0.00015547 -2.00000 10.07918 0.7998468280 2.4186708927    0.785  2.507  3.6829  1.510    3  0.000  0.530     0.00     0.00 -1 -7.25e-10      0.00 7.533e-01 2.465e-01 2.759e-05 7.820e-06 6.949e-05 -1.000 1.636e-04 -1.497 -0.059 -0.308 -1.163 -1.690 -2.179 -2.844 -3.384 -3.467
0.00015547 -2.00000 10.07918 0.7998684645 2.4186785221    0.784  2.546  3.6811  1.462    3  0.000  0.530     0.00     0.00 -1  -8.5e-10      0.00 7.533e-01 2.465e-01 2.759e-05 7.820e-06 6.949e-05 -1.000 1.636e-04 -1.596 -0.160 -0.397 -1.251 -1.782 -2.276 -2.947 -3.492 -3.579
0.00015547 -2.00000 10.07918 0.7998886704 2.4186856747    0.783  2.586  3.6792  1.414    3  0.000  0.530     0.00     0.00 -1 -9.96e-10      0.00 7.533e-01 2.465e-01 2.759e-05 7.820e-06 6.949e-05 -1.000 1.636e-04 -1.695 -0.191 -0.465 -1.341 -1.880 -2.378 -3.056 -3.605 -3.692
0.00015547 -2.00000 10.07918 0.7999078631 2.4186923504    0.782  2.626  3.6773  1.366    3  0.000  0.530     0.00     0.00 -1 -1.17e-09      0.00 7.533e-01 2.465e-01 2.759e-05 7.820e-06 6.949e-05 -1.000 1.636e-04 -1.795 -0.220 -0.533 -1.432 -1.979 -2.481 -3.165 -3.720 -3.806
0.00015547 -2.00000 10.07918 0.7999285460 2.4186995029    0.780  2.673  3.6749  1.309    3  0.000  0.530     0.00     0.00 -1 -1.41e-09      0.00 7.533e-01 2.465e-01 2.759e-05 7.820e-06 6.949e-05 -1.000 1.636e-04 -1.911 -0.241 -0.605 -1.536 -2.093 -2.602 -3.294 -3.854 -3.940
0.00015547 -2.00000 10.07918 0.7999452353 2.4187054634    0.779  2.713  3.6729  1.260    3  0.000  0.530     0.00     0.00 -1 -1.65e-09      0.00 7.533e-01 2.465e-01 2.759e-05 7.820e-06 6.949e-05 -1.000 1.636e-04 -2.012 -0.258 -0.667 -1.625 -2.192 -2.706 -3.404 -3.970 -4.055
0.00015547 -2.00000 10.07918 0.7999623418 2.4187114239    0.777  2.758  3.6705  1.205    3  0.000  0.530     0.00     0.00 -1 -1.97e-09      0.00 7.533e-01 2.465e-01 2.759e-05 7.820e-06 6.949e-05 -1.000 1.636e-04 -2.124 -0.260 -0.728 -1.722 -2.301 -2.822 -3.529 -4.100 -4.185
0.00015547 -2.00000 10.07918 0.7999765277 2.4187164307    0.776  2.797  3.6686  1.157    3  0.000  0.530     0.00     0.00 -1 -2.31e-09      0.00 7.533e-01 2.465e-01 2.759e-05 7.821e-06 6.949e-05 -1.000 1.637e-04 -2.223 -0.267 -0.784 -1.809 -2.398 -2.924 -3.638 -4.214 -4.298
0.00015547 -2.00000 10.07918 0.7999909520 2.4187214375    0.774  2.840  3.6661  1.102    3  0.000  0.530     0.00     0.00 -1 -2.74e-09      0.00 7.533e-01 2.465e-01 2.759e-05 7.821e-06 6.949e-05 -1.000 1.637e-04 -2.331 -0.245 -0.832 -1.898 -2.501 -3.036 -3.758 -4.341 -4.425
0.00015547 -2.00000 10.07918 0.8000000119 2.4187245369    0.772  2.869  3.6647  1.067    3  0.000  0.530     0.00     0.00 -1 -3.07e-09      0.00 7.533e-01 2.465e-01 2.759e-05 7.821e-06 6.949e-05 -1.000 1.636e-04 -2.404 -0.239 -0.868 -1.959 -2.571 -3.111 -3.838 -4.425 -4.508
0.00015547 -2.00000 10.07918 0.8000029922 2.4187254906    0.772  2.879  3.6642  1.055    3  0.000  0.530     0.00     0.00 -1 -3.18e-09      0.00 7.533e-01 2.465e-01 2.759e-05 7.821e-06 6.949e-05 -1.000 1.636e-04 -2.427 -0.237 -0.879 -1.979 -2.594 -3.135 -3.864 -4.452 -4.535
0.00015547 -2.00000 10.07918 0.8000156283 2.4187300205    0.770  2.922  3.6617  1.001    3  0.000  0.530     0.00     0.00 -1 -3.74e-09      0.00 7.533e-01 2.465e-01 2.759e-05 7.821e-06 6.949e-05 -1.000 1.636e-04 -2.535 -0.198 -0.918 -2.065 -2.697 -3.246 -3.985 -4.580 -4.662
0.00015547 -2.00000 10.07918 0.8000283837 2.4187345505    0.767  2.969  3.6593  0.943    3  0.000  0.530     0.00     0.00 -1 -4.46e-09      0.00 7.533e-01 2.465e-01 2.759e-05 7.821e-06 6.949e-05 -1.000 1.636e-04 -2.652 -0.152 -0.955 -2.156 -2.808 -3.368 -4.116 -4.717 -4.798
0.00015547 -2.00000 10.07918 0.8000388145 2.4187381268    0.764  3.010  3.6568  0.890    3  0.000  0.530     0.00     0.00 -1 -5.23e-09      0.00 7.533e-01 2.465e-01 2.759e-05 7.821e-06 6.949e-05 -1.000 1.636e-04 -2.755 -0.110 -0.984 -2.231 -2.901 -3.471 -4.230 -4.838 -4.919
0.00015547 -2.00000 10.07918 0.8000476956 2.4187412262    0.762  3.047  3.6548  0.844    3  0.000  0.530     0.00     0.00 -1 -6.02e-09      0.00 7.533e-01 2.465e-01 2.759e-05 7.821e-06 6.949e-05 -1.000 1.636e-04 -2.848 -0.108 -1.025 -2.303 -2.985 -3.564 -4.332 -4.944 -5.026
0.00015547 -2.00000 10.07918 0.8000569344 2.4187445641    0.759  3.088  3.6523  0.792    3  0.000  0.530     0.00     0.00 -1 -7.03e-09      0.00 7.533e-01 2.466e-01 2.759e-05 7.822e-06 6.949e-05 -1.000 1.637e-04 -2.949 -0.095 -1.064 -2.378 -3.077 -3.665 -4.444 -5.063 -5.146
0.00015547 -2.00000 10.07918 0.8000663519 2.4187476635    0.755  3.132  3.6498  0.735    3  0.000  0.530     0.00     0.00 -1 -8.32e-09      0.00 7.533e-01 2.466e-01 2.759e-05 7.822e-06 6.949e-05 -1.000 1.636e-04 -3.060 -0.086 -1.110 -2.462 -3.177 -3.776 -4.565 -5.191 -5.275
0.00015547 -2.00000 10.07918 0.8000742793 2.4187505245    0.751  3.172  3.6473  0.683    3  0.000  0.530     0.00     0.00 -1 -9.71e-09      0.00 7.533e-01 2.466e-01 2.759e-05 7.822e-06 6.949e-05 -1.000 1.636e-04 -3.160 -0.069 -1.147 -2.534 -3.265 -3.873 -4.674 -5.307 -5.392
0.00015547 -2.00000 10.07918 0.8000822067 2.4187533855    0.747  3.214  3.6449  0.629    3  0.000  0.530     0.00     0.00 -1 -1.14e-08      0.00 7.533e-01 2.466e-01 2.759e-05 7.822e-06 6.949e-05 -1.000 1.636e-04 -3.265 -0.056 -1.187 -2.610 -3.358 -3.976 -4.788 -5.429 -5.515
0.00015547 -2.00000 10.07918 0.8000895977 2.4187557697    0.742  3.253  3.6424  0.577    3  0.000  0.530     0.00     0.00 -1 -1.33e-08      0.00 7.533e-01 2.466e-01 2.759e-05 7.822e-06 6.949e-05 -1.000 1.636e-04 -3.364 -0.034 -1.219 -2.679 -3.444 -4.073 -4.896 -5.544 -5.631
0.00015547 -2.00000 10.07918 0.8000916839 2.4187567234    0.741  3.263  3.6419  0.564    3  0.000  0.530     0.00     0.00 -1 -1.39e-08      0.00 7.533e-01 2.466e-01 2.759e-05 7.822e-06 6.949e-05 -1.000 1.637e-04 -3.388 -0.030 -1.228 -2.697 -3.465 -4.096 -4.923 -5.572 -5.659
0.00015547 -2.00000 10.07918 0.8000916839 2.4187567234    0.741  1.672  3.9019  3.195    4  0.000  0.532     0.00     0.00 -1    -1e-30      0.00 7.549e-01 2.450e-01 2.759e-05 7.739e-06 6.924e-05 -1.000 1.636e-04 0.589 0.765 0.674 0.581 0.506 0.420 0.300 0.233 0.220
0.00015547 -2.00000 10.07918 0.8000925183 2.4187569618    0.741  1.682  3.8960  3.161    4  0.000  0.532     0.00     0.00 -1    -1e-30      0.00 7.549e-01 2.450e-01 2.759e-05 7.739e-06 6.924e-05 -1.000 1.636e-04 0.565 0.747 0.658 0.551 0.467 0.371 0.239 0.164 0.151
0.00015547 -2.00000 10.07918 0.8001458645 2.4187755585    0.741  1.697  3.8891  3.119    4  0.000  0.532     0.00     0.00 -1    -1e-30      0.00 7.549e-01 2.450e-01 2.759e-05 7.739e-06 6.924e-05 -1.000 1.637e-04 0.527 0.718 0.632 0.509 0.413 0.306 0.161 0.076 0.062
0.00015547 -2.00000 10.07918 0.8001978397 2.4187936783    0.741  1.697  3.8898  3.122    4  0.000  0.532     0.00     0.00 -1    -1e-30      0.00 7.549e-01 2.450e-01 2.759e-05 7.739e-06 6.924e-05 -1.000 1.637e-04 0.527 0.716 0.629 0.508 0.414 0.308 0.165 0.081 0.067
0.00015547 -2.00000 10.07918 0.8002499342 2.4188120365    0.741  1.697  3.8906  3.125    4  0.000  0.532     0.00     0.00 -1    -1e-30      0.00 7.549e-01 2.450e-01 2.759e-05 7.739e-06 6.924e-05 -1.000 1.637e-04 0.527 0.715 0.628 0.509 0.416 0.311 0.169 0.087 0.073
0.00015547 -2.00000 10.07918 0.8003025651 2.4188303947    0.741  1.697  3.8914  3.128    4  0.000  0.532     0.00     0.00 -1    -1e-30      0.00 7.549e-01 2.450e-01 2.759e-05 7.739e-06 6.924e-05 -1.000 1.636e-04 0.527 0.715 0.626 0.509 0.418 0.314 0.174 0.093 0.079
0.00015547 -2.00000 10.07918 0.8003565669 2.4188492298    0.741  1.697  3.8921  3.131    4  0.000  0.532     0.00     0.00 -1    -1e-30      0.00 7.549e-01 2.450e-01 2.759e-05 7.739e-06 6.924e-05 -1.000 1.636e-04 0.527 0.714 0.625 0.510 0.420 0.317 0.179 0.098 0.084
0.00015547 -2.00000 10.07918 0.8004102111 2.4188678265    0.741  1.697  3.8927  3.133    4  0.000  0.532     0.00     0.00 -1    -1e-30      0.00 7.549e-01 2.450e-01 2.759e-05 7.739e-06 6.924e-05 -1.000 1.636e-04 0.527 0.713 0.624 0.511 0.421 0.320 0.182 0.103 0.089
0.00015547 -2.00000 10.07918 0.8004603386 2.4188854694    0.741  1.697  3.8930  3.135    4  0.000  0.532     0.00     0.00 -1    -1e-30      0.00 7.549e-01 2.450e-01 2.759e-05 7.739e-06 6.924e-05 -1.000 1.637e-04 0.527 0.713 0.624 0.511 0.422 0.321 0.184 0.105 0.091
0.00015547 -2.00000 10.07918 0.8005144596 2.4189043045    0.741  1.697  3.8931  3.135    4  0.000  0.532     0.00     0.00 -1    -1e-30      0.00 7.549e-01 2.450e-01 2.759e-05 7.739e-06 6.924e-05 -1.000 1.637e-04 0.526 0.712 0.623 0.510 0.421 0.321 0.184 0.105 0.091
0.00015547 -2.00000 10.07918 0.8005643487 2.4189217091    0.741  1.698  3.8928  3.133    4  0.000  0.532     0.00     0.00 -1    -1e-30      0.00 7.549e-01 2.450e-01 2.759e-05 7.739e-06 6.924e-05 -1.000 1.636e-04 0.525 0.711 0.622 0.509 0.419 0.318 0.181 0.102 0.088
0.00015547 -2.00000 10.07918 0.8006148934 2.4189393520    0.741  1.699  3.8921  3.130    4  0.000  0.532     0.00     0.00 -1    -1e-30      0.00 7.549e-01 2.450e-01 2.759e-05 7.739e-06 6.924e-05 -1.000 1.636e-04 0.524 0.710 0.622 0.507 0.416 0.314 0.175 0.095 0.081
0.00015547 -2.00000 10.07918 0.8006679416 2.4189579487    0.741  1.700  3.8909  3.124    4  0.000  0.532     0.00     0.00 -1    -1e-30      0.00 7.549e-01 2.450e-01 2.759e-05 7.739e-06 6.924e-05 -1.000 1.636e-04 0.521 0.710 0.621 0.503 0.411 0.307 0.166 0.084 0.070
0.00015547 -2.00000 10.07918 0.8007231355 2.4189772606    0.741  1.701  3.8892  3.116    4  0.000  0.532     0.00     0.00 -1    -1e-30      0.00 7.549e-01 2.450e-01 2.759e-05 7.739e-06 6.924e-05 -1.000 1.637e-04 0.518 0.708 0.622 0.499 0.404 0.297 0.152 0.068 0.053
0.00015547 -2.00000 10.07918 0.8007746339 2.4189951420    0.741  1.702  3.8870  3.105    4  0.000  0.532     0.00     0.00 -1    -1e-30      0.00 7.549e-01 2.450e-01 2.759e-05 7.739e-06 6.924e-05 -1.000 1.637e-04 0.514 0.707 0.624 0.495 0.395 0.284 0.135 0.047 0.032
0.00015547 -2.00000 10.07918 0.8008250594 2.4190127850    0.741  1.704  3.8842  3.092    4  0.000  0.532     0.00     0.00 -1    -1e-30      0.00 7.549e-01 2.450e-01 2.759e-05 7.739e-06 6.924e-05 -1.000 1.636e-04 0.509 0.706 0.627 0.490 0.385 0.269 0.115 0.022 0.007
0.00015547 -2.00000 10.07918 0.8008781075 2.4190311432    0.741  1.707  3.8806  3.076    4  0.000  0.532     0.00     0.00 -1    -1e-30      0.00 7.549e-01 2.450e-01 2.759e-05 7.739e-06 6.924e-05 -1.000 1.636e-04 0.503 0.705 0.630 0.483 0.371 0.249 0.088 -0.011 -0.027
0.00015547 -2.00000 10.07918 0.8009281754 2.4190487862    0.742  1.710  3.8766  3.057    4  0.000  0.532     0.00     0.00 -1    -1e-30      0.00 7.549e-01 2.450e-01 2.759e-05 7.739e-06 6.924e-05 -1.000 1.637e-04 0.496 0.704 0.635 0.477 0.358 0.228 0.058 -0.048 -0.063
0.00015547 -2.00000 10.07918 0.8009784818 2.4190661907    0.742  1.713  3.8720  3.036    4  0.000  0.532     0.00     0.00 -1    -1e-30      0.00 7.549e-01 2.450e-01 2.759e-05 7.739e-06 6.924e-05 -1.000 1.636e-04 0.489 0.703 0.641 0.471 0.342 0.204 0.025 -0.089 -0.105
0.00015547 -2.00000 10.07918 0.8010303378 2.4190843105    0.742  1.716  3.8666  3.011    4  0.000  0.532     0.00     0.00 -1    -1e-30      0.00 7.549e-01 2.450e-01 2.759e-05 7.739e-06 6.924e-05 -1.000 1.637e-04 0.480 0.702 0.649 0.464 0.325 0.177 -0.014 -0.138 -0.155
0.00015547 -2.00000 10.07918 0.8010834455 2.4191029072    0.742  1.720  3.8604  2.982    4  0.000  0.532     0.00     0.00 -1    -1e-30      0.00 7.549e-01 2.450e-01 2.759e-05 7.739e-06 6.924e-05 -1.000 1.636e-04 0.469 0.701 0.659 0.457 0.305 0.146 -0.059 -0.195 -0.212
0.00015547 -2.00000 10.07918 0.8011329770 2.4191200733    0.742  1.724  3.8540  2.952    4  0.000  0.532     0.00     0.00 -1    -1e-30      0.00 7.549e-01 2.450e-01 2.759e-05 7.739e-06 6.924e-05 -1.000 1.636e-04 0.459 0.700 0.670 0.453 0.288 0.115 -0.104 -0.253 -0.271
0.00015547 -2.00000 10.07918 0.8011376858 2.4191217422    0.742  1.725  3.8533  2.949    4  0.000  0.532     0.00     0.00 -1    -1e-30      0.00 7.549e-01 2.450e-01 2.759e-05 7.739e-06 6.924e-05 -1.000 1.636e-04 0.458 0.700 0.671 0.452 0.286 0.113 -0.108 -0.259 -0.277
0.00015547 -2.00000 10.07918 0.8011463284 2.4191248417    0.742  1.726  3.8522  2.943    4  0.000  0.532     0.00     0.00 -1    -1e-30      0.00 7.549e-01 2.450e-01 2.759e-05 7.739e-06 6.924e-05 -1.000 1.636e-04 0.456 0.700 0.673 0.451 0.283 0.107 -0.116 -0.269 -0.287
0.00015547 -2.00000 10.07918 0.8011974692 2.4191427231    0.742  1.730  3.8453  2.911    4  0.000  0.532     0.00     0.00 -1    -1e-30      0.00 7.549e-01 2.450e-01 2.759e-05 7.739e-06 6.924e-05 -1.000 1.636e-04 0.444 0.700 0.686 0.447 0.265 0.075 -0.163 -0.331 -0.350
0.00015547 -2.00000 10.07918 0.8012473583 2.4191598892    0.742  1.735  3.8383  2.879    4  0.000  0.532     0.00     0.00 -1    -1e-30      0.00 7.549e-01 2.450e-01 2.759e-05 7.739e-06 6.924e-05 -1.000 1.636e-04 0.433 0.700 0.699 0.442 0.246 0.044 -0.211 -0.393 -0.413
0.00015547 -2.00000 10.07918 0.8013007045 2.4191784859    0.742  1.740  3.8303  2.841    4  0.000  0.532     0.00     0.00 -1    -1e-30      0.00 7.549e-01 2.450e-01 2.759e-05 7.739e-06 6.924e-05 -1.000 1.637e-04 0.419 0.702 0.715 0.438 0.226 0.008 -0.265 -0.465 -0.486
0.00015547 -2.00000 10.07918 0.8013514280 2.4191963673    0.742  1.746  3.8223  2.804    4  0.000  0.532     0.00     0.00 -1    -1e-30      0.00 7.549e-01 2.450e-01 2.759e-05 7.739e-06 6.924e-05 -1.000 1.637e-04 0.405 0.705 0.732 0.434 0.206 -0.027 -0.319 -0.537 -0.560
0.00015547 -2.00000 10.07918 0.8014001250 2.4192132950    0.742  1.752  3.8151  2.769    4  0.000  0.532     0.00     0.00 -1    -1e-30      0.00 7.549e-01 2.450e-01 2.759e-05 7.739e-06 6.924e-05 -1.000 1.636e-04 0.391 0.708 0.747 0.429 0.187 -0.059 -0.369 -0.603 -0.627
0.00015547 -2.00000 10.07918 0.8014503121 2.4192306995    0.742  1.758  3.8076  2.733    4  0.000  0.532     0.00     0.00 -1    -1e-30      0.00 7.549e-01 2.450e-01 2.759e-05 7.739e-06 6.924e-05 -1.000 1.636e-04 0.375 0.712 0.765 0.425 0.167 -0.093 -0.422 -0.673 -0.699
0.00015547 -2.00000 10.07918 0.8014996052 2.4192478657    0.742  1.764  3.8007  2.699    4  0.000  0.532     0.00     0.00 -1    -1e-30      0.00 7.549e-01 2.450e-01 2.759e-05 7.739e-06 6.924e-05 -1.000 1.636e-04 0.360 0.716 0.781 0.421 0.149 -0.124 -0.470 -0.737 -0.765
0.00015547 -2.00000 10.07918 0.8015493751 2.4192652702    0.742  1.770  3.7942  2.667    4  0.000  0.532     0.00     0.00 -1    -1e-30      0.00 7.549e-01 2.450e-01 2.759e-05 7.739e-06 6.924e-05 -1.000 1.636e-04 0.344 0.721 0.796 0.417 0.131 -0.154 -0.516 -0.798 -0.828
0.00015547 -2.00000 10.07918 0.8015992641 2.4192826748    0.742  1.777  3.7882  2.636    4  0.000  0.532     0.00     0.00 -1    -1e-30      0.00 7.549e-01 2.450e-01 2.759e-05 7.739e-06 6.924e-05 -1.000 1.636e-04 0.327 0.723 0.808 0.410 0.112 -0.184 -0.561 -0.857 -0.890
0.00015547 -2.00000 10.07918 0.8016495109 2.4193000793    0.742  1.786  3.7816  2.601    4  0.000  0.532     0.00     0.00 -1    -1e-30      0.00 7.549e-01 2.450e-01 2.759e-05 7.739e-06 6.924e-05 -1.000 1.637e-04 0.304 0.724 0.818 0.399 0.088 -0.220 -0.614 -0.925 -0.960
0.00015547 -2.00000 10.07918 0.8016594648 2.4193034172    0.742  1.781  3.7831  2.612    4  0.000  0.532     0.00     0.00 -1    -1e-30      0.00 7.549e-01 2.450e-01 2.759e-05 7.739e-06 6.924e-05 -1.000 1.637e-04 0.317 0.732 0.824 0.410 0.101 -0.204 -0.594 -0.902 -0.937
0.00015547 -2.00000 10.07918 0.8017110229 2.4193215370    0.742  1.794  3.7754  2.568    4  0.000  0.532     0.00     0.00 -1    -1e-30      0.00 7.549e-01 2.450e-01 2.759e-05 7.739e-06 6.924e-05 -1.000 1.637e-04 0.285 0.731 0.829 0.391 0.067 -0.252 -0.662 -0.989 -1.026
0.00015547 -2.00000 10.07918 0.8017617464 2.4193391800    0.742  1.811  3.7675  2.519    4  0.000  0.532     0.00     0.00 -1    -1e-30      0.00 7.549e-01 2.450e-01 2.759e-05 7.739e-06 6.924e-05 -1.000 1.637e-04 0.242 0.725 0.826 0.363 0.024 -0.310 -0.741 -1.087 -1.128
0.00015547 -2.00000 10.07918 0.8018044829 2.4193539619    0.743  1.839  3.7579  2.454    4  0.000  0.532     0.00     0.00 -1    -1e-30      0.00 7.549e-01 2.450e-01 2.759e-05 7.739e-06 6.924e-05 -1.000 1.637e-04 0.173 0.704 0.808 0.313 -0.046 -0.397 -0.853 -1.221 -1.266
0.00015547 -2.00000 10.07918 0.8018276095 2.4193620682    0.743  1.871  3.7489  2.385    4  0.000  0.532     0.00     0.00 -1    -1e-30      0.00 7.549e-01 2.450e-01 2.759e-05 7.739e-06 6.924e-05 -1.000 1.636e-04 0.092 0.675 0.776 0.250 -0.127 -0.494 -0.973 -1.360 -1.412
0.00015547 -2.00000 10.07918 0.8018380404 2.4193656445    0.743  1.905  3.7411  2.320    4  0.000  0.532     0.00     0.00 -1    -1e-30      0.00 7.549e-01 2.450e-01 2.759e-05 7.739e-06 6.924e-05 -1.000 1.636e-04 0.007 0.640 0.734 0.181 -0.211 -0.592 -1.090 -1.494 -1.550
0.00015547 -2.00000 10.07918 0.8018427491 2.4193673134    0.743  1.941  3.7343  2.257    4  0.000  0.532     0.00     0.00 -1    -1e-30      0.00 7.549e-01 2.450e-01 2.759e-05 7.739e-06 6.924e-05 -1.000 1.637e-04 -0.083 0.606 0.684 0.106 -0.300 -0.693 -1.209 -1.628 -1.688
0.00015547 -2.00000 10.07918 0.8018448949 2.4193680286    0.743  1.976  3.7290  2.201    4  0.000  0.532     0.00     0.00 -1    -1e-30      0.00 7.549e-01 2.450e-01 2.759e-05 7.739e-06 6.924e-05 -1.000 1.636e-04 -0.170 0.565 0.628 0.030 -0.386 -0.789 -1.320 -1.750 -1.813
0.00015547 -2.00000 10.07918 0.8018458486 2.4193682671    0.743  1.999  3.7260  2.166    7  0.000  0.532     0.00     0.00 -1    -1e-30      0.00 7.549e-01 2.450e-01 2.759e-05 7.739e-06 6.924e-05 -1.000 1.636e-04 -0.228 0.534 0.588 -0.022 -0.444 -0.852 -1.390 -1.827 -1.892
0.00015547 -2.00000 10.07918 0.8018461466 2.4193685055    0.743  2.009  3.7249  2.151    7  0.000  0.532     0.00     0.00 -1    -1e-30      0.00 7.549e-01 2.450e-01 2.759e-05 7.739e-06 6.924e-05 -1.000 1.636e-04 -0.254 0.519 0.570 -0.045 -0.469 -0.879 -1.421 -1.860 -1.925
0.00015547 -2.00000 10.07918 0.8018471003 2.4193687439    0.743  2.049  3.7211  2.096    7  0.000  0.532     0.00     0.00 -1    -1e-30      0.00 7.549e-01 2.450e-01 2.759e-05 7.739e-06 6.924e-05 -1.000 1.637e-04 -0.354 0.456 0.494 -0.136 -0.568 -0.985 -1.537 -1.985 -2.052
0.00015547 -2.00000 10.07918 0.8018479943 2.4193692207    0.743  2.088  3.7178  2.044    7  0.000  0.532     0.00     0.00 -1    -1e-30      0.00 7.549e-01 2.450e-01 2.759e-05 7.739e-06 6.924e-05 -1.000 1.637e-04 -0.450 0.395 0.419 -0.224 -0.664 -1.086 -1.647 -2.102 -2.172
0.00015547 -2.00000 10.07918 0.8018488288 2.4193694592    0.743  2.121  3.7152  2.001    7  0.000  0.532     0.00     0.00 -1    -1e-30      0.00 7.549e-01 2.450e-01 2.759e-05 7.739e-06 6.924e-05 -1.000 1.636e-04 -0.533 0.341 0.355 -0.300 -0.745 -1.172 -1.740 -2.201 -2.272
0.00015547 -2.00000 10.07918 0.8018497229 2.4193696976    0.743  2.149  3.7132  1.964    7  0.000  0.532     0.00     0.00 -1    -1e-30      0.00 7.549e-01 2.450e-01 2.759e-05 7.739e-06 6.924e-05 -1.000 1.636e-04 -0.604 0.295 0.298 -0.366 -0.815 -1.246 -1.820 -2.286 -2.358
0.00015547 -2.00000 10.07918 0.8018512130 2.4193701744    0.743  2.168  3.7121  1.941    7  0.000  0.532     0.00     0.00 -1    -1e-30      0.00 7.549e-01 2.450e-01 2.759e-05 7.739e-06 6.924e-05 -1.000 1.636e-04 -0.649 0.264 0.261 -0.409 -0.861 -1.294 -1.871 -2.339 -2.411
0.00015547 -2.00000 10.07918 0.8018538356 2.4193711281    0.743  2.149  3.7136  1.966    7  0.000  0.532     0.00     0.00 -1    -1e-30      0.00 7.549e-01 2.450e-01 2.759e-05 7.739e-06 6.924e-05 -1.000 1.637e-04 -0.601 0.294 0.298 -0.365 -0.813 -1.243 -1.816 -2.281 -2.353
0.00015547 -2.00000 10.07918 0.8018707633 2.4193770885    0.743  2.139  3.7139  1.978    7  0.000  0.532     0.00     0.00 -1    -1e-30      0.00 7.549e-01 2.450e-01 2.759e-05 7.739e-06 6.924e-05 -1.000 1.636e-04 -0.576 0.314 0.320 -0.340 -0.788 -1.218 -1.790 -2.254 -2.325
0.00015547 -2.00000 10.07918 0.8018867373 2.4193825722    0.743  2.164  3.7118  1.944    7  0.000  0.532     0.00     0.00 -1    -1e-30      0.00 7.549e-01 2.450e-01 2.759e-05 7.739e-06 6.924e-05 -1.000 1.636e-04 -0.640 0.275 0.271 -0.399 -0.851 -1.285 -1.863 -2.331 -2.404
0.00015547 -2.00000 10.07918 0.8019060493 2.4193892479    0.743  2.210  3.7086  1.885    7  0.000  0.532     0.00     0.00 -1    -1e-30      0.00 7.549e-01 2.450e-01 2.759e-05 7.739e-06 6.924e-05 -1.000 1.637e-04 -0.754 0.204 0.182 -0.504 -0.964 -1.404 -1.991 -2.467 -2.541
0.00015547 -2.00000 10.07918 0.8019245267 2.4193956852    0.743  2.257  3.7055  1.826    7  0.000  0.532     0.00     0.00 -1    -1e-30      0.00 7.549e-01 2.450e-01 2.759e-05 7.739e-06 6.924e-05 -1.000 1.636e-04 -0.872 0.131 0.089 -0.613 -1.080 -1.525 -2.122 -2.605 -2.682
0.00015547 -2.00000 10.07918 0.8019415736 2.4194016457    0.743  2.303  3.7025  1.768    7  0.000  0.532     0.00     0.00 -1    -1e-30      0.00 7.549e-01 2.450e-01 2.759e-05 7.739e-06 6.924e-05 -1.000 1.636e-04 -0.988 0.057 -0.003 -0.720 -1.194 -1.645 -2.250 -2.741 -2.819
0.00015547 -2.00000 10.07918 0.8019567728 2.4194068909    0.743  2.346  3.6999  1.714    7  0.000  0.532     0.00     0.00 -1    -1e-30      0.00 7.549e-01 2.450e-01 2.759e-05 7.740e-06 6.924e-05 -1.000 1.622e-04 -1.096 -0.013 -0.090 -0.820 -1.300 -1.756 -2.369 -2.866 -2.945
0.00015547 -2.00000 10.07918 0.8019704223 2.4194116592    0.743  2.389  3.6974  1.662    7  0.000  0.531     0.00     0.00 -1    -1e-30      0.00 7.549e-01 2.450e-01 2.758e-05 7.742e-06 6.924e-05 -1.000 1.394e-04 -1.202 -0.079 -0.173 -0.917 -1.404 -1.865 -2.486 -2.989 -3.069
0.00015547 -2.00000 10.07918 0.8019823432 2.4194159508    0.743  2.430  3.6949  1.611    7  0.000  0.530     0.00     0.00 -1    -1e-30      0.00 7.549e-01 2.449e-01 2.752e-05 7.764e-06 6.924e-05 -1.000 1.524e-04 -1.305 -0.144 -0.255 -1.012 -1.505 -1.971 -2.599 -3.108 -3.190
0.00015547 -2.00000 10.07918 0.8019928336 2.4194195271    0.743  2.471  3.6926  1.560    7  0.000  0.525     0.00     0.00 -1    -1e-30      0.00 7.549e-01 2.450e-01 2.730e-05 7.904e-06 6.924e-05 -1.000 1.364e-04 -1.407 -0.207 -0.336 -1.106 -1.605 -2.075 -2.711 -3.226 -3.309
0.00015547 -2.00000 10.07918 0.8020023704 2.4194228649    0.743  2.512  3.6902  1.510    7  0.000  0.515     0.00     0.00 -1    -1e-30      0.00 7.548e-01 2.450e-01 2.679e-05 8.401e-06 6.925e-05 -1.000 1.585e-04 -1.509 -0.271 -0.416 -1.200 -1.704 -2.179 -2.822 -3.344 -3.428
0.00015547 -2.00000 10.07918 0.8020110130 2.4194257259    0.743  2.552  3.6879  1.460    7  0.000  0.500     0.00     0.00 -1    -1e-30      0.00 7.547e-01 2.451e-01 2.606e-05 9.248e-06 6.926e-05 -1.000 1.636e-04 -1.610 -0.330 -0.494 -1.292 -1.802 -2.282 -2.933 -3.461 -3.546
0.00015547 -2.00000 10.07918 0.8020190001 2.4194285870    0.743  2.593  3.6855  1.410    7  0.000  0.485     0.00     0.00 -1    -1e-30      0.00 7.546e-01 2.452e-01 2.531e-05 1.017e-05 6.927e-05 -1.000 1.636e-04 -1.712 -0.385 -0.571 -1.383 -1.901 -2.386 -3.044 -3.578 -3.664
0.00015547 -2.00000 10.07918 0.8020263910 2.4194312096    0.743  2.633  3.6832  1.360    7  0.000  0.472     0.00     0.00 -1    -1e-30      0.00 7.544e-01 2.454e-01 2.464e-05 1.099e-05 6.928e-05 -1.000 1.517e-04 -1.813 -0.412 -0.638 -1.475 -2.001 -2.491 -3.157 -3.696 -3.782
0.00015547 -2.00000 10.07918 0.8020334244 2.4194335938    0.743  2.673  3.6808  1.311    7  0.000  0.461     0.00     0.00 -1    -1e-30      0.00 7.543e-01 2.456e-01 2.406e-05 1.171e-05 6.928e-05 -1.000 1.449e-04 -1.913 -0.434 -0.702 -1.566 -2.101 -2.596 -3.269 -3.815 -3.900
0.00015547 -2.00000 10.07918 0.8020401597 2.4194359779    0.743  2.713  3.6785  1.261    7  0.000  0.451     0.00     0.00 -1    -1e-30      0.00 7.540e-01 2.458e-01 2.355e-05 1.233e-05 6.929e-05 -1.000 1.636e-04 -2.013 -0.448 -0.762 -1.655 -2.199 -2.701 -3.381 -3.932 -4.018
0.00015547 -2.00000 10.07918 0.8020465374 2.4194381237    0.743  2.753  3.6761  1.212    7  0.000  0.443     0.00     0.00 -1    -1e-30      0.00 7.539e-01 2.460e-01 2.312e-05 1.287e-05 6.928e-05 -1.000 1.637e-04 -2.113 -0.454 -0.818 -1.742 -2.297 -2.804 -3.493 -4.050 -4.135
0.00015547 -2.00000 10.07918 0.8020526171 2.4194402695    0.743  2.794  3.6737  1.162    7  0.000  0.435     0.00     0.00 -1    -1e-30      0.00 7.536e-01 2.462e-01 2.273e-05 1.334e-05 6.926e-05 -1.000 1.637e-04 -2.215 -0.453 -0.872 -1.830 -2.396 -2.910 -3.606 -4.169 -4.254
0.00015547 -2.00000 10.07918 0.8020578623 2.4194421768    0.743  2.835  3.6712  1.111    7  0.000  0.429     0.00     0.00 -1    -1e-30      0.00 7.534e-01 2.464e-01 2.240e-05 1.376e-05 6.922e-05 -1.000 1.636e-04 -2.317 -0.443 -0.922 -1.917 -2.496 -3.017 -3.722 -4.291 -4.375
0.00015547 -2.00000 10.07918 0.8020623326 2.4194436073    0.743  2.875  3.6687  1.060    7  0.000  0.424     0.00     0.00 -1    -1e-30      0.00 7.532e-01 2.466e-01 2.212e-05 1.412e-05 6.915e-05 -1.000 1.637e-04 -2.419 -0.424 -0.967 -2.002 -2.594 -3.123 -3.836 -4.411 -4.495
0.00015547 -2.00000 10.07918 0.8020661473 2.4194450378    0.743  2.916  3.6662  1.009    7  0.000  0.420     0.00     0.00 -1    -1e-30      0.00 7.530e-01 2.469e-01 2.187e-05 1.446e-05 6.904e-05 -1.000 1.555e-04 -2.521 -0.393 -1.006 -2.084 -2.692 -3.229 -3.951 -4.533 -4.616
0.00015547 -2.00000 10.07918 0.8020696044 2.4194462299    0.743  2.957  3.6636  0.959    7  0.000  0.417     0.00     0.00 -1    -1e-30      0.00 7.528e-01 2.471e-01 2.167e-05 1.477e-05 6.889e-05 -1.000 1.392e-04 -2.622 -0.345 -1.035 -2.163 -2.788 -3.333 -4.065 -4.653 -4.736
0.00015547 -2.00000 10.07918 0.8020731211 2.4194474220    0.743  2.999  3.6609  0.905    7  0.000  0.415     0.00     0.00 -1    -1e-30      0.00 7.525e-01 2.473e-01 2.150e-05 1.508e-05 6.873e-05 -1.000 1.637e-04 -2.728 -0.278 -1.057 -2.241 -2.887 -3.444 -4.187 -4.781 -4.862
0.00015547 -2.00000 10.07918 0.8020762801 2.4194486141    0.743  3.043  3.6581  0.850    7  0.000  0.414     0.00     0.00 -1    -1e-30      0.00 7.523e-01 2.475e-01 2.136e-05 1.536e-05 6.856e-05 -1.000 1.637e-04 -2.837 -0.197 -1.072 -2.319 -2.988 -3.557 -4.312 -4.913 -4.994
0.00015547 -2.00000 10.07918 0.8020777702 2.4194490910    0.743  3.066  3.6566  0.821    7  0.000  0.413     0.00     0.00 -1    -1e-30      0.00 7.522e-01 2.477e-01 2.128e-05 1.557e-05 6.842e-05 -1.000 1.636e-04 -2.895 -0.185 -1.093 -2.361 -3.039 -3.614 -4.375 -4.981 -5.062
0.00015547 -2.00000 10.07918 0.8020782471 2.4194490910    0.743  3.060  3.6569  0.828    7  0.000  0.413     0.00     0.00 -1    -1e-30      0.00 7.521e-01 2.477e-01 2.124e-05 1.567e-05 6.835e-05 -1.000 1.637e-04 -2.881 -0.186 -1.087 -2.351 -3.027 -3.601 -4.360 -4.965 -5.046
0.00015547 -2.00000 10.07918 0.8020783067 2.4194493294    0.743  3.060  3.6569  0.829    7  0.000  0.413     0.00     0.00 -1    -1e-30      0.00 7.521e-01 2.477e-01 2.124e-05 1.567e-05 6.835e-05 -1.000 1.637e-04 -2.880 -0.186 -1.086 -2.350 -3.026 -3.599 -4.358 -4.963 -5.044
0.00015547 -2.00000 10.07918 0.8020784259 2.4194493294    0.743  3.062  3.6568  0.827    7  0.000  0.413     0.00     0.00 -1    -1e-30      0.00 7.521e-01 2.477e-01 2.124e-05 1.568e-05 6.834e-05 -1.000 1.636e-04 -2.884 -0.186 -1.088 -2.353 -3.029 -3.603 -4.363 -4.968 -5.049
0.00015547 -2.00000 10.07918 0.8020785451 2.4194493294    0.743  3.068  3.6564  0.818    7  0.000  0.413     0.00     0.00 -1    -1e-30      0.00 7.521e-01 2.477e-01 2.123e-05 1.570e-05 6.833e-05 -1.000 1.636e-04 -2.900 -0.184 -1.094 -2.365 -3.044 -3.620 -4.381 -4.987 -5.069
0.00015547 -2.00000 10.07918 0.8020786047 2.4194493294    0.743  3.073  3.6561  0.812    7  0.000  0.413     0.00     0.00 -1    -1e-30      0.00 7.521e-01 2.477e-01 2.123e-05 1.571e-05 6.833e-05 -1.000 1.636e-04 -2.913 -0.182 -1.099 -2.374 -3.056 -3.632 -4.395 -5.002 -5.083
0.00015547 -2.00000 10.07918 0.8020787835 2.4194493294    0.743  3.083  3.6555  0.800    7  0.000  0.412     0.00     0.00 -1    -1e-30      0.00 7.521e-01 2.478e-01 2.122e-05 1.573e-05 6.831e-05 -1.000 1.636e-04 -2.937 -0.179 -1.108 -2.392 -3.077 -3.656 -4.421 -5.030 -5.111
0.00015547 -2.00000 10.07918 0.8020789623 2.4194493294    0.743  3.101  3.6543  0.777    7  0.000  0.412     0.00     0.00 -1    -1e-30      0.00 7.520e-01 2.479e-01 2.117e-05 1.589e-05 6.820e-05 -1.000 1.637e-04 -2.982 -0.172 -1.125 -2.425 -3.117 -3.701 -4.471 -5.083 -5.165
0.00015547 -2.00000 10.07918 0.8020793200 2.4194495678    0.743  3.151  3.6508  0.713    7  0.000  0.411     0.00     0.00 -1    -1e-30      0.00 7.517e-01 2.482e-01 2.102e-05 1.634e-05 6.788e-05 -1.000 1.636e-04 -3.107 -0.143 -1.165 -2.514 -3.228 -3.824 -4.610 -5.232 -5.315
0.00015547 -2.00000 10.07918 0.8020799756 2.4194498062    0.743  3.213  3.6464  0.633    7  0.549  0.410     0.00     0.00 -1    -1e-30      0.00 7.512e-01 2.487e-01 2.077e-05 1.716e-05 6.729e-05 -1.000 1.637e-04 -3.263 -0.100 -1.213 -2.622 -3.363 -3.977 -4.783 -5.418 -5.503
0.00015547 -2.00000 10.07918 0.8020802140 2.4194498062    0.743  3.414  3.6091  0.283    8  0.549  0.390    92.84    44.33  1  -1.3e-06      0.00 7.290e-01 2.706e-01 6.375e-05 5.931e-05 2.177e-04 -1.000 3.690e-04 -3.766 0.884 -0.806 -2.640 -3.615 -4.381 -5.381 -6.151 -6.262
0.00015547 -2.00000 10.07918 0.8020802736 2.4194498062    0.743  3.285  3.6169  0.443    8  0.549  0.390    65.72    32.87  1  -7.2e-07      0.00 7.290e-01 2.706e-01 6.375e-05 5.931e-05 2.177e-04 -1.000 3.690e-04 -3.443 0.791 -0.751 -2.463 -3.363 -4.084 -5.035 -5.778 -5.882
0.00015547 -2.00000 10.07918 0.8020803332 2.4194498062    0.742  3.140  3.6301  0.640    8  0.549  0.390    42.96    22.76  1 -3.65e-07      0.00 7.290e-01 2.706e-01 6.375e-05 5.931e-05 2.177e-04 -1.000 3.690e-04 -3.081 0.549 -0.752 -2.291 -3.098 -3.758 -4.638 -5.333 -5.428
0.00015547 -2.00000 10.07918 0.8020805120 2.4194500446    0.741  2.927  3.6495  0.931    8  0.549  0.390    22.96    13.23  1 -1.28e-07      0.00 7.290e-01 2.706e-01 6.375e-05 5.931e-05 2.177e-04 -1.000 3.690e-04 -2.548 0.257 -0.679 -1.974 -2.666 -3.253 -4.042 -4.674 -4.759
0.00015547 -2.00000 10.07918 0.8020806909 2.4194500446    0.740  2.932  3.6490  0.923    8  0.549  0.390    23.35    13.41  1 -1.33e-07      0.00 7.290e-01 2.706e-01 6.375e-05 5.931e-05 2.177e-04 -1.000 3.690e-04 -2.560 0.265 -0.681 -1.981 -2.676 -3.265 -4.056 -4.690 -4.775
0.00015547 -2.00000 10.07918 0.8020809889 2.4194500446    0.738  3.009  3.6419  0.816    8  0.550  0.390    29.40    16.34  1 -1.96e-07      0.00 7.290e-01 2.706e-01 6.375e-05 5.931e-05 2.177e-04 -1.000 3.690e-04 -2.753 0.363 -0.714 -2.102 -2.836 -3.451 -4.273 -4.929 -5.018
0.00015547 -2.00000 10.07918 0.8020812869 2.4194502831    0.736  3.164  3.6278  0.604    8  0.550  0.390    46.47    24.23  1 -4.18e-07      0.00 7.290e-01 2.706e-01 6.375e-05 5.931e-05 2.177e-04 -1.000 3.690e-04 -3.139 0.596 -0.749 -2.318 -3.140 -3.811 -4.702 -5.406 -5.502
0.00015547 -2.00000 10.07918 0.8020816445 2.4194502831    0.734  3.302  3.6151  0.414    8  0.550  0.390    70.04    34.47  1 -8.08e-07      0.00 7.290e-01 2.706e-01 6.375e-05 5.931e-05 2.177e-04 -1.000 3.690e-04 -3.484 0.834 -0.738 -2.475 -3.390 -4.120 -5.081 -5.831 -5.936
0.00015547 -2.00000 10.07918 0.8020821214 2.4194505215    0.731  3.394  3.6067  0.287    8  0.551  0.390    92.26    43.64  1 -1.25e-06      0.00 7.290e-01 2.706e-01 6.375e-05 5.931e-05 2.177e-04 -1.000 3.690e-04 -3.715 1.004 -0.709 -2.559 -3.545 -4.319 -5.332 -6.113 -6.226
0.00015547 -2.00000 10.07918 0.8020825982 2.4194507599    0.728  3.445  3.6020  0.216    8  0.551  0.390   107.70    49.75  1 -1.59e-06      0.00 7.290e-01 2.706e-01 6.375e-05 5.931e-05 2.177e-04 -1.000 3.690e-04 -3.842 1.105 -0.684 -2.597 -3.626 -4.427 -5.470 -6.269 -6.387
0.00015547 -2.00000 10.07918 0.8020831347 2.4194509983    0.725  3.471  3.5995  0.178    8  0.552  0.390   116.92    53.25  1 -1.82e-06      0.00 7.290e-01 2.706e-01 6.375e-05 5.931e-05 2.177e-04 -1.000 3.690e-04 -3.907 1.160 -0.669 -2.615 -3.665 -4.481 -5.540 -6.348 -6.469
0.00015547 -2.00000 10.07918 0.8020837307 2.4194509983    0.721  3.487  3.5984  0.154    8  0.552  0.390   123.06    55.46  0 -1.99e-06      0.00 7.290e-01 2.706e-01 6.375e-05 5.931e-05 2.177e-04 -1.000 3.690e-04 -3.948 1.182 -0.668 -2.632 -3.694 -4.518 -5.584 -6.396 -6.519
0.00015547 -2.00000 10.07918 0.8020859361 2.4194519520    0.554 -9.999  4.0000  1.705    9  0.554  0.000     0.00     0.00 -1    -1e-30      0.00 7.290e-01 2.706e-01 6.375e-05 5.931e-05 2.177e-04 -1.000 3.690e-04 29.767 29.804 30.050 30.100 30.093 30.084 30.127 30.123 30.138
#isochrone terminated
