# File generated by CMD 3.3 (http://stev.oapd.inaf.it/cmd) on Wed May 20 08:46:32 CEST 2020
# isochrones based on PARSEC release v1.2S +  COLIBRI S_35
# Basic references: Bressan et al. (2012), MNRAS, 427, 127 + Chen et al. (2014, 2015), MNRAS, 444, 2525 + MNRAS, 452, 1068 + Tang et al. (2014), MNRAS, 445, 4287 + Marigo et al. (2017), ApJ, 835, 77 + Pastorelli al. (2019), MNRAS in press
# Thermal pulse cycles included 
# On RGB, assumed Reimers mass loss with efficiency eta=0.2
# Photometric system: <i>UBVRIJHK</i> (cf. Maiz-Apellaniz 2006 + Bessell 1990)
# Using YBC version of bolometric corrections as in Chen et al. (2019)
# O-rich circumstellar dpmod60alox40 dust from Groenewegen (2006)
# C-rich circumstellar AMCSIC15 dust from Groenewegen (2006)
# IMF: Kroupa (2001, 2002) + Kroupa et al. (2013) canonical two-part-power law IMF corrected for unresolved binaries 
# Kind of output: isochrone tables
# Zini     MH   logAge Mini        int_IMF         Mass   logL    logTe  logg  label   McoreTP C_O  period0 period1 pmode  Mloss  tau1m   X   Y   Xc  Xn  Xo  Cexcess  Z 	 mbolmag  Umag    Bmag    Vmag    Rmag    Imag    Jmag    Hmag    Kmag
0.00015547 -2.00000 10.11394 0.0936335474 1.1156111956    0.094 -3.046  3.5139  5.463    1  0.000  0.545     0.00     0.00 -1 -6.86e-17      0.00 7.470e-01 2.528e-01 2.943e-05 7.939e-06 7.201e-05 -1.000 1.637e-04 12.386 18.205 16.019 14.127 12.809 11.607 10.501 10.218 10.143
0.00015547 -2.00000 10.11394 0.0974459797 1.1494106054    0.097 -2.929  3.5303  5.428    1  0.000  0.545     0.00     0.00 -1 -9.18e-17      0.00 7.460e-01 2.538e-01 2.943e-05 7.939e-06 7.201e-05 -1.000 1.636e-04 12.091 17.274 15.397 13.612 12.400 11.332 10.263 9.910 9.810
0.00015547 -2.00000 10.11394 0.1035686582 1.2002434731    0.103 -2.749  3.5553  5.374    1  0.000  0.545     0.00     0.00 -1 -1.43e-16      0.00 7.444e-01 2.554e-01 2.943e-05 7.939e-06 7.201e-05 -1.000 1.637e-04 11.643 15.938 14.464 12.881 11.795 10.905 9.904 9.467 9.340
0.00015547 -2.00000 10.11394 0.1234388798 1.3415665627    0.123 -2.473  3.5830  5.286    1  0.000  0.545     0.00     0.00 -1 -2.74e-16      0.00 7.409e-01 2.589e-01 2.943e-05 7.940e-06 7.201e-05 -1.000 1.636e-04 10.953 14.404 13.293 11.931 10.979 10.228 9.310 8.808 8.658
0.00015547 -2.00000 10.11394 0.1433091164 1.4560320377    0.143 -2.296  3.5965  5.227    1  0.000  0.545     0.00     0.00 -1 -3.28e-16      0.00 7.387e-01 2.611e-01 2.943e-05 7.940e-06 7.201e-05 -1.000 1.637e-04 10.510 13.605 12.645 11.378 10.494 9.788 8.910 8.388 8.228
0.00015547 -2.00000 10.11394 0.1631793380 1.5515257120    0.163 -2.157  3.6052  5.180    1  0.000  0.545     0.00     0.00 -1 -5.57e-16      0.00 7.375e-01 2.623e-01 2.943e-05 7.940e-06 7.201e-05 -1.000 1.637e-04 10.163 13.050 12.177 10.966 10.123 9.442 8.590 8.062 7.895
0.00015547 -2.00000 10.11394 0.2029198259 1.7036917210    0.203 -1.943  3.6169  5.107    1  0.000  0.545     0.00     0.00 -1 -8.89e-16      0.00 7.370e-01 2.629e-01 2.943e-05 7.940e-06 7.201e-05 -1.000 1.636e-04 9.628 12.253 11.489 10.347 9.556 8.907 8.090 7.557 7.388
0.00015547 -2.00000 10.11394 0.2525954247 1.8468697071    0.252 -1.748  3.6275  5.050    1  0.000  0.545     0.00     0.00 -1 -1.07e-15      0.00 7.372e-01 2.626e-01 2.943e-05 7.940e-06 7.201e-05 -1.000 1.635e-04 9.139 11.542 10.871 9.785 9.040 8.417 7.632 7.101 6.934
0.00015547 -2.00000 10.11394 0.3022710085 1.9574397802    0.302 -1.597  3.6364  5.013    1  0.000  0.545     0.00     0.00 -1 -1.68e-15      0.00 7.373e-01 2.626e-01 2.942e-05 7.941e-06 7.201e-05 -1.000 1.637e-04 8.763 10.990 10.393 9.351 8.641 8.040 7.281 6.755 6.594
0.00015547 -2.00000 10.11394 0.3519465625 2.0465965271    0.352 -1.472  3.6446  4.987    1  0.000  0.544     0.00     0.00 -1 -2.27e-15      0.00 7.374e-01 2.625e-01 2.939e-05 7.942e-06 7.201e-05 -1.000 1.637e-04 8.450 10.524 9.993 8.988 8.308 7.726 6.991 6.473 6.318
0.00015547 -2.00000 10.11394 0.4016221464 2.1207315922    0.401 -1.345  3.6536  4.953    1  0.000  0.545     0.00     0.00 -1 -2.99e-15      0.00 7.501e-01 2.497e-01 2.943e-05 7.939e-06 7.201e-05 -1.000 1.637e-04 8.133 10.043 9.586 8.620 7.971 7.410 6.700 6.193 6.046
0.00015547 -2.00000 10.11394 0.4512977004 2.1838121414    0.451 -1.191  3.6685  4.909    1  0.000  0.545     0.00     0.00 -1 -4.24e-15      0.00 7.507e-01 2.491e-01 2.943e-05 7.939e-06 7.201e-05 -1.000 1.636e-04 7.747 9.392 9.058 8.155 7.556 7.027 6.359 5.872 5.739
0.00015547 -2.00000 10.11394 0.5009732842 2.2384552956    0.501 -1.017  3.6858  4.850    1  0.000  0.545     0.00     0.00 -1 -6.41e-15      0.00 7.514e-01 2.484e-01 2.938e-05 7.926e-06 7.189e-05 -1.000 1.637e-04 7.313 8.670 8.476 7.644 7.098 6.604 5.985 5.524 5.406
0.00015547 -2.00000 10.11394 0.5506489277 2.2841949463    0.550 -0.808  3.7064  4.764    1  0.000  0.544     0.00     0.00 -1 -1.09e-14      0.00 7.877e-01 2.122e-01 2.535e-05 6.844e-06 6.210e-05 -1.000 9.908e-05 6.790 7.839 7.797 7.049 6.556 6.101 5.538 5.110 5.010
0.00015547 -2.00000 10.11394 0.6003244519 2.3213412762    0.600 -0.594  3.7324  4.691    1  0.000  0.544     0.00     0.00 -1 -1.86e-14      0.00 8.013e-01 1.986e-01 2.390e-05 6.459e-06 5.864e-05 -1.000 1.398e-04 6.254 6.987 7.095 6.449 6.015 5.606 5.109 4.724 4.644
0.00015547 -2.00000 10.11394 0.6044906974 2.3241391182    0.604 -0.575  3.7350  4.686    1  0.000  0.543     0.00     0.00 -1 -1.95e-14      0.00 8.027e-01 1.972e-01 2.376e-05 6.419e-06 5.828e-05 -1.000 1.612e-04 6.206 6.913 7.033 6.397 5.968 5.563 5.072 4.691 4.613
0.00015547 -2.00000 10.11394 0.6141785383 2.3304767609    0.614 -0.530  3.7409  4.671    1  0.000  0.543     0.00     0.00 -1 -2.18e-14      0.00 8.060e-01 1.938e-01 2.340e-05 6.325e-06 5.744e-05 -1.000 1.525e-04 6.095 6.743 6.890 6.275 5.857 5.463 4.986 4.614 4.540
0.00015547 -2.00000 10.11394 0.6235817671 2.3364119530    0.623 -0.486  3.7465  4.657    1  0.000  0.543     0.00     0.00 -1  -2.3e-17      0.00 8.095e-01 1.904e-01 2.305e-05 6.230e-06 5.659e-05 -1.000 1.404e-04 5.985 6.582 6.752 6.158 5.752 5.367 4.903 4.537 4.468
0.00015547 -2.00000 10.11394 0.6346579790 2.3431444168    0.634 -0.434  3.7531  4.639    1  0.000  0.543     0.00     0.00 -1 -3.69e-19      0.00 8.137e-01 1.862e-01 2.261e-05 6.112e-06 5.553e-05 -1.000 1.146e-04 5.855 6.394 6.589 6.019 5.627 5.253 4.803 4.446 4.383
0.00015547 -2.00000 10.11394 0.6444761753 2.3488903046    0.644 -0.387  3.7588  4.621    1  0.000  0.542     0.00     0.00 -1 -5.64e-16      0.00 8.177e-01 1.822e-01 2.219e-05 6.002e-06 5.454e-05 -1.000 1.127e-04 5.738 6.229 6.444 5.895 5.515 5.152 4.714 4.364 4.306
0.00015547 -2.00000 10.11394 0.6499999762 2.3520355225    0.650 -0.360  3.7620  4.611    1  0.000  0.542     0.00     0.00 -1 -3.36e-14      0.00 8.200e-01 1.798e-01 2.195e-05 5.938e-06 5.397e-05 -1.000 1.516e-04 5.671 6.138 6.363 5.826 5.452 5.093 4.663 4.316 4.261
0.00015547 -2.00000 10.11394 0.6540117264 2.3542814255    0.654 -0.341  3.7642  4.603    1  0.000  0.542     0.00     0.00 -1 -3.53e-14      0.00 8.221e-01 1.778e-01 2.174e-05 5.880e-06 5.345e-05 -1.000 1.449e-04 5.622 6.074 6.305 5.775 5.405 5.051 4.625 4.281 4.228
0.00015547 -2.00000 10.11394 0.6635029316 2.3594706059    0.663 -0.293  3.7694  4.582    1  0.000  0.542     0.00     0.00 -1 -2.33e-14      0.00 8.273e-01 1.726e-01 2.120e-05 5.737e-06 5.216e-05 -1.000 1.212e-04 5.503 5.920 6.164 5.653 5.293 4.947 4.532 4.194 4.146
0.00015547 -2.00000 10.11394 0.6725640297 2.3642680645    0.672 -0.247  3.7743  4.561    1  0.000  0.541     0.00     0.00 -1 -2.75e-15      0.00 8.325e-01 1.674e-01 2.065e-05 5.592e-06 5.086e-05 -1.000 1.267e-04 5.387 5.774 6.029 5.534 5.184 4.845 4.439 4.107 4.063
0.00015547 -2.00000 10.11394 0.6806053519 2.3684027195    0.680 -0.204  3.7786  4.541    1  0.000  0.541     0.00     0.00 -1  -2.3e-19      0.00 8.375e-01 1.624e-01 2.014e-05 5.456e-06 4.964e-05 -1.000 1.175e-04 5.280 5.642 5.905 5.424 5.082 4.751 4.353 4.027 3.986
0.00015547 -2.00000 10.11394 0.6883965731 2.3723027706    0.688 -0.161  3.7827  4.519    1  0.000  0.540     0.00     0.00 -1 -1.01e-17      0.00 8.425e-01 1.574e-01 1.962e-05 5.317e-06 4.839e-05 -1.000 1.270e-04 5.172 5.513 5.782 5.315 4.981 4.656 4.267 3.946 3.909
0.00015547 -2.00000 10.11394 0.6976188421 2.3767902851    0.697 -0.108  3.7875  4.491    1  0.000  0.540     0.00     0.00 -1 -1.14e-14      0.00 8.487e-01 1.512e-01 1.897e-05 5.145e-06 4.685e-05 -1.000 1.476e-04 5.039 5.358 5.630 5.179 4.855 4.538 4.159 3.845 3.812
0.00015547 -2.00000 10.11394 0.6999999881 2.3779268265    0.700 -0.094  3.7888  4.484    1  0.000  0.540     0.00     0.00 -1 -6.91e-14      0.00 8.503e-01 1.495e-01 1.880e-05 5.099e-06 4.644e-05 -1.000 1.563e-04 5.004 5.317 5.590 5.143 4.821 4.507 4.130 3.818 3.786
0.00015547 -2.00000 10.11394 0.7018913627 2.3788232803    0.701 -0.082  3.7897  4.477    1  0.000  0.539     0.00     0.00 -1 -7.14e-14      0.00 8.514e-01 1.485e-01 1.869e-05 5.073e-06 4.620e-05 -1.000 1.598e-04 4.976 5.285 5.558 5.114 4.794 4.481 4.107 3.796 3.765
0.00015547 -2.00000 10.11394 0.7100732327 2.3826382160    0.710 -0.030  3.7938  4.446    1  0.000  0.537     0.00     0.00 -1 -8.28e-14      0.00 8.557e-01 1.442e-01 1.826e-05 4.968e-06 4.530e-05 -1.000 8.631e-05 4.846 5.140 5.412 4.982 4.670 4.364 3.998 3.694 3.665
0.00015547 -2.00000 10.11394 0.7170997262 2.3858344555    0.717  0.017  3.7972  4.417    1  0.000  0.536     0.00     0.00 -1 -9.49e-14      0.00 8.590e-01 1.410e-01 1.795e-05 4.896e-06 4.467e-05 -1.000 7.302e-05 4.728 5.011 5.281 4.862 4.556 4.256 3.898 3.599 3.573
0.00015547 -2.00000 10.11394 0.7239065766 2.3888628483    0.723  0.065  3.8003  4.385    1  0.000  0.534     0.00     0.00 -1    -8e-14      0.00 8.617e-01 1.381e-01 1.769e-05 4.837e-06 4.416e-05 -1.000 1.469e-04 4.606 4.879 5.147 4.737 4.438 4.144 3.792 3.499 3.475
0.00015547 -2.00000 10.11394 0.7307135463 2.3918266296    0.730  0.118  3.8033  4.349    1  0.000  0.533     0.00     0.00 -1 -8.55e-20      0.00 8.643e-01 1.356e-01 1.747e-05 4.787e-06 4.372e-05 -1.000 1.342e-04 4.475 4.741 5.003 4.603 4.310 4.021 3.676 3.389 3.366
0.00015547 -2.00000 10.11394 0.7385782599 2.3951728344    0.738  0.184  3.8066  4.300    1  0.000  0.531     0.00     0.00 -1 -2.47e-17      0.00 8.670e-01 1.329e-01 1.724e-05 4.736e-06 4.329e-05 -1.000 1.124e-04 4.309 4.569 4.823 4.434 4.147 3.864 3.526 3.245 3.225
0.00015547 -2.00000 10.11394 0.7459288239 2.3982269764    0.745  0.253  3.8091  4.246    1  0.000  0.529     0.00     0.00 -1 -8.59e-15      0.00 8.691e-01 1.308e-01 1.706e-05 4.696e-06 4.296e-05 -1.000 8.813e-05 4.138 4.393 4.639 4.258 3.977 3.699 3.367 3.092 3.072
0.00015547 -2.00000 10.11394 0.7500000000 2.3998889923    0.749  0.294  3.8102  4.211    1  0.000  0.529     0.00     0.00 -1 -2.22e-13      0.00 8.701e-01 1.298e-01 1.698e-05 4.681e-06 4.284e-05 -1.000 1.000e-04 4.034 4.289 4.530 4.153 3.874 3.598 3.269 2.996 2.977
0.00015547 -2.00000 10.11394 0.7526855469 2.4009740353    0.752  0.322  3.8110  4.188    1  0.000  0.529     0.00     0.00 -1 -2.43e-13      0.00 8.696e-01 1.303e-01 1.706e-05 4.702e-06 4.303e-05 -1.000 1.000e-04 3.965 4.219 4.457 4.082 3.806 3.531 3.204 2.933 2.914
0.00015547 -2.00000 10.11394 0.7567437887 2.4025969505    0.756  0.368  3.8116  4.147    1  0.000  0.529     0.00     0.00 -1 -2.83e-13      0.00 8.685e-01 1.314e-01 1.721e-05 4.744e-06 4.342e-05 -1.000 9.996e-05 3.851 4.106 4.338 3.966 3.691 3.418 3.092 2.823 2.804
0.00015547 -2.00000 10.11394 0.7582570314 2.4031968117    0.757  0.386  3.8114  4.128    1  0.000  0.528     0.00     0.00 -1 -3.02e-13      0.00 8.681e-01 1.318e-01 1.727e-05 4.760e-06 4.356e-05 -1.000 1.000e-04 3.804 4.061 4.290 3.919 3.644 3.370 3.044 2.775 2.756
0.00015547 -2.00000 10.11394 0.7623690367 2.4048135281    0.761  0.442  3.8097  4.069    1  0.000  0.528     0.00     0.00 -1 -3.64e-13      0.00 8.670e-01 1.329e-01 1.742e-05 4.803e-06 4.395e-05 -1.000 1.000e-04 3.666 3.929 4.155 3.780 3.503 3.227 2.897 2.625 2.605
0.00015547 -2.00000 10.11394 0.7652465701 2.4059329033    0.764  0.486  3.8071  4.016    1  0.000  0.528     0.00     0.00 -1 -4.29e-13      0.00 8.662e-01 1.337e-01 1.753e-05 4.833e-06 4.423e-05 -1.000 9.999e-05 3.556 3.829 4.052 3.671 3.389 3.110 2.774 2.497 2.476
0.00015547 -2.00000 10.11394 0.7658601999 2.4061703682    0.765  0.496  3.8063  4.003    1  0.000  0.528     0.00     0.00 -1 -4.47e-13      0.00 8.660e-01 1.339e-01 1.755e-05 4.839e-06 4.429e-05 -1.000 9.990e-05 3.531 3.806 4.029 3.646 3.363 3.082 2.744 2.466 2.445
0.00015547 -2.00000 10.11394 0.7664470673 2.4063971043    0.765  0.507  3.8052  3.988    1  0.000  0.528     0.00     0.00 -1 -4.66e-13      0.00 8.659e-01 1.340e-01 1.758e-05 4.845e-06 4.434e-05 -1.000 9.994e-05 3.504 3.783 4.005 3.620 3.335 3.052 2.712 2.431 2.410
0.00015547 -2.00000 10.11394 0.7684223652 2.4071571827    0.767  0.546  3.8001  3.929    2  0.000  0.528     0.00     0.00 -1 -5.43e-13      0.00 8.653e-01 1.346e-01 1.765e-05 4.865e-06 4.453e-05 -1.000 9.990e-05 3.405 3.699 3.922 3.524 3.230 2.940 2.587 2.297 2.273
0.00015547 -2.00000 10.11394 0.7699353099 2.4077363014    0.769  0.582  3.7938  3.869    2  0.000  0.528     0.00     0.00 -1 -6.31e-13      0.00 8.649e-01 1.350e-01 1.771e-05 4.881e-06 4.467e-05 -1.000 9.993e-05 3.316 3.633 3.854 3.439 3.134 2.834 2.467 2.165 2.138
0.00015547 -2.00000 10.11394 0.7711213231 2.4081885815    0.770  0.614  3.7863  3.807    2  0.000  0.528     0.00     0.00 -1  -7.3e-13      0.00 8.642e-01 1.357e-01 1.782e-05 4.912e-06 4.495e-05 -1.000 1.190e-04 3.234 3.580 3.800 3.364 3.046 2.733 2.349 2.034 2.002
0.00015547 -2.00000 10.11394 0.7720781565 2.4085521698    0.771  0.644  3.7783  3.746    2  0.000  0.529     0.00     0.00 -1 -8.38e-13      0.00 8.557e-01 1.441e-01 1.878e-05 5.174e-06 4.733e-05 -1.000 1.118e-04 3.160 3.540 3.756 3.297 2.964 2.638 2.236 1.906 1.870
0.00015547 -2.00000 10.11394 0.7728812695 2.4088566303    0.771  0.672  3.7706  3.688    2  0.000  0.531     0.00     0.00 -1 -9.55e-13      0.00 8.346e-01 1.653e-01 2.094e-05 5.758e-06 5.259e-05 -1.000 1.117e-04 3.090 3.508 3.717 3.235 2.888 2.550 2.130 1.786 1.745
0.00015547 -2.00000 10.11394 0.7735900283 2.4091246128    0.772  0.701  3.7632  3.630    2  0.000  0.533     0.00     0.00 -1 -1.09e-12      0.00 8.088e-01 1.911e-01 2.342e-05 6.423e-06 5.855e-05 -1.000 1.104e-04 3.018 3.476 3.676 3.171 2.810 2.460 2.023 1.667 1.621
0.00015547 -2.00000 10.11394 0.7742191553 2.4093620777    0.773  0.733  3.7566  3.572    2  0.000  0.535     0.00     0.00 -1 -1.26e-12      0.00 7.921e-01 2.078e-01 2.500e-05 6.846e-06 6.232e-05 -1.000 1.122e-04 2.938 3.436 3.626 3.100 2.727 2.366 1.914 1.546 1.495
0.00015547 -2.00000 10.11394 0.7748423219 2.4095966816    0.773  0.773  3.7507  3.508    2  0.000  0.536     0.00     0.00 -1 -1.48e-12      0.00 7.818e-01 2.181e-01 2.598e-05 7.108e-06 6.466e-05 -1.000 1.584e-04 2.836 3.372 3.552 3.006 2.622 2.251 1.785 1.408 1.353
0.00015547 -2.00000 10.11394 0.7753343582 2.4097819328    0.774  0.813  3.7469  3.453    2  0.000  0.536     0.00     0.00 -1 -1.73e-12      0.00 7.766e-01 2.232e-01 2.647e-05 7.240e-06 6.583e-05 -1.000 1.636e-04 2.738 3.302 3.472 2.914 2.522 2.145 1.670 1.286 1.227
0.00015547 -2.00000 10.11394 0.7756707668 2.4099082947    0.774  0.843  3.7445  3.414    2  0.000  0.536     0.00     0.00 -1 -1.94e-12      0.00 7.739e-01 2.259e-01 2.672e-05 7.307e-06 6.644e-05 -1.000 1.637e-04 2.663 3.245 3.409 2.843 2.447 2.066 1.585 1.197 1.136
0.00015547 -2.00000 10.11394 0.7759687304 2.4100201130    0.774  0.872  3.7429  3.378    3  0.000  0.536     0.00     0.00 -1 -2.16e-12      0.00 7.721e-01 2.277e-01 2.688e-05 7.350e-06 6.682e-05 -1.000 1.524e-04 2.589 3.183 3.342 2.771 2.372 1.988 1.503 1.112 1.050
0.00015547 -2.00000 10.11394 0.7763594389 2.4101665020    0.774  0.913  3.7409  3.329    3  0.000  0.537     0.00     0.00 -1 -2.51e-12      0.00 7.699e-01 2.299e-01 2.707e-05 7.400e-06 6.727e-05 -1.000 1.509e-04 2.487 3.096 3.250 2.672 2.270 1.883 1.392 0.998 0.934
0.00015547 -2.00000 10.11394 0.7767530084 2.4103138447    0.775  0.957  3.7390  3.279    3  0.000  0.537     0.00     0.00 -1 -2.93e-12      0.00 7.680e-01 2.319e-01 2.722e-05 7.441e-06 6.764e-05 -1.000 1.354e-04 2.378 3.002 3.150 2.567 2.161 1.771 1.275 0.876 0.812
0.00015547 -2.00000 10.11394 0.7771300673 2.4104549885    0.775  1.001  3.7374  3.228    3  0.000  0.537     0.00     0.00 -1 -3.45e-12      0.00 7.662e-01 2.336e-01 2.734e-05 7.474e-06 6.793e-05 -1.000 1.629e-04 2.267 2.905 3.047 2.459 2.050 1.657 1.157 0.754 0.689
0.00015547 -2.00000 10.11394 0.7775307894 2.4106047153    0.775  1.052  3.7357  3.171    3  0.000  0.537     0.00     0.00 -1 -4.13e-12      0.00 7.645e-01 2.353e-01 2.745e-05 7.504e-06 6.820e-05 -1.000 1.637e-04 2.141 2.794 2.930 2.336 1.925 1.529 1.023 0.617 0.551
0.00015547 -2.00000 10.11394 0.7778670192 2.4107301235    0.776  1.097  3.7342  3.120    3  0.000  0.537     0.00     0.00 -1 -4.86e-12      0.00 7.631e-01 2.367e-01 2.754e-05 7.527e-06 6.840e-05 -1.000 1.637e-04 2.028 2.693 2.823 2.226 1.812 1.414 0.904 0.493 0.426
0.00015547 -2.00000 10.11394 0.7782072425 2.4108569622    0.776  1.146  3.7327  3.064    3  0.000  0.537     0.00     0.00 -1 -5.81e-12      0.00 7.617e-01 2.381e-01 2.760e-05 7.547e-06 6.858e-05 -1.000 1.531e-04 1.904 2.582 2.707 2.105 1.689 1.288 0.773 0.359 0.292
0.00015547 -2.00000 10.11394 0.7785410285 2.4109814167    0.776  1.199  3.7312  3.005    3  0.000  0.537     0.00     0.00 -1 -7.02e-12      0.00 7.604e-01 2.394e-01 2.766e-05 7.566e-06 6.873e-05 -1.000 1.556e-04 1.772 2.463 2.583 1.976 1.557 1.154 0.634 0.216 0.148
0.00015547 -2.00000 10.11394 0.7788104415 2.4110815525    0.776  1.246  3.7297  2.953    3  0.000  0.536     0.00     0.00 -1 -8.31e-12      0.00 7.594e-01 2.404e-01 2.769e-05 7.582e-06 6.884e-05 -1.000 1.624e-04 1.655 2.359 2.473 1.862 1.440 1.035 0.511 0.089 0.021
0.00015547 -2.00000 10.11394 0.7790703177 2.4111783504    0.776  1.295  3.7283  2.898    3  0.000  0.536     0.00     0.00 -1  -9.9e-12      0.00 7.584e-01 2.414e-01 2.770e-05 7.598e-06 6.894e-05 -1.000 1.637e-04 1.532 2.250 2.358 1.742 1.318 0.910 0.382 -0.043 -0.112
0.00015547 -2.00000 10.11394 0.7793038487 2.4112651348    0.776  1.343  3.7268  2.844    3  0.000  0.535     0.00     0.00 -1 -1.18e-11      0.00 7.576e-01 2.422e-01 2.770e-05 7.615e-06 6.901e-05 -1.000 1.611e-04 1.412 2.144 2.245 1.625 1.198 0.788 0.256 -0.173 -0.242
0.00015547 -2.00000 10.11394 0.7795153856 2.4113435745    0.777  1.391  3.7253  2.791    3  0.000  0.535     0.00     0.00 -1  -1.4e-11      0.00 7.569e-01 2.429e-01 2.769e-05 7.634e-06 6.907e-05 -1.000 1.487e-04 1.293 2.039 2.134 1.509 1.080 0.668 0.131 -0.301 -0.372
0.00015547 -2.00000 10.11394 0.7797046900 2.4114139080    0.777  1.437  3.7238  2.738    3  0.000  0.534     0.00     0.00 -1 -1.65e-11      0.00 7.563e-01 2.435e-01 2.767e-05 7.654e-06 6.911e-05 -1.000 1.555e-04 1.176 1.937 2.025 1.395 0.964 0.549 0.008 -0.428 -0.499
0.00015547 -2.00000 10.11394 0.7798838019 2.4114801884    0.777  1.486  3.7223  2.684    3  0.000  0.533     0.00     0.00 -1 -1.97e-11      0.00 7.559e-01 2.440e-01 2.765e-05 7.677e-06 6.915e-05 -1.000 1.636e-04 1.056 1.830 1.912 1.278 0.844 0.426 -0.119 -0.559 -0.630
0.00015547 -2.00000 10.11394 0.7800428867 2.4115393162    0.777  1.533  3.7207  2.630    3  0.000  0.533     0.00     0.00 -1 -2.33e-11      0.00 7.555e-01 2.443e-01 2.763e-05 7.697e-06 6.918e-05 -1.000 1.636e-04 0.938 1.726 1.803 1.163 0.727 0.307 -0.243 -0.687 -0.759
0.00015547 -2.00000 10.11394 0.7801842093 2.4115915298    0.776  1.579  3.7192  2.578    3  0.000  0.532     0.00     0.00 -1 -2.75e-11      0.00 7.553e-01 2.446e-01 2.761e-05 7.713e-06 6.920e-05 -1.000 1.636e-04 0.823 1.626 1.697 1.053 0.613 0.191 -0.364 -0.811 -0.884
0.00015547 -2.00000 10.11394 0.7803122997 2.4116389751    0.776  1.624  3.7177  2.527    3  0.000  0.532     0.00     0.00 -1 -3.24e-11      0.00 7.551e-01 2.447e-01 2.760e-05 7.722e-06 6.921e-05 -1.000 1.497e-04 0.710 1.528 1.593 0.943 0.501 0.076 -0.483 -0.934 -1.007
0.00015547 -2.00000 10.11394 0.7804324031 2.4116835594    0.776  1.670  3.7161  2.474    3  0.000  0.532     0.00     0.00 -1 -3.83e-11      0.00 7.550e-01 2.448e-01 2.760e-05 7.728e-06 6.921e-05 -1.000 1.636e-04 0.595 1.431 1.487 0.832 0.386 -0.041 -0.605 -1.060 -1.134
0.00015547 -2.00000 10.11394 0.7805384398 2.4117228985    0.776  1.714  3.7145  2.423    3  0.000  0.532     0.00     0.00 -1  -4.5e-11      0.00 7.550e-01 2.448e-01 2.759e-05 7.731e-06 6.922e-05 -1.000 1.637e-04 0.484 1.340 1.386 0.724 0.276 -0.155 -0.723 -1.182 -1.257
0.00015547 -2.00000 10.11394 0.7806363702 2.4117591381    0.776  1.759  3.7129  2.372    3  0.000  0.532     0.00     0.00 -1 -5.29e-11      0.00 7.550e-01 2.448e-01 2.759e-05 7.732e-06 6.922e-05 -1.000 1.637e-04 0.372 1.247 1.284 0.616 0.164 -0.269 -0.842 -1.304 -1.380
0.00015547 -2.00000 10.11394 0.7807263136 2.4117922783    0.776  1.804  3.7113  2.321    3  0.000  0.532     0.00     0.00 -1 -6.21e-11      0.00 7.550e-01 2.448e-01 2.759e-05 7.732e-06 6.922e-05 -1.000 1.637e-04 0.260 1.155 1.183 0.508 0.053 -0.383 -0.961 -1.427 -1.503
0.00015547 -2.00000 10.11394 0.7808061838 2.4118218422    0.775  1.847  3.7096  2.271    3  0.000  0.532     0.00     0.00 -1 -1.29e-13      0.00 7.550e-01 2.448e-01 2.759e-05 7.732e-06 6.922e-05 -1.000 1.637e-04 0.153 1.068 1.086 0.404 -0.054 -0.493 -1.075 -1.545 -1.622
0.00015547 -2.00000 10.11394 0.7808800340 2.4118492603    0.775  1.890  3.7081  2.222    3  0.000  0.532     0.00     0.00 -1 -3.66e-15      0.00 7.550e-01 2.448e-01 2.759e-05 7.733e-06 6.922e-05 -1.000 1.636e-04 0.045 0.982 0.990 0.301 -0.161 -0.602 -1.189 -1.663 -1.741
0.00015547 -2.00000 10.11394 0.7809509635 2.4118752480    0.775  1.935  3.7064  2.170    3  0.000  0.532     0.00     0.00 -1 -1.83e-15      0.00 7.550e-01 2.449e-01 2.759e-05 7.733e-06 6.922e-05 -1.000 1.637e-04 -0.066 0.893 0.891 0.194 -0.271 -0.716 -1.308 -1.786 -1.865
0.00015547 -2.00000 10.11394 0.7810117602 2.4118978977    0.775  1.976  3.7047  2.122    3  0.000  0.532     0.00     0.00 -1 -2.13e-15      0.00 7.550e-01 2.449e-01 2.759e-05 7.733e-06 6.922e-05 -1.000 1.636e-04 -0.170 0.812 0.800 0.095 -0.374 -0.821 -1.418 -1.901 -1.980
0.00015547 -2.00000 10.11394 0.7810678482 2.4119186401    0.775  2.017  3.7032  2.075    3  0.000  0.532     0.00     0.00 -1 -2.46e-15      0.00 7.550e-01 2.449e-01 2.759e-05 7.734e-06 6.922e-05 -1.000 1.637e-04 -0.273 0.730 0.709 -0.003 -0.476 -0.926 -1.528 -2.014 -2.094
0.00015547 -2.00000 10.11394 0.7811214924 2.4119384289    0.774  2.059  3.7015  2.026    3  0.000  0.532     0.00     0.00 -1 -2.86e-15      0.00 7.550e-01 2.449e-01 2.759e-05 7.734e-06 6.922e-05 -1.000 1.636e-04 -0.378 0.646 0.615 -0.104 -0.580 -1.033 -1.640 -2.131 -2.212
0.00015547 -2.00000 10.11394 0.7811683416 2.4119555950    0.774  2.099  3.6999  1.980    3  0.000  0.532     0.00     0.00 -1 -3.28e-15      0.00 7.550e-01 2.449e-01 2.759e-05 7.734e-06 6.922e-05 -1.000 1.637e-04 -0.476 0.572 0.530 -0.197 -0.677 -1.134 -1.746 -2.241 -2.322
0.00015547 -2.00000 10.11394 0.7812122703 2.4119718075    0.774  2.137  3.6983  1.934    3  0.000  0.532     0.00     0.00 -1 -3.74e-15      0.00 7.550e-01 2.449e-01 2.759e-05 7.734e-06 6.923e-05 -1.000 1.637e-04 -0.573 0.502 0.447 -0.289 -0.773 -1.232 -1.849 -2.348 -2.430
0.00015547 -2.00000 10.11394 0.7812579274 2.4119887352    0.773  2.174  3.6969  1.891    3  0.000  0.532     0.00     0.00 -1 -4.26e-15      0.00 7.550e-01 2.449e-01 2.759e-05 7.734e-06 6.923e-05 -1.000 1.636e-04 -0.666 0.433 0.366 -0.377 -0.864 -1.327 -1.948 -2.450 -2.533
0.00015547 -2.00000 10.11394 0.7813084722 2.4120073318    0.773  2.204  3.6957  1.857    3  0.000  0.532     0.00     0.00 -1 -4.79e-15      0.00 7.549e-01 2.449e-01 2.759e-05 7.735e-06 6.923e-05 -1.000 1.636e-04 -0.740 0.379 0.302 -0.447 -0.937 -1.402 -2.027 -2.532 -2.616
0.00015547 -2.00000 10.11394 0.7813328505 2.4120163918    0.772  2.198  3.6962  1.865    3  0.000  0.532     0.00     0.00 -1 -4.79e-15      0.00 7.549e-01 2.449e-01 2.759e-05 7.735e-06 6.923e-05 -1.000 1.636e-04 -0.724 0.387 0.314 -0.433 -0.922 -1.386 -2.009 -2.513 -2.597
0.00015547 -2.00000 10.11394 0.7813388705 2.4120187759    0.772  2.204  3.6959  1.857    3  0.000  0.532     0.00     0.00 -1 -4.89e-15      0.00 7.549e-01 2.449e-01 2.759e-05 7.735e-06 6.923e-05 -1.000 1.636e-04 -0.740 0.376 0.300 -0.449 -0.938 -1.402 -2.027 -2.532 -2.615
0.00015547 -2.00000 10.11394 0.7813722491 2.4120309353    0.772  2.245  3.6940  1.808    3  0.000  0.532     0.00     0.00 -1 -5.56e-15      0.00 7.549e-01 2.449e-01 2.759e-05 7.735e-06 6.923e-05 -1.000 1.636e-04 -0.844 0.303 0.213 -0.546 -1.040 -1.508 -2.138 -2.647 -2.731
0.00015547 -2.00000 10.11394 0.7814059258 2.4120433331    0.771  2.289  3.6923  1.757    3  0.000  0.532     0.00     0.00 -1 -6.41e-15      0.00 7.549e-01 2.449e-01 2.759e-05 7.735e-06 6.923e-05 -1.000 1.636e-04 -0.953 0.223 0.119 -0.650 -1.148 -1.619 -2.255 -2.769 -2.854
0.00015547 -2.00000 10.11394 0.7814345360 2.4120540619    0.771  2.329  3.6904  1.709    3  0.000  0.532     0.00     0.00 -1 -7.29e-15      0.00 7.549e-01 2.449e-01 2.759e-05 7.735e-06 6.923e-05 -1.000 1.636e-04 -1.053 0.155 0.036 -0.743 -1.246 -1.721 -2.362 -2.881 -2.967
0.00015547 -2.00000 10.11394 0.7814626694 2.4120643139    0.770  2.371  3.6885  1.660    3  0.000  0.532     0.00     0.00 -1 -8.34e-15      0.00 7.549e-01 2.449e-01 2.759e-05 7.735e-06 6.923e-05 -1.000 1.636e-04 -1.158 0.084 -0.051 -0.841 -1.349 -1.827 -2.475 -2.999 -3.086
0.00015547 -2.00000 10.11394 0.7814888954 2.4120740891    0.770  2.413  3.6867  1.610    3  0.000  0.532     0.00     0.00 -1 -9.53e-15      0.00 7.549e-01 2.449e-01 2.759e-05 7.735e-06 6.923e-05 -1.000 1.636e-04 -1.263 0.013 -0.138 -0.939 -1.451 -1.933 -2.587 -3.116 -3.204
0.00015547 -2.00000 10.11394 0.7815119028 2.4120824337    0.769  2.452  3.6848  1.563    3  0.000  0.532     0.00     0.00 -1 -1.08e-14      0.00 7.549e-01 2.449e-01 2.759e-05 7.736e-06 6.923e-05 -1.000 1.637e-04 -1.361 -0.003 -0.204 -1.032 -1.552 -2.038 -2.697 -3.231 -3.317
0.00015547 -2.00000 10.11394 0.7815346718 2.4120910168    0.769  2.494  3.6829  1.513    3  0.000  0.532     0.00     0.00 -1 -1.23e-14      0.00 7.549e-01 2.449e-01 2.759e-05 7.736e-06 6.923e-05 -1.000 1.636e-04 -1.466 -0.028 -0.277 -1.131 -1.659 -2.148 -2.813 -3.353 -3.436
0.00015547 -2.00000 10.11394 0.7815548778 2.4120984077    0.768  2.534  3.6810  1.465    3  0.000  0.532     0.00     0.00 -1  -1.4e-14      0.00 7.549e-01 2.449e-01 2.759e-05 7.736e-06 6.923e-05 -1.000 1.637e-04 -1.566 -0.129 -0.367 -1.221 -1.752 -2.245 -2.917 -3.462 -3.549
0.00015547 -2.00000 10.11394 0.7815737128 2.4121053219    0.767  2.574  3.6791  1.417    3  0.000  0.532     0.00     0.00 -1 -1.58e-14      0.00 7.549e-01 2.449e-01 2.759e-05 7.736e-06 6.923e-05 -1.000 1.636e-04 -1.665 -0.161 -0.436 -1.312 -1.850 -2.348 -3.026 -3.576 -3.663
0.00015547 -2.00000 10.11394 0.7815917134 2.4121119976    0.766  2.615  3.6772  1.368    3  0.000  0.532     0.00     0.00 -1 -1.79e-14      0.00 7.549e-01 2.449e-01 2.759e-05 7.736e-06 6.923e-05 -1.000 1.637e-04 -1.767 -0.190 -0.504 -1.404 -1.950 -2.453 -3.137 -3.692 -3.778
0.00015547 -2.00000 10.11394 0.7816110253 2.4121191502    0.765  2.662  3.6748  1.311    3  0.000  0.532     0.00     0.00 -1 -2.07e-14      0.00 7.549e-01 2.449e-01 2.759e-05 7.736e-06 6.923e-05 -1.000 1.636e-04 -1.884 -0.212 -0.577 -1.508 -2.066 -2.575 -3.267 -3.827 -3.913
0.00015547 -2.00000 10.11394 0.7816265821 2.4121248722    0.764  2.703  3.6728  1.262    3  0.000  0.532     0.00     0.00 -1 -2.34e-14      0.00 7.549e-01 2.449e-01 2.759e-05 7.736e-06 6.923e-05 -1.000 1.637e-04 -1.986 -0.228 -0.640 -1.599 -2.166 -2.680 -3.379 -3.944 -4.030
0.00015547 -2.00000 10.11394 0.7816426158 2.4121308327    0.763  2.748  3.6704  1.206    3  0.000  0.532     0.00     0.00 -1 -2.69e-14      0.00 7.549e-01 2.449e-01 2.759e-05 7.736e-06 6.923e-05 -1.000 1.637e-04 -2.099 -0.232 -0.702 -1.697 -2.276 -2.798 -3.505 -4.076 -4.161
0.00015547 -2.00000 10.11394 0.7816558480 2.4121356010    0.762  2.788  3.6685  1.158    3  0.000  0.532     0.00     0.00 -1 -3.04e-14      0.00 7.549e-01 2.449e-01 2.759e-05 7.736e-06 6.923e-05 -1.000 1.637e-04 -2.200 -0.239 -0.759 -1.785 -2.374 -2.901 -3.615 -4.192 -4.276
0.00015547 -2.00000 10.11394 0.7816693187 2.4121406078    0.760  2.832  3.6659  1.103    3  0.000  0.532     0.00     0.00 -1 -3.48e-14      0.00 7.549e-01 2.449e-01 2.759e-05 7.736e-06 6.923e-05 -1.000 1.637e-04 -2.309 -0.218 -0.807 -1.875 -2.479 -3.014 -3.737 -4.321 -4.404
0.00015547 -2.00000 10.11394 0.7816805243 2.4121446609    0.759  2.871  3.6641  1.056    3  0.000  0.532     0.00     0.00 -1 -3.91e-14      0.00 7.549e-01 2.449e-01 2.759e-05 7.736e-06 6.923e-05 -1.000 1.636e-04 -2.407 -0.210 -0.856 -1.957 -2.573 -3.115 -3.845 -4.433 -4.516
0.00015547 -2.00000 10.11394 0.7816922665 2.4121491909    0.757  2.915  3.6615  1.000    3  0.000  0.532     0.00     0.00 -1 -4.46e-14      0.00 7.549e-01 2.449e-01 2.759e-05 7.736e-06 6.923e-05 -1.000 1.636e-04 -2.516 -0.170 -0.894 -2.045 -2.678 -3.228 -3.968 -4.563 -4.645
0.00015547 -2.00000 10.11394 0.7817041874 2.4121534824    0.755  2.963  3.6590  0.941    3  0.000  0.532     0.00     0.00 -1 -5.15e-14      0.00 7.549e-01 2.449e-01 2.759e-05 7.736e-06 6.923e-05 -1.000 1.636e-04 -2.636 -0.121 -0.932 -2.138 -2.791 -3.352 -4.101 -4.702 -4.784
0.00015547 -2.00000 10.11394 0.7817138433 2.4121570587    0.753  3.004  3.6565  0.888    3  0.000  0.532     0.00     0.00 -1 -5.84e-14      0.00 7.549e-01 2.449e-01 2.759e-05 7.737e-06 6.923e-05 -1.000 1.637e-04 -2.741 -0.086 -0.964 -2.215 -2.886 -3.457 -4.218 -4.825 -4.907
0.00015547 -2.00000 10.11394 0.7817221284 2.4121601582    0.751  3.042  3.6544  0.841    3  0.000  0.532     0.00     0.00 -1 -6.55e-14      0.00 7.549e-01 2.449e-01 2.759e-05 7.737e-06 6.923e-05 -1.000 1.636e-04 -2.836 -0.084 -1.007 -2.288 -2.972 -3.552 -4.321 -4.935 -5.017
0.00015547 -2.00000 10.11394 0.7817307115 2.4121632576    0.748  3.084  3.6519  0.788    3  0.000  0.532     0.00     0.00 -1 -7.42e-14      0.00 7.549e-01 2.449e-01 2.759e-05 7.737e-06 6.923e-05 -1.000 1.636e-04 -2.940 -0.071 -1.047 -2.366 -3.066 -3.656 -4.436 -5.056 -5.139
0.00015547 -2.00000 10.11394 0.7817394137 2.4121665955    0.746  3.130  3.6493  0.730    3  0.000  0.532     0.00     0.00 -1 -8.49e-14      0.00 7.549e-01 2.449e-01 2.759e-05 7.737e-06 6.923e-05 -1.000 1.637e-04 -3.054 -0.062 -1.094 -2.451 -3.169 -3.769 -4.560 -5.188 -5.272
0.00015547 -2.00000 10.11394 0.7817468047 2.4121692181    0.743  3.171  3.6468  0.677    3  0.000  0.532     0.00     0.00 -1 -9.61e-14      0.00 7.549e-01 2.449e-01 2.759e-05 7.737e-06 6.923e-05 -1.000 1.636e-04 -3.156 -0.047 -1.133 -2.526 -3.259 -3.869 -4.672 -5.307 -5.392
0.00015547 -2.00000 10.11394 0.7817541957 2.4121718407    0.739  3.214  3.6443  0.622    3  0.000  0.532     0.00     0.00 -1 -1.09e-13      0.00 7.549e-01 2.449e-01 2.759e-05 7.737e-06 6.923e-05 -1.000 1.637e-04 -3.264 -0.033 -1.174 -2.604 -3.354 -3.975 -4.790 -5.432 -5.518
0.00015547 -2.00000 10.11394 0.7817611098 2.4121744633    0.736  3.255  3.6419  0.570    3  0.000  0.532     0.00     0.00 -1 -1.24e-13      0.00 7.549e-01 2.449e-01 2.759e-05 7.737e-06 6.923e-05 -1.000 1.636e-04 -3.366 -0.013 -1.209 -2.676 -3.444 -4.075 -4.901 -5.550 -5.637
0.00015547 -2.00000 10.11394 0.7817630768 2.4121751785    0.734  3.265  3.6413  0.556    3  0.000  0.532     0.00     0.00 -1 -1.28e-13      0.00 7.549e-01 2.449e-01 2.759e-05 7.737e-06 6.923e-05 -1.000 1.636e-04 -3.392 -0.009 -1.218 -2.694 -3.466 -4.100 -4.929 -5.580 -5.667
0.00015547 -2.00000 10.11394 0.7817630768 2.4121751785    0.721  1.652  3.9337  3.330    4  0.000  0.532     0.00     0.00 -1    -1e-30      0.00 7.549e-01 2.450e-01 2.759e-05 7.739e-06 6.924e-05 -1.000 1.636e-04 0.639 0.790 0.719 0.686 0.654 0.611 0.547 0.516 0.509
0.00015547 -2.00000 10.11394 0.7817644477 2.4121756554    0.721  1.661  3.9287  3.301    4  0.000  0.532     0.00     0.00 -1    -1e-30      0.00 7.549e-01 2.450e-01 2.759e-05 7.739e-06 6.924e-05 -1.000 1.637e-04 0.617 0.771 0.691 0.651 0.614 0.566 0.493 0.458 0.450
0.00015547 -2.00000 10.11394 0.7818131447 2.4121937752    0.721  1.676  3.9214  3.257    4  0.000  0.532     0.00     0.00 -1    -1e-30      0.00 7.549e-01 2.450e-01 2.759e-05 7.739e-06 6.924e-05 -1.000 1.637e-04 0.580 0.738 0.651 0.599 0.554 0.496 0.411 0.368 0.358
0.00015547 -2.00000 10.11394 0.7818630934 2.4122121334    0.721  1.677  3.9216  3.257    4  0.000  0.532     0.00     0.00 -1    -1e-30      0.00 7.549e-01 2.450e-01 2.759e-05 7.739e-06 6.924e-05 -1.000 1.636e-04 0.578 0.736 0.649 0.598 0.552 0.495 0.410 0.368 0.358
0.00015547 -2.00000 10.11394 0.7819146514 2.4122312069    0.721  1.677  3.9222  3.260    4  0.000  0.532     0.00     0.00 -1    -1e-30      0.00 7.549e-01 2.450e-01 2.759e-05 7.739e-06 6.924e-05 -1.000 1.636e-04 0.578 0.736 0.649 0.599 0.554 0.498 0.414 0.372 0.362
0.00015547 -2.00000 10.11394 0.7819663882 2.4122500420    0.721  1.676  3.9227  3.262    4  0.000  0.532     0.00     0.00 -1    -1e-30      0.00 7.549e-01 2.450e-01 2.759e-05 7.739e-06 6.924e-05 -1.000 1.636e-04 0.579 0.736 0.650 0.601 0.556 0.500 0.417 0.376 0.366
0.00015547 -2.00000 10.11394 0.7820182443 2.4122693539    0.721  1.676  3.9229  3.263    4  0.000  0.532     0.00     0.00 -1    -1e-30      0.00 7.549e-01 2.450e-01 2.759e-05 7.739e-06 6.924e-05 -1.000 1.636e-04 0.579 0.736 0.650 0.601 0.557 0.502 0.419 0.378 0.368
0.00015547 -2.00000 10.11394 0.7820706367 2.4122886658    0.721  1.676  3.9229  3.263    4  0.000  0.532     0.00     0.00 -1    -1e-30      0.00 7.549e-01 2.450e-01 2.759e-05 7.739e-06 6.924e-05 -1.000 1.636e-04 0.579 0.736 0.650 0.601 0.557 0.501 0.419 0.378 0.368
0.00015547 -2.00000 10.11394 0.7821238637 2.4123082161    0.721  1.677  3.9226  3.262    4  0.000  0.532     0.00     0.00 -1    -1e-30      0.00 7.549e-01 2.450e-01 2.759e-05 7.739e-06 6.924e-05 -1.000 1.636e-04 0.578 0.736 0.650 0.600 0.556 0.500 0.416 0.375 0.366
0.00015547 -2.00000 10.11394 0.7821769714 2.4123277664    0.721  1.677  3.9220  3.259    4  0.000  0.532     0.00     0.00 -1    -1e-30      0.00 7.549e-01 2.450e-01 2.759e-05 7.739e-06 6.924e-05 -1.000 1.637e-04 0.577 0.735 0.648 0.598 0.553 0.496 0.412 0.370 0.360
0.00015547 -2.00000 10.11394 0.7822273374 2.4123463631    0.721  1.678  3.9209  3.254    4  0.000  0.532     0.00     0.00 -1    -1e-30      0.00 7.549e-01 2.450e-01 2.759e-05 7.739e-06 6.924e-05 -1.000 1.636e-04 0.576 0.734 0.646 0.594 0.547 0.489 0.403 0.360 0.350
0.00015547 -2.00000 10.11394 0.7822782993 2.4123649597    0.721  1.679  3.9195  3.247    4  0.000  0.532     0.00     0.00 -1    -1e-30      0.00 7.549e-01 2.450e-01 2.759e-05 7.739e-06 6.924e-05 -1.000 1.636e-04 0.573 0.733 0.643 0.589 0.540 0.480 0.391 0.347 0.337
0.00015547 -2.00000 10.11394 0.7823281288 2.4123833179    0.721  1.680  3.9176  3.238    4  0.000  0.532     0.00     0.00 -1    -1e-30      0.00 7.549e-01 2.450e-01 2.759e-05 7.739e-06 6.924e-05 -1.000 1.636e-04 0.570 0.731 0.641 0.583 0.532 0.469 0.377 0.330 0.320
0.00015547 -2.00000 10.11394 0.7823783159 2.4124019146    0.721  1.682  3.9153  3.228    4  0.000  0.532     0.00     0.00 -1    -1e-30      0.00 7.549e-01 2.450e-01 2.759e-05 7.739e-06 6.924e-05 -1.000 1.636e-04 0.566 0.729 0.637 0.575 0.521 0.454 0.359 0.309 0.298
0.00015547 -2.00000 10.11394 0.7824269533 2.4124197960    0.721  1.684  3.9124  3.214    4  0.000  0.532     0.00     0.00 -1    -1e-30      0.00 7.549e-01 2.450e-01 2.759e-05 7.739e-06 6.924e-05 -1.000 1.636e-04 0.561 0.726 0.633 0.565 0.507 0.437 0.336 0.283 0.272
0.00015547 -2.00000 10.11394 0.7824760675 2.4124379158    0.721  1.686  3.9090  3.198    4  0.000  0.532     0.00     0.00 -1    -1e-30      0.00 7.549e-01 2.450e-01 2.759e-05 7.739e-06 6.924e-05 -1.000 1.636e-04 0.555 0.723 0.629 0.554 0.492 0.416 0.309 0.252 0.240
0.00015547 -2.00000 10.11394 0.7825245261 2.4124557972    0.721  1.689  3.9051  3.180    4  0.000  0.532     0.00     0.00 -1    -1e-30      0.00 7.549e-01 2.450e-01 2.759e-05 7.739e-06 6.924e-05 -1.000 1.636e-04 0.548 0.720 0.626 0.543 0.474 0.393 0.278 0.216 0.204
0.00015547 -2.00000 10.11394 0.7825773954 2.4124751091    0.721  1.692  3.9002  3.157    4  0.000  0.532     0.00     0.00 -1    -1e-30      0.00 7.549e-01 2.450e-01 2.759e-05 7.739e-06 6.924e-05 -1.000 1.636e-04 0.540 0.717 0.623 0.529 0.452 0.364 0.240 0.172 0.159
0.00015547 -2.00000 10.11394 0.7826263309 2.4124932289    0.722  1.695  3.8952  3.133    4  0.000  0.532     0.00     0.00 -1    -1e-30      0.00 7.549e-01 2.450e-01 2.759e-05 7.739e-06 6.924e-05 -1.000 1.636e-04 0.531 0.714 0.623 0.516 0.431 0.334 0.202 0.126 0.112
0.00015547 -2.00000 10.11394 0.7826764584 2.4125115871    0.722  1.699  3.8893  3.106    4  0.000  0.532     0.00     0.00 -1    -1e-30      0.00 7.549e-01 2.450e-01 2.759e-05 7.739e-06 6.924e-05 -1.000 1.637e-04 0.521 0.712 0.624 0.502 0.407 0.301 0.157 0.073 0.058
0.00015547 -2.00000 10.11394 0.7827253342 2.4125294685    0.722  1.704  3.8832  3.077    4  0.000  0.532     0.00     0.00 -1    -1e-30      0.00 7.549e-01 2.450e-01 2.759e-05 7.739e-06 6.924e-05 -1.000 1.637e-04 0.511 0.709 0.630 0.491 0.384 0.267 0.110 0.016 0.001
0.00015547 -2.00000 10.11394 0.7827740312 2.4125473499    0.722  1.708  3.8764  3.046    4  0.000  0.532     0.00     0.00 -1    -1e-30      0.00 7.549e-01 2.450e-01 2.759e-05 7.739e-06 6.924e-05 -1.000 1.636e-04 0.499 0.707 0.637 0.480 0.360 0.230 0.060 -0.046 -0.062
0.00015547 -2.00000 10.11394 0.7827834487 2.4125509262    0.722  1.709  3.8751  3.039    4  0.000  0.532     0.00     0.00 -1    -1e-30      0.00 7.549e-01 2.450e-01 2.759e-05 7.739e-06 6.924e-05 -1.000 1.636e-04 0.497 0.707 0.639 0.478 0.355 0.223 0.050 -0.058 -0.074
0.00015547 -2.00000 10.11394 0.7828077078 2.4125597477    0.722  1.712  3.8717  3.023    4  0.000  0.532     0.00     0.00 -1    -1e-30      0.00 7.549e-01 2.450e-01 2.759e-05 7.739e-06 6.924e-05 -1.000 1.637e-04 0.491 0.706 0.643 0.472 0.343 0.205 0.025 -0.090 -0.106
0.00015547 -2.00000 10.11394 0.7828580737 2.4125783443    0.722  1.717  3.8644  2.989    4  0.000  0.532     0.00     0.00 -1    -1e-30      0.00 7.549e-01 2.450e-01 2.759e-05 7.739e-06 6.924e-05 -1.000 1.636e-04 0.478 0.704 0.653 0.463 0.320 0.168 -0.028 -0.156 -0.173
0.00015547 -2.00000 10.11394 0.7829062343 2.4125959873    0.722  1.722  3.8570  2.955    4  0.000  0.532     0.00     0.00 -1    -1e-30      0.00 7.549e-01 2.450e-01 2.759e-05 7.739e-06 6.924e-05 -1.000 1.636e-04 0.465 0.702 0.665 0.456 0.297 0.131 -0.081 -0.223 -0.241
0.00015547 -2.00000 10.11394 0.7829554081 2.4126141071    0.722  1.727  3.8490  2.917    4  0.000  0.532     0.00     0.00 -1    -1e-30      0.00 7.549e-01 2.450e-01 2.759e-05 7.739e-06 6.924e-05 -1.000 1.637e-04 0.451 0.700 0.678 0.449 0.275 0.093 -0.137 -0.297 -0.315
0.00015547 -2.00000 10.11394 0.7830032706 2.4126317501    0.722  1.733  3.8408  2.879    4  0.000  0.532     0.00     0.00 -1    -1e-30      0.00 7.549e-01 2.450e-01 2.759e-05 7.739e-06 6.924e-05 -1.000 1.636e-04 0.437 0.700 0.693 0.443 0.252 0.055 -0.194 -0.371 -0.391
0.00015547 -2.00000 10.11394 0.7830203772 2.4126379490    0.722  1.735  3.8380  2.865    4  0.000  0.532     0.00     0.00 -1    -1e-30      0.00 7.549e-01 2.450e-01 2.759e-05 7.739e-06 6.924e-05 -1.000 1.637e-04 0.432 0.700 0.698 0.441 0.245 0.042 -0.214 -0.396 -0.417
0.00015547 -2.00000 10.11394 0.7830358148 2.4126436710    0.722  1.737  3.8353  2.852    4  0.000  0.532     0.00     0.00 -1    -1e-30      0.00 7.549e-01 2.450e-01 2.759e-05 7.739e-06 6.924e-05 -1.000 1.636e-04 0.427 0.700 0.703 0.439 0.238 0.029 -0.232 -0.421 -0.442
0.00015547 -2.00000 10.11394 0.7830809951 2.4126603603    0.722  1.743  3.8267  2.812    4  0.000  0.532     0.00     0.00 -1    -1e-30      0.00 7.549e-01 2.450e-01 2.759e-05 7.739e-06 6.924e-05 -1.000 1.636e-04 0.412 0.702 0.721 0.434 0.215 -0.009 -0.291 -0.499 -0.521
0.00015547 -2.00000 10.11394 0.7831253409 2.4126765728    0.722  1.750  3.8182  2.772    4  0.000  0.532     0.00     0.00 -1    -1e-30      0.00 7.549e-01 2.450e-01 2.759e-05 7.739e-06 6.924e-05 -1.000 1.636e-04 0.396 0.706 0.738 0.430 0.194 -0.047 -0.349 -0.576 -0.599
0.00015547 -2.00000 10.11394 0.7831701636 2.4126930237    0.722  1.756  3.8104  2.734    4  0.000  0.532     0.00     0.00 -1    -1e-30      0.00 7.549e-01 2.450e-01 2.759e-05 7.739e-06 6.924e-05 -1.000 1.636e-04 0.380 0.710 0.756 0.425 0.173 -0.082 -0.403 -0.648 -0.673
0.00015547 -2.00000 10.11394 0.7832151055 2.4127094746    0.722  1.763  3.8028  2.697    4  0.000  0.532     0.00     0.00 -1    -1e-30      0.00 7.549e-01 2.450e-01 2.759e-05 7.739e-06 6.924e-05 -1.000 1.636e-04 0.364 0.714 0.774 0.421 0.153 -0.116 -0.456 -0.718 -0.745
0.00015547 -2.00000 10.11394 0.7832602859 2.4127261639    0.722  1.771  3.7946  2.656    4  0.000  0.532     0.00     0.00 -1    -1e-30      0.00 7.549e-01 2.450e-01 2.759e-05 7.739e-06 6.924e-05 -1.000 1.636e-04 0.342 0.718 0.792 0.414 0.129 -0.155 -0.516 -0.797 -0.827
0.00015547 -2.00000 10.11394 0.7832692862 2.4127295017    0.722  1.773  3.7930  2.648    4  0.000  0.532     0.00     0.00 -1    -1e-30      0.00 7.549e-01 2.450e-01 2.759e-05 7.739e-06 6.924e-05 -1.000 1.637e-04 0.338 0.719 0.795 0.412 0.124 -0.163 -0.528 -0.813 -0.843
0.00015547 -2.00000 10.11394 0.7833157182 2.4127464294    0.722  1.783  3.7851  2.606    4  0.000  0.532     0.00     0.00 -1    -1e-30      0.00 7.549e-01 2.450e-01 2.759e-05 7.739e-06 6.924e-05 -1.000 1.637e-04 0.312 0.720 0.808 0.400 0.096 -0.206 -0.591 -0.893 -0.927
0.00015547 -2.00000 10.11394 0.7833613753 2.4127631187    0.722  1.799  3.7758  2.553    4  0.000  0.532     0.00     0.00 -1    -1e-30      0.00 7.549e-01 2.450e-01 2.759e-05 7.739e-06 6.924e-05 -1.000 1.637e-04 0.273 0.719 0.815 0.379 0.056 -0.263 -0.672 -0.997 -1.034
0.00015547 -2.00000 10.11394 0.7833998203 2.4127774239    0.722  1.825  3.7642  2.481    4  0.000  0.532     0.00     0.00 -1    -1e-30      0.00 7.549e-01 2.450e-01 2.759e-05 7.739e-06 6.924e-05 -1.000 1.636e-04 0.207 0.707 0.808 0.334 -0.012 -0.352 -0.791 -1.144 -1.186
0.00015547 -2.00000 10.11394 0.7834206820 2.4127850533    0.722  1.858  3.7535  2.405    4  0.000  0.532     0.00     0.00 -1    -1e-30      0.00 7.549e-01 2.450e-01 2.759e-05 7.739e-06 6.924e-05 -1.000 1.636e-04 0.126 0.683 0.784 0.274 -0.093 -0.452 -0.919 -1.297 -1.345
0.00015547 -2.00000 10.11394 0.7834300995 2.4127883911    0.722  1.892  3.7446  2.335    4  0.000  0.532     0.00     0.00 -1    -1e-30      0.00 7.549e-01 2.450e-01 2.759e-05 7.739e-06 6.924e-05 -1.000 1.636e-04 0.040 0.652 0.747 0.207 -0.178 -0.553 -1.043 -1.439 -1.493
0.00015547 -2.00000 10.11394 0.7834343314 2.4127900600    0.722  1.928  3.7368  2.268    4  0.000  0.532     0.00     0.00 -1    -1e-30      0.00 7.549e-01 2.450e-01 2.759e-05 7.739e-06 6.924e-05 -1.000 1.637e-04 -0.051 0.617 0.700 0.132 -0.269 -0.657 -1.167 -1.580 -1.638
0.00015547 -2.00000 10.11394 0.7834362388 2.4127907753    0.722  1.964  3.7309  2.209    4  0.000  0.532     0.00     0.00 -1    -1e-30      0.00 7.549e-01 2.450e-01 2.759e-05 7.739e-06 6.924e-05 -1.000 1.636e-04 -0.139 0.578 0.646 0.056 -0.356 -0.755 -1.281 -1.707 -1.769
0.00015547 -2.00000 10.11394 0.7834370732 2.4127910137    0.722  1.987  3.7278  2.173    7  0.000  0.532     0.00     0.00 -1    -1e-30      0.00 7.549e-01 2.450e-01 2.759e-05 7.739e-06 6.924e-05 -1.000 1.636e-04 -0.196 0.550 0.609 0.006 -0.413 -0.818 -1.352 -1.785 -1.848
0.00015547 -2.00000 10.11394 0.7834373713 2.4127910137    0.722  1.997  3.7266  2.158    7  0.000  0.532     0.00     0.00 -1    -1e-30      0.00 7.549e-01 2.450e-01 2.759e-05 7.739e-06 6.924e-05 -1.000 1.637e-04 -0.222 0.536 0.590 -0.017 -0.438 -0.845 -1.382 -1.818 -1.882
0.00015547 -2.00000 10.11394 0.7834382653 2.4127914906    0.722  2.038  3.7223  2.100    7  0.000  0.532     0.00     0.00 -1    -1e-30      0.00 7.549e-01 2.450e-01 2.759e-05 7.739e-06 6.924e-05 -1.000 1.636e-04 -0.325 0.474 0.514 -0.110 -0.540 -0.954 -1.503 -1.948 -2.014
0.00015547 -2.00000 10.11394 0.7834390998 2.4127917290    0.722  2.078  3.7188  2.046    7  0.000  0.532     0.00     0.00 -1    -1e-30      0.00 7.549e-01 2.450e-01 2.759e-05 7.739e-06 6.924e-05 -1.000 1.636e-04 -0.425 0.410 0.437 -0.202 -0.639 -1.060 -1.618 -2.071 -2.140
0.00015547 -2.00000 10.11394 0.7834398746 2.4127919674    0.722  2.118  3.7156  1.993    7  0.000  0.532     0.00     0.00 -1    -1e-30      0.00 7.549e-01 2.450e-01 2.759e-05 7.739e-06 6.924e-05 -1.000 1.636e-04 -0.525 0.347 0.360 -0.293 -0.737 -1.163 -1.731 -2.191 -2.262
0.00015547 -2.00000 10.11394 0.7834407091 2.4127924442    0.722  2.155  3.7128  1.945    7  0.000  0.532     0.00     0.00 -1    -1e-30      0.00 7.549e-01 2.450e-01 2.759e-05 7.739e-06 6.924e-05 -1.000 1.636e-04 -0.618 0.288 0.286 -0.379 -0.830 -1.261 -1.836 -2.303 -2.375
0.00015547 -2.00000 10.11394 0.7834420800 2.4127929211    0.722  2.182  3.7111  1.912    7  0.000  0.532     0.00     0.00 -1    -1e-30      0.00 7.549e-01 2.450e-01 2.759e-05 7.739e-06 6.924e-05 -1.000 1.636e-04 -0.684 0.243 0.233 -0.441 -0.895 -1.330 -1.910 -2.381 -2.453
0.00015547 -2.00000 10.11394 0.7834445238 2.4127936363    0.722  2.154  3.7133  1.948    7  0.000  0.532     0.00     0.00 -1    -1e-30      0.00 7.549e-01 2.450e-01 2.759e-05 7.739e-06 6.924e-05 -1.000 1.637e-04 -0.615 0.285 0.286 -0.378 -0.828 -1.258 -1.832 -2.298 -2.369
0.00015547 -2.00000 10.11394 0.7834603786 2.4127995968    0.722  2.140  3.7139  1.965    7  0.000  0.532     0.00     0.00 -1    -1e-30      0.00 7.549e-01 2.450e-01 2.759e-05 7.739e-06 6.924e-05 -1.000 1.636e-04 -0.579 0.313 0.318 -0.343 -0.791 -1.220 -1.793 -2.257 -2.328
0.00015547 -2.00000 10.11394 0.7834752798 2.4128050804    0.722  2.166  3.7117  1.930    7  0.000  0.532     0.00     0.00 -1    -1e-30      0.00 7.549e-01 2.450e-01 2.759e-05 7.739e-06 6.924e-05 -1.000 1.636e-04 -0.644 0.275 0.268 -0.403 -0.856 -1.289 -1.868 -2.337 -2.409
0.00015547 -2.00000 10.11394 0.7834933400 2.4128117561    0.722  2.213  3.7083  1.869    7  0.000  0.532     0.00     0.00 -1    -1e-30      0.00 7.549e-01 2.450e-01 2.759e-05 7.739e-06 6.924e-05 -1.000 1.636e-04 -0.762 0.202 0.176 -0.511 -0.972 -1.412 -2.000 -2.477 -2.551
0.00015547 -2.00000 10.11394 0.7835105658 2.4128179550    0.722  2.254  3.7055  1.817    7  0.000  0.532     0.00     0.00 -1    -1e-30      0.00 7.549e-01 2.450e-01 2.759e-05 7.739e-06 6.924e-05 -1.000 1.637e-04 -0.865 0.138 0.095 -0.606 -1.073 -1.518 -2.115 -2.598 -2.674
0.00015547 -2.00000 10.11394 0.7835264802 2.4128239155    0.722  2.295  3.7029  1.766    7  0.000  0.532     0.00     0.00 -1    -1e-30      0.00 7.549e-01 2.450e-01 2.759e-05 7.739e-06 6.924e-05 -1.000 1.636e-04 -0.967 0.073 0.014 -0.700 -1.173 -1.624 -2.228 -2.717 -2.795
0.00015547 -2.00000 10.11394 0.7835406661 2.4128289223    0.722  2.336  3.7004  1.715    7  0.000  0.532     0.00     0.00 -1    -1e-30      0.00 7.549e-01 2.450e-01 2.759e-05 7.740e-06 6.924e-05 -1.000 1.636e-04 -1.069 0.007 -0.067 -0.795 -1.274 -1.729 -2.341 -2.836 -2.915
0.00015547 -2.00000 10.11394 0.7835534215 2.4128336906    0.722  2.377  3.6979  1.664    7  0.000  0.531     0.00     0.00 -1    -1e-30      0.00 7.549e-01 2.449e-01 2.758e-05 7.741e-06 6.924e-05 -1.000 1.630e-04 -1.171 -0.057 -0.148 -0.889 -1.374 -1.834 -2.453 -2.955 -3.035
0.00015547 -2.00000 10.11394 0.7835645080 2.4128377438    0.723  2.417  3.6955  1.614    7  0.000  0.530     0.00     0.00 -1    -1e-30      0.00 7.549e-01 2.449e-01 2.753e-05 7.756e-06 6.924e-05 -1.000 1.633e-04 -1.273 -0.120 -0.229 -0.982 -1.474 -1.938 -2.565 -3.073 -3.154
0.00015547 -2.00000 10.11394 0.7835743427 2.4128413200    0.723  2.458  3.6931  1.564    7  0.000  0.526     0.00     0.00 -1    -1e-30      0.00 7.549e-01 2.449e-01 2.734e-05 7.862e-06 6.924e-05 -1.000 1.628e-04 -1.374 -0.183 -0.308 -1.075 -1.573 -2.042 -2.676 -3.190 -3.272
0.00015547 -2.00000 10.11394 0.7835832834 2.4128446579    0.723  2.498  3.6908  1.514    7  0.000  0.516     0.00     0.00 -1    -1e-30      0.00 7.549e-01 2.449e-01 2.687e-05 8.302e-06 6.924e-05 -1.000 1.635e-04 -1.476 -0.246 -0.389 -1.169 -1.672 -2.146 -2.787 -3.307 -3.391
0.00015547 -2.00000 10.11394 0.7835913301 2.4128475189    0.723  2.539  3.6884  1.464    7  0.000  0.502     0.00     0.00 -1    -1e-30      0.00 7.548e-01 2.450e-01 2.614e-05 9.126e-06 6.924e-05 -1.000 1.635e-04 -1.577 -0.305 -0.466 -1.260 -1.770 -2.249 -2.897 -3.424 -3.508
0.00015547 -2.00000 10.11394 0.7835987806 2.4128503799    0.723  2.579  3.6861  1.414    7  0.000  0.486     0.00     0.00 -1    -1e-30      0.00 7.548e-01 2.451e-01 2.535e-05 1.008e-05 6.925e-05 -1.000 1.636e-04 -1.677 -0.362 -0.542 -1.351 -1.867 -2.351 -3.007 -3.539 -3.625
0.00015547 -2.00000 10.11394 0.7836056948 2.4128527641    0.723  2.619  3.6838  1.365    7  0.000  0.472     0.00     0.00 -1    -1e-30      0.00 7.546e-01 2.452e-01 2.464e-05 1.095e-05 6.925e-05 -1.000 1.388e-04 -1.777 -0.394 -0.610 -1.442 -1.965 -2.454 -3.118 -3.656 -3.742
0.00015547 -2.00000 10.11394 0.7836122513 2.4128553867    0.723  2.659  3.6814  1.316    7  0.000  0.461     0.00     0.00 -1    -1e-30      0.00 7.545e-01 2.454e-01 2.403e-05 1.170e-05 6.926e-05 -1.000 1.247e-04 -1.877 -0.416 -0.674 -1.532 -2.064 -2.559 -3.230 -3.774 -3.859
0.00015547 -2.00000 10.11394 0.7836185098 2.4128575325    0.723  2.699  3.6791  1.267    7  0.000  0.450     0.00     0.00 -1    -1e-30      0.00 7.543e-01 2.456e-01 2.349e-05 1.237e-05 6.926e-05 -1.000 1.637e-04 -1.976 -0.432 -0.735 -1.621 -2.163 -2.663 -3.341 -3.891 -3.976
0.00015547 -2.00000 10.11394 0.7836245298 2.4128596783    0.723  2.739  3.6767  1.217    7  0.000  0.441     0.00     0.00 -1    -1e-30      0.00 7.541e-01 2.457e-01 2.301e-05 1.296e-05 6.925e-05 -1.000 1.637e-04 -2.076 -0.439 -0.792 -1.709 -2.261 -2.767 -3.453 -4.008 -4.094
0.00015547 -2.00000 10.11394 0.7836301923 2.4128618240    0.723  2.779  3.6743  1.167    7  0.000  0.433     0.00     0.00 -1    -1e-30      0.00 7.539e-01 2.460e-01 2.260e-05 1.347e-05 6.923e-05 -1.000 1.637e-04 -2.178 -0.439 -0.846 -1.796 -2.360 -2.873 -3.567 -4.128 -4.213
0.00015547 -2.00000 10.11394 0.7836350799 2.4128637314    0.723  2.820  3.6718  1.116    7  0.000  0.426     0.00     0.00 -1    -1e-30      0.00 7.536e-01 2.462e-01 2.223e-05 1.393e-05 6.920e-05 -1.000 1.637e-04 -2.280 -0.431 -0.897 -1.883 -2.460 -2.979 -3.682 -4.249 -4.333
0.00015547 -2.00000 10.11394 0.7836392522 2.4128651619    0.723  2.861  3.6693  1.065    7  0.000  0.421     0.00     0.00 -1    -1e-30      0.00 7.534e-01 2.464e-01 2.192e-05 1.431e-05 6.914e-05 -1.000 1.636e-04 -2.382 -0.412 -0.942 -1.969 -2.558 -3.085 -3.796 -4.370 -4.454
0.00015547 -2.00000 10.11394 0.7836428285 2.4128665924    0.723  2.902  3.6668  1.014    7  0.000  0.416     0.00     0.00 -1    -1e-30      0.00 7.532e-01 2.466e-01 2.166e-05 1.467e-05 6.904e-05 -1.000 1.467e-04 -2.484 -0.383 -0.983 -2.052 -2.656 -3.191 -3.911 -4.492 -4.575
0.00015547 -2.00000 10.11394 0.7836460471 2.4128677845    0.723  2.942  3.6642  0.963    7  0.000  0.413     0.00     0.00 -1    -1e-30      0.00 7.530e-01 2.469e-01 2.143e-05 1.500e-05 6.890e-05 -1.000 1.127e-04 -2.585 -0.337 -1.013 -2.131 -2.753 -3.297 -4.026 -4.613 -4.695
0.00015547 -2.00000 10.11394 0.7836493254 2.4128689766    0.723  2.985  3.6615  0.910    7  0.000  0.410     0.00     0.00 -1    -1e-30      0.00 7.528e-01 2.471e-01 2.125e-05 1.530e-05 6.875e-05 -1.000 1.637e-04 -2.692 -0.273 -1.037 -2.210 -2.853 -3.407 -4.148 -4.741 -4.822
0.00015547 -2.00000 10.11394 0.7836523056 2.4128699303    0.723  3.028  3.6587  0.855    7  0.000  0.409     0.00     0.00 -1    -1e-30      0.00 7.525e-01 2.473e-01 2.110e-05 1.558e-05 6.859e-05 -1.000 1.636e-04 -2.800 -0.194 -1.053 -2.288 -2.953 -3.520 -4.272 -4.872 -4.952
0.00015547 -2.00000 10.11394 0.7836536765 2.4128704071    0.723  3.051  3.6572  0.826    7  0.000  0.408     0.00     0.00 -1    -1e-30      0.00 7.524e-01 2.474e-01 2.103e-05 1.573e-05 6.849e-05 -1.000 1.636e-04 -2.859 -0.169 -1.068 -2.330 -3.006 -3.578 -4.337 -4.941 -5.022
0.00015547 -2.00000 10.11394 0.7836540937 2.4128706455    0.723  3.056  3.6568  0.820    7  0.000  0.408     0.00     0.00 -1    -1e-30      0.00 7.524e-01 2.475e-01 2.101e-05 1.578e-05 6.846e-05 -1.000 1.636e-04 -2.871 -0.167 -1.072 -2.339 -3.017 -3.591 -4.350 -4.955 -5.036
0.00015547 -2.00000 10.11394 0.7836541533 2.4128706455    0.723  3.054  3.6570  0.822    7  0.000  0.408     0.00     0.00 -1    -1e-30      0.00 7.524e-01 2.475e-01 2.101e-05 1.578e-05 6.846e-05 -1.000 1.636e-04 -2.866 -0.168 -1.071 -2.336 -3.012 -3.586 -4.345 -4.950 -5.031
0.00015547 -2.00000 10.11394 0.7836542726 2.4128706455    0.723  3.054  3.6570  0.823    7  0.000  0.407     0.00     0.00 -1    -1e-30      0.00 7.524e-01 2.475e-01 2.101e-05 1.579e-05 6.845e-05 -1.000 1.635e-04 -2.864 -0.168 -1.070 -2.334 -3.010 -3.584 -4.343 -4.947 -5.028
0.00015547 -2.00000 10.11394 0.7836543918 2.4128706455    0.723  3.058  3.6568  0.818    7  0.000  0.407     0.00     0.00 -1    -1e-30      0.00 7.524e-01 2.475e-01 2.101e-05 1.580e-05 6.845e-05 -1.000 1.637e-04 -2.875 -0.167 -1.074 -2.342 -3.020 -3.595 -4.355 -4.960 -5.041
0.00015547 -2.00000 10.11394 0.7836544514 2.4128706455    0.723  3.062  3.6565  0.813    7  0.000  0.407     0.00     0.00 -1    -1e-30      0.00 7.524e-01 2.475e-01 2.100e-05 1.580e-05 6.845e-05 -1.000 1.636e-04 -2.884 -0.166 -1.078 -2.349 -3.029 -3.604 -4.365 -4.971 -5.052
0.00015547 -2.00000 10.11394 0.7836546302 2.4128708839    0.723  3.067  3.6562  0.807    7  0.000  0.407     0.00     0.00 -1    -1e-30      0.00 7.524e-01 2.475e-01 2.100e-05 1.582e-05 6.843e-05 -1.000 1.637e-04 -2.897 -0.165 -1.083 -2.359 -3.040 -3.617 -4.379 -4.986 -5.067
0.00015547 -2.00000 10.11394 0.7836548090 2.4128708839    0.723  3.082  3.6553  0.788    7  0.000  0.407     0.00     0.00 -1    -1e-30      0.00 7.521e-01 2.477e-01 2.092e-05 1.607e-05 6.825e-05 -1.000 1.636e-04 -2.934 -0.160 -1.098 -2.386 -3.074 -3.654 -4.420 -5.029 -5.111
0.00015547 -2.00000 10.11394 0.7836551666 2.4128711224    0.723  3.133  3.6517  0.723    7  0.000  0.406     0.00     0.00 -1    -1e-30      0.00 7.518e-01 2.480e-01 2.077e-05 1.651e-05 6.793e-05 -1.000 1.637e-04 -3.062 -0.132 -1.140 -2.478 -3.187 -3.781 -4.562 -5.182 -5.264
0.00015547 -2.00000 10.11394 0.7836557031 2.4128711224    0.723  3.199  3.6470  0.638    7  0.549  0.404     0.00     0.00 -1    -1e-30      0.00 7.513e-01 2.485e-01 2.047e-05 1.742e-05 6.730e-05 -1.000 1.637e-04 -3.228 -0.087 -1.190 -2.593 -3.330 -3.942 -4.745 -5.378 -5.463
0.00015547 -2.00000 10.11394 0.7836560011 2.4128713608    0.723  3.414  3.6091  0.271    8  0.549  0.390    95.47    44.74  1 -1.41e-06      0.00 7.290e-01 2.706e-01 6.375e-05 5.931e-05 2.177e-04 -1.000 3.691e-04 -3.766 0.898 -0.796 -2.636 -3.614 -4.382 -5.382 -6.152 -6.262
0.00015547 -2.00000 10.11394 0.7836560607 2.4128713608    0.723  3.285  3.6165  0.430    8  0.549  0.390    67.81    33.29  1 -7.85e-07      0.00 7.290e-01 2.706e-01 6.375e-05 5.931e-05 2.177e-04 -1.000 3.691e-04 -3.443 0.820 -0.732 -2.453 -3.359 -4.083 -5.037 -5.781 -5.886
0.00015547 -2.00000 10.11394 0.7836561203 2.4128713608    0.723  3.138  3.6298  0.630    8  0.549  0.390    44.04    22.92  1 -3.93e-07      0.00 7.290e-01 2.706e-01 6.375e-05 5.931e-05 2.177e-04 -1.000 3.691e-04 -3.076 0.573 -0.737 -2.281 -3.091 -3.753 -4.634 -5.330 -5.425
0.00015547 -2.00000 10.11394 0.7836562395 2.4128713608    0.722  2.927  3.6491  0.918    8  0.549  0.390    23.64    13.38  1  -1.4e-07      0.00 7.290e-01 2.706e-01 6.375e-05 5.931e-05 2.177e-04 -1.000 3.691e-04 -2.548 0.280 -0.667 -1.969 -2.664 -3.253 -4.044 -4.677 -4.762
0.00015547 -2.00000 10.11394 0.7836564183 2.4128713608    0.722  2.932  3.6486  0.911    8  0.549  0.390    24.01    13.56  1 -1.43e-07      0.00 7.290e-01 2.706e-01 6.375e-05 5.931e-05 2.177e-04 -1.000 3.691e-04 -2.560 0.287 -0.669 -1.977 -2.674 -3.265 -4.058 -4.693 -4.778
0.00015547 -2.00000 10.11394 0.7836566567 2.4128715992    0.722  3.011  3.6414  0.804    8  0.550  0.390    30.27    16.56  1 -2.12e-07      0.00 7.290e-01 2.706e-01 6.375e-05 5.931e-05 2.177e-04 -1.000 3.690e-04 -2.757 0.384 -0.704 -2.099 -2.837 -3.454 -4.278 -4.935 -5.024
0.00015547 -2.00000 10.11394 0.7836569548 2.4128715992    0.722  3.165  3.6274  0.593    8  0.550  0.390    47.71    24.53  1 -4.48e-07      0.00 7.290e-01 2.706e-01 6.375e-05 5.931e-05 2.177e-04 -1.000 3.690e-04 -3.143 0.618 -0.738 -2.314 -3.140 -3.813 -4.707 -5.412 -5.509
0.00015547 -2.00000 10.11394 0.7836573124 2.4128718376    0.722  3.303  3.6148  0.405    8  0.550  0.390    71.59    34.81  1 -8.55e-07      0.00 7.290e-01 2.706e-01 6.375e-05 5.931e-05 2.177e-04 -1.000 3.691e-04 -3.487 0.853 -0.727 -2.470 -3.389 -4.121 -5.085 -5.835 -5.941
0.00015547 -2.00000 10.11394 0.7836576700 2.4128718376    0.721  3.394  3.6064  0.280    8  0.551  0.390    93.83    43.95  1  -1.3e-06      0.00 7.290e-01 2.706e-01 6.375e-05 5.931e-05 2.177e-04 -1.000 3.690e-04 -3.716 1.019 -0.699 -2.554 -3.544 -4.319 -5.334 -6.116 -6.229
0.00015547 -2.00000 10.11394 0.7836580873 2.4128720760    0.721  3.445  3.6018  0.210    8  0.551  0.390   108.99    49.99  1 -1.64e-06      0.00 7.290e-01 2.706e-01 6.375e-05 5.931e-05 2.177e-04 -1.000 3.690e-04 -3.842 1.116 -0.677 -2.593 -3.624 -4.427 -5.471 -6.270 -6.388
0.00015547 -2.00000 10.11394 0.7836585641 2.4128723145    0.721  3.471  3.5994  0.175    8  0.552  0.390   117.72    53.38  0 -1.85e-06      0.00 7.290e-01 2.706e-01 6.375e-05 5.931e-05 2.177e-04 -1.000 3.690e-04 -3.907 1.167 -0.665 -2.613 -3.664 -4.481 -5.540 -6.349 -6.470
0.00015547 -2.00000 10.11394 0.7836591005 2.4128725529    0.720  3.487  3.5984  0.154    8  0.552  0.390   123.23    55.48  0    -2e-06      0.00 7.290e-01 2.706e-01 6.375e-05 5.931e-05 2.177e-04 -1.000 3.690e-04 -3.948 1.183 -0.667 -2.632 -3.694 -4.518 -5.584 -6.396 -6.519
0.00015547 -2.00000 10.11394 0.7836611271 2.4128732681    0.554 -9.999  4.0000  1.705    9  0.554  0.000     0.00     0.00 -1    -1e-30      0.00 7.290e-01 2.706e-01 6.375e-05 5.931e-05 2.177e-04 -1.000 3.690e-04 29.767 29.804 30.050 30.100 30.093 30.084 30.127 30.123 30.138
#isochrone terminated
