# File generated by CMD 3.3 (http://stev.oapd.inaf.it/cmd) on Wed May 20 08:46:52 CEST 2020
# isochrones based on PARSEC release v1.2S +  COLIBRI S_35
# Basic references: Bressan et al. (2012), MNRAS, 427, 127 + Chen et al. (2014, 2015), MNRAS, 444, 2525 + MNRAS, 452, 1068 + Tang et al. (2014), MNRAS, 445, 4287 + Marigo et al. (2017), ApJ, 835, 77 + Pastorelli al. (2019), MNRAS in press
# Thermal pulse cycles included 
# On RGB, assumed Reimers mass loss with efficiency eta=0.2
# Photometric system: <i>UBVRIJHK</i> (cf. Maiz-Apellaniz 2006 + Bessell 1990)
# Using YBC version of bolometric corrections as in Chen et al. (2019)
# O-rich circumstellar dpmod60alox40 dust from Groenewegen (2006)
# C-rich circumstellar AMCSIC15 dust from Groenewegen (2006)
# IMF: Kroupa (2001, 2002) + Kroupa et al. (2013) canonical two-part-power law IMF corrected for unresolved binaries 
# Kind of output: isochrone tables
# Zini     MH   logAge Mini        int_IMF         Mass   logL    logTe  logg  label   McoreTP C_O  period0 period1 pmode  Mloss  tau1m   X   Y   Xc  Xn  Xo  Cexcess  Z 	 mbolmag  Umag    Bmag    Vmag    Rmag    Imag    Jmag    Hmag    Kmag
0.00015547 -2.00000 10.14613 0.0936335474 1.1156111956    0.094 -3.045  3.5142  5.462    1  0.000  0.545     0.00     0.00 -1 -2.76e-18      0.00 7.467e-01 2.531e-01 2.943e-05 7.939e-06 7.201e-05 -1.000 1.637e-04 12.382 18.191 16.010 14.120 12.803 11.603 10.498 10.214 10.139
0.00015547 -2.00000 10.14613 0.0968806148 1.1445078850    0.097 -2.944  3.5281  5.432    1  0.000  0.545     0.00     0.00 -1 -4.83e-18      0.00 7.458e-01 2.540e-01 2.943e-05 7.939e-06 7.201e-05 -1.000 1.637e-04 12.131 17.396 15.480 13.679 12.454 11.369 10.295 9.951 9.854
0.00015547 -2.00000 10.14613 0.1035686582 1.2002434731    0.103 -2.748  3.5554  5.374    1  0.000  0.545     0.00     0.00 -1 -1.44e-17      0.00 7.439e-01 2.560e-01 2.943e-05 7.939e-06 7.201e-05 -1.000 1.637e-04 11.641 15.931 14.459 12.877 11.792 10.902 9.902 9.465 9.337
0.00015547 -2.00000 10.14613 0.1234388798 1.3415665627    0.123 -2.472  3.5832  5.285    1  0.000  0.545     0.00     0.00 -1 -8.63e-17      0.00 7.402e-01 2.597e-01 2.943e-05 7.940e-06 7.201e-05 -1.000 1.637e-04 10.950 14.397 13.288 11.927 10.976 10.225 9.307 8.805 8.656
0.00015547 -2.00000 10.14613 0.1433091164 1.4560320377    0.143 -2.294  3.5966  5.226    1  0.000  0.545     0.00     0.00 -1 -8.04e-17      0.00 7.379e-01 2.620e-01 2.943e-05 7.940e-06 7.201e-05 -1.000 1.637e-04 10.505 13.597 12.638 11.373 10.488 9.783 8.905 8.384 8.223
0.00015547 -2.00000 10.14613 0.1631793380 1.5515257120    0.163 -2.155  3.6053  5.178    1  0.000  0.545     0.00     0.00 -1 -2.47e-18      0.00 7.367e-01 2.632e-01 2.943e-05 7.940e-06 7.201e-05 -1.000 1.636e-04 10.157 13.041 12.169 10.960 10.117 9.436 8.585 8.056 7.890
0.00015547 -2.00000 10.14613 0.2029198259 1.7036917210    0.203 -1.941  3.6170  5.106    1  0.000  0.545     0.00     0.00 -1  -1.2e-17      0.00 7.362e-01 2.636e-01 2.943e-05 7.940e-06 7.201e-05 -1.000 1.636e-04 9.623 12.246 11.483 10.341 9.551 8.902 8.085 7.552 7.382
0.00015547 -2.00000 10.14613 0.2525954247 1.8468697071    0.252 -1.746  3.6276  5.049    1  0.000  0.545     0.00     0.00 -1 -2.53e-17      0.00 7.365e-01 2.633e-01 2.943e-05 7.940e-06 7.201e-05 -1.000 1.636e-04 9.136 11.537 10.867 9.781 9.036 8.414 7.629 7.097 6.931
0.00015547 -2.00000 10.14613 0.3022710085 1.9574397802    0.302 -1.596  3.6365  5.012    1  0.000  0.545     0.00     0.00 -1 -2.43e-19      0.00 7.364e-01 2.634e-01 2.942e-05 7.941e-06 7.201e-05 -1.000 1.637e-04 8.761 10.986 10.390 9.348 8.639 8.038 7.279 6.754 6.592
0.00015547 -2.00000 10.14613 0.3519465625 2.0465965271    0.352 -1.471  3.6448  4.987    1  0.000  0.544     0.00     0.00 -1 -1.22e-15      0.00 7.365e-01 2.634e-01 2.939e-05 7.943e-06 7.201e-05 -1.000 1.636e-04 8.448 10.519 9.990 8.985 8.306 7.725 6.989 6.472 6.317
0.00015547 -2.00000 10.14613 0.4016221464 2.1207315922    0.401 -1.343  3.6538  4.952    1  0.000  0.545     0.00     0.00 -1 -7.53e-16      0.00 7.501e-01 2.497e-01 2.943e-05 7.939e-06 7.201e-05 -1.000 1.637e-04 8.127 10.034 9.578 8.613 7.965 7.405 6.695 6.188 6.041
0.00015547 -2.00000 10.14613 0.4512977004 2.1838121414    0.451 -1.187  3.6689  4.907    1  0.000  0.545     0.00     0.00 -1 -4.29e-15      0.00 7.507e-01 2.491e-01 2.943e-05 7.939e-06 7.201e-05 -1.000 1.638e-04 7.737 9.375 9.045 8.143 7.546 7.018 6.351 5.864 5.731
0.00015547 -2.00000 10.14613 0.5009732842 2.2384552956    0.501 -1.011  3.6864  4.847    1  0.000  0.545     0.00     0.00 -1 -5.88e-15      0.00 7.515e-01 2.483e-01 2.938e-05 7.925e-06 7.188e-05 -1.000 1.637e-04 7.298 8.644 8.456 7.627 7.082 6.589 5.972 5.512 5.395
0.00015547 -2.00000 10.14613 0.5506489277 2.2841949463    0.550 -0.797  3.7075  4.757    1  0.000  0.544     0.00     0.00 -1  -7.5e-16      0.00 7.905e-01 2.094e-01 2.504e-05 6.760e-06 6.135e-05 -1.000 1.000e-04 6.761 7.795 7.761 7.017 6.527 6.074 5.513 5.088 4.988
0.00015547 -2.00000 10.14613 0.6003244519 2.3213412762    0.600 -0.576  3.7345  4.682    1  0.000  0.543     0.00     0.00 -1 -1.96e-14      0.00 8.051e-01 1.947e-01 2.349e-05 6.347e-06 5.763e-05 -1.000 1.632e-04 6.209 6.921 7.039 6.401 5.970 5.565 5.073 4.690 4.612
0.00015547 -2.00000 10.14613 0.6012123227 2.3219411373    0.601 -0.571  3.7350  4.680    1  0.000  0.543     0.00     0.00 -1 -1.98e-14      0.00 8.054e-01 1.944e-01 2.345e-05 6.338e-06 5.755e-05 -1.000 1.624e-04 6.198 6.905 7.025 6.389 5.960 5.555 5.065 4.683 4.605
0.00015547 -2.00000 10.14613 0.6104248762 2.3280484676    0.610 -0.527  3.7407  4.666    1  0.000  0.543     0.00     0.00 -1 -5.82e-19      0.00 8.088e-01 1.910e-01 2.310e-05 6.244e-06 5.671e-05 -1.000 1.531e-04 6.089 6.738 6.884 6.269 5.851 5.456 4.980 4.607 4.533
0.00015547 -2.00000 10.14613 0.6212761402 2.3349757195    0.621 -0.475  3.7474  4.648    1  0.000  0.543     0.00     0.00 -1  -1.5e-23      0.00 8.130e-01 1.869e-01 2.266e-05 6.127e-06 5.566e-05 -1.000 1.175e-04 5.958 6.547 6.720 6.129 5.725 5.341 4.879 4.515 4.447
0.00015547 -2.00000 10.14613 0.6308945417 2.3408873081    0.631 -0.428  3.7532  4.630    1  0.000  0.543     0.00     0.00 -1 -2.27e-20      0.00 8.169e-01 1.830e-01 2.225e-05 6.018e-06 5.468e-05 -1.000 9.805e-05 5.840 6.378 6.573 6.004 5.612 5.239 4.789 4.432 4.369
0.00015547 -2.00000 10.14613 0.6401376128 2.3463764191    0.640 -0.382  3.7587  4.613    1  0.000  0.542     0.00     0.00 -1 -2.38e-17      0.00 8.209e-01 1.790e-01 2.185e-05 5.909e-06 5.370e-05 -1.000 9.230e-05 5.725 6.217 6.432 5.883 5.502 5.139 4.701 4.350 4.292
0.00015547 -2.00000 10.14613 0.6489380598 2.3514356613    0.649 -0.337  3.7638  4.594    1  0.000  0.542     0.00     0.00 -1 -1.67e-14      0.00 8.248e-01 1.751e-01 2.144e-05 5.800e-06 5.272e-05 -1.000 1.164e-04 5.613 6.068 6.298 5.767 5.397 5.042 4.614 4.270 4.217
0.00015547 -2.00000 10.14613 0.6499999762 2.3520355225    0.650 -0.332  3.7644  4.592    1  0.000  0.542     0.00     0.00 -1 -1.47e-14      0.00 8.253e-01 1.746e-01 2.139e-05 5.787e-06 5.260e-05 -1.000 1.097e-04 5.600 6.050 6.282 5.753 5.384 5.030 4.604 4.260 4.208
0.00015547 -2.00000 10.14613 0.6585292816 2.3567726612    0.658 -0.287  3.7692  4.572    1  0.000  0.542     0.00     0.00 -1  -5.7e-16      0.00 8.302e-01 1.697e-01 2.088e-05 5.651e-06 5.139e-05 -1.000 1.380e-04 5.488 5.906 6.149 5.637 5.278 4.931 4.515 4.177 4.129
0.00015547 -2.00000 10.14613 0.6664024591 2.3610219955    0.666 -0.244  3.7736  4.552    1  0.000  0.541     0.00     0.00 -1 -2.04e-23      0.00 8.350e-01 1.649e-01 2.038e-05 5.519e-06 5.020e-05 -1.000 1.164e-04 5.380 5.772 6.025 5.528 5.176 4.837 4.429 4.096 4.052
0.00015547 -2.00000 10.14613 0.6740307808 2.3650305271    0.674 -0.201  3.7778  4.530    1  0.000  0.541     0.00     0.00 -1 -1.68e-22      0.00 8.398e-01 1.600e-01 1.987e-05 5.384e-06 4.899e-05 -1.000 1.237e-04 5.272 5.640 5.901 5.418 5.074 4.742 4.342 4.014 3.974
0.00015547 -2.00000 10.14613 0.6830601692 2.3696424961    0.683 -0.148  3.7827  4.503    1  0.000  0.540     0.00     0.00 -1 -1.84e-19      0.00 8.459e-01 1.540e-01 1.924e-05 5.217e-06 4.749e-05 -1.000 1.485e-04 5.139 5.480 5.748 5.282 4.948 4.623 4.234 3.913 3.876
0.00015547 -2.00000 10.14613 0.6913741231 2.3737666607    0.691 -0.095  3.7872  4.474    1  0.000  0.540     0.00     0.00 -1 -1.11e-16      0.00 8.516e-01 1.483e-01 1.865e-05 5.058e-06 4.606e-05 -1.000 1.316e-04 5.008 5.329 5.599 5.148 4.824 4.507 4.127 3.812 3.779
0.00015547 -2.00000 10.14613 0.6989309788 2.3774175644    0.698 -0.045  3.7913  4.444    1  0.000  0.539     0.00     0.00 -1 -3.65e-14      0.00 8.568e-01 1.431e-01 1.811e-05 4.915e-06 4.479e-05 -1.000 7.999e-05 4.882 5.186 5.457 5.020 4.703 4.393 4.022 3.714 3.683
0.00015547 -2.00000 10.14613 0.6999999881 2.3779268265    0.700 -0.038  3.7919  4.440    1  0.000  0.539     0.00     0.00 -1 -8.26e-14      0.00 8.576e-01 1.424e-01 1.804e-05 4.895e-06 4.461e-05 -1.000 7.474e-05 4.864 5.166 5.437 5.001 4.685 4.376 4.006 3.699 3.669
0.00015547 -2.00000 10.14613 0.7025078535 2.3791143894    0.702 -0.020  3.7931  4.429    1  0.000  0.538     0.00     0.00 -1 -8.69e-14      0.00 8.588e-01 1.411e-01 1.792e-05 4.866e-06 4.436e-05 -1.000 6.583e-05 4.820 5.118 5.388 4.957 4.643 4.337 3.969 3.664 3.635
0.00015547 -2.00000 10.14613 0.7091759443 2.3822247982    0.709  0.029  3.7964  4.397    1  0.000  0.537     0.00     0.00 -1 -6.12e-14      0.00 8.618e-01 1.381e-01 1.764e-05 4.801e-06 4.379e-05 -1.000 1.572e-04 4.697 4.983 5.252 4.831 4.524 4.223 3.863 3.563 3.537
0.00015547 -2.00000 10.14613 0.7158441544 2.3852686882    0.715  0.082  3.7995  4.360    1  0.000  0.535     0.00     0.00 -1 -1.05e-24      0.00 8.646e-01 1.353e-01 1.739e-05 4.746e-06 4.331e-05 -1.000 1.178e-04 4.564 4.841 5.106 4.695 4.395 4.099 3.746 3.452 3.427
0.00015547 -2.00000 10.14613 0.7235485911 2.3887052536    0.723  0.150  3.8029  4.311    1  0.000  0.534     0.00     0.00 -1 -1.82e-22      0.00 8.673e-01 1.326e-01 1.715e-05 4.691e-06 4.285e-05 -1.000 1.076e-04 4.396 4.665 4.924 4.524 4.230 3.941 3.595 3.307 3.284
0.00015547 -2.00000 10.14613 0.7307493091 2.3918421268    0.730  0.219  3.8056  4.257    1  0.000  0.532     0.00     0.00 -1 -6.01e-20      0.00 8.687e-01 1.312e-01 1.704e-05 4.672e-06 4.270e-05 -1.000 9.197e-05 4.222 4.486 4.737 4.346 4.058 3.774 3.434 3.152 3.131
0.00015547 -2.00000 10.14613 0.7358145714 2.3940064907    0.735  0.273  3.8071  4.212    1  0.000  0.531     0.00     0.00 -1 -3.59e-18      0.00 8.696e-01 1.303e-01 1.698e-05 4.662e-06 4.262e-05 -1.000 1.000e-04 4.088 4.351 4.595 4.209 3.925 3.644 3.307 3.028 3.008
0.00015547 -2.00000 10.14613 0.7402114868 2.3958575726    0.739  0.324  3.8077  4.166    1  0.000  0.530     0.00     0.00 -1 -1.27e-16      0.00 8.699e-01 1.300e-01 1.696e-05 4.663e-06 4.265e-05 -1.000 9.999e-05 3.961 4.224 4.463 4.080 3.798 3.518 3.183 2.906 2.885
0.00015547 -2.00000 10.14613 0.7412352562 2.3962848186    0.740  0.336  3.8078  4.155    1  0.000  0.530     0.00     0.00 -1 -2.93e-16      0.00 8.700e-01 1.299e-01 1.696e-05 4.664e-06 4.266e-05 -1.000 9.996e-05 3.930 4.194 4.431 4.049 3.767 3.487 3.152 2.875 2.855
0.00015547 -2.00000 10.14613 0.7426644564 2.3968791962    0.742  0.355  3.8075  4.136    1  0.000  0.530     0.00     0.00 -1 -9.46e-16      0.00 8.700e-01 1.299e-01 1.696e-05 4.666e-06 4.268e-05 -1.000 1.000e-04 3.883 4.148 4.384 4.001 3.719 3.439 3.104 2.827 2.806
0.00015547 -2.00000 10.14613 0.7465447187 2.3984797001    0.746  0.410  3.8056  4.075    1  0.000  0.529     0.00     0.00 -1 -2.31e-14      0.00 8.702e-01 1.297e-01 1.696e-05 4.670e-06 4.272e-05 -1.000 9.997e-05 3.745 4.019 4.250 3.864 3.578 3.296 2.956 2.676 2.654
0.00015547 -2.00000 10.14613 0.7492572665 2.3995873928    0.748  0.454  3.8028  4.021    1  0.000  0.529     0.00     0.00 -1 -2.24e-13      0.00 8.704e-01 1.295e-01 1.695e-05 4.672e-06 4.276e-05 -1.000 9.999e-05 3.635 3.918 4.147 3.754 3.465 3.178 2.832 2.546 2.523
0.00015547 -2.00000 10.14613 0.7498354316 2.3998222351    0.749  0.464  3.8020  4.008    1  0.000  0.529     0.00     0.00 -1 -3.68e-13      0.00 8.704e-01 1.295e-01 1.695e-05 4.673e-06 4.276e-05 -1.000 9.996e-05 3.610 3.895 4.124 3.730 3.438 3.150 2.802 2.515 2.492
0.00015547 -2.00000 10.14613 0.7500000000 2.3998889923    0.749  0.467  3.8016  4.004    1  0.000  0.529     0.00     0.00 -1 -4.23e-13      0.00 8.704e-01 1.295e-01 1.695e-05 4.673e-06 4.277e-05 -1.000 1.000e-04 3.602 3.888 4.117 3.722 3.430 3.141 2.792 2.505 2.481
0.00015547 -2.00000 10.14613 0.7503973246 2.4000501633    0.749  0.475  3.8009  3.993    1  0.000  0.529     0.00     0.00 -1 -4.35e-13      0.00 8.703e-01 1.296e-01 1.697e-05 4.677e-06 4.280e-05 -1.000 9.996e-05 3.582 3.872 4.100 3.703 3.410 3.120 2.769 2.480 2.457
0.00015547 -2.00000 10.14613 0.7522987127 2.4008183479    0.751  0.515  3.7960  3.935    2  0.000  0.529     0.00     0.00 -1 -5.08e-13      0.00 8.698e-01 1.301e-01 1.704e-05 4.697e-06 4.299e-05 -1.000 9.997e-05 3.483 3.790 4.016 3.606 3.305 3.007 2.645 2.348 2.321
0.00015547 -2.00000 10.14613 0.7537552714 2.4014036655    0.752  0.551  3.7900  3.876    2  0.000  0.529     0.00     0.00 -1 -5.89e-13      0.00 8.693e-01 1.306e-01 1.710e-05 4.713e-06 4.313e-05 -1.000 1.000e-04 3.393 3.722 3.946 3.521 3.208 2.901 2.526 2.217 2.187
0.00015547 -2.00000 10.14613 0.7548971772 2.4018609524    0.754  0.584  3.7830  3.815    2  0.000  0.529     0.00     0.00 -1 -6.82e-13      0.00 8.683e-01 1.315e-01 1.725e-05 4.754e-06 4.350e-05 -1.000 1.306e-04 3.310 3.668 3.889 3.444 3.119 2.800 2.409 2.087 2.053
0.00015547 -2.00000 10.14613 0.7558184266 2.4022285938    0.754  0.614  3.7756  3.756    2  0.000  0.529     0.00     0.00 -1 -7.82e-13      0.00 8.558e-01 1.441e-01 1.869e-05 5.147e-06 4.707e-05 -1.000 1.284e-04 3.234 3.626 3.842 3.374 3.036 2.706 2.297 1.963 1.924
0.00015547 -2.00000 10.14613 0.7565917373 2.4025363922    0.755  0.643  3.7687  3.700    2  0.000  0.531     0.00     0.00 -1 -8.91e-13      0.00 8.305e-01 1.694e-01 2.130e-05 5.854e-06 5.345e-05 -1.000 1.334e-04 3.162 3.590 3.798 3.309 2.958 2.617 2.193 1.846 1.803
0.00015547 -2.00000 10.14613 0.7572742701 2.4028074741    0.756  0.673  3.7617  3.642    2  0.000  0.534     0.00     0.00 -1 -1.02e-12      0.00 8.067e-01 1.932e-01 2.360e-05 6.471e-06 5.897e-05 -1.000 1.033e-04 3.087 3.553 3.753 3.242 2.879 2.526 2.086 1.727 1.680
0.00015547 -2.00000 10.14613 0.7578800321 2.4030475616    0.756  0.706  3.7555  3.585    2  0.000  0.535     0.00     0.00 -1 -1.18e-12      0.00 7.921e-01 2.078e-01 2.499e-05 6.843e-06 6.229e-05 -1.000 1.081e-04 3.004 3.510 3.698 3.168 2.792 2.429 1.975 1.606 1.553
0.00015547 -2.00000 10.14613 0.7584801316 2.4032850266    0.757  0.748  3.7500  3.521    2  0.000  0.536     0.00     0.00 -1 -1.39e-12      0.00 7.827e-01 2.171e-01 2.588e-05 7.082e-06 6.442e-05 -1.000 1.618e-04 2.899 3.440 3.618 3.070 2.685 2.312 1.845 1.467 1.411
0.00015547 -2.00000 10.14613 0.7589539886 2.4034721851    0.757  0.788  3.7465  3.467    2  0.000  0.536     0.00     0.00 -1 -1.62e-12      0.00 7.778e-01 2.220e-01 2.635e-05 7.207e-06 6.553e-05 -1.000 1.637e-04 2.799 3.366 3.536 2.976 2.583 2.205 1.729 1.345 1.286
0.00015547 -2.00000 10.14613 0.7592779398 2.4036002159    0.758  0.818  3.7443  3.428    2  0.000  0.536     0.00     0.00 -1 -1.82e-12      0.00 7.752e-01 2.246e-01 2.659e-05 7.271e-06 6.611e-05 -1.000 1.637e-04 2.724 3.307 3.471 2.904 2.507 2.126 1.644 1.256 1.195
0.00015547 -2.00000 10.14613 0.7595669031 2.4037139416    0.758  0.848  3.7427  3.392    3  0.000  0.536     0.00     0.00 -1 -2.03e-12      0.00 7.734e-01 2.264e-01 2.675e-05 7.315e-06 6.651e-05 -1.000 1.594e-04 2.650 3.245 3.405 2.832 2.433 2.049 1.563 1.173 1.110
0.00015547 -2.00000 10.14613 0.7599456906 2.4038631916    0.758  0.888  3.7408  3.344    3  0.000  0.536     0.00     0.00 -1 -2.35e-12      0.00 7.712e-01 2.286e-01 2.694e-05 7.365e-06 6.696e-05 -1.000 1.589e-04 2.549 3.159 3.313 2.734 2.332 1.944 1.453 1.059 0.995
0.00015547 -2.00000 10.14613 0.7603272796 2.4040133953    0.758  0.932  3.7390  3.294    3  0.000  0.537     0.00     0.00 -1 -2.75e-12      0.00 7.693e-01 2.306e-01 2.710e-05 7.408e-06 6.734e-05 -1.000 1.304e-04 2.441 3.065 3.213 2.629 2.223 1.833 1.337 0.939 0.874
0.00015547 -2.00000 10.14613 0.7606928945 2.4041569233    0.759  0.976  3.7374  3.244    3  0.000  0.537     0.00     0.00 -1 -3.23e-12      0.00 7.675e-01 2.323e-01 2.722e-05 7.441e-06 6.764e-05 -1.000 1.633e-04 2.330 2.968 3.110 2.522 2.113 1.720 1.220 0.818 0.752
0.00015547 -2.00000 10.14613 0.7610814571 2.4043095112    0.759  1.026  3.7357  3.187    3  0.000  0.537     0.00     0.00 -1 -3.86e-12      0.00 7.658e-01 2.340e-01 2.734e-05 7.472e-06 6.792e-05 -1.000 1.637e-04 2.205 2.857 2.993 2.400 1.988 1.593 1.087 0.681 0.615
0.00015547 -2.00000 10.14613 0.7614074945 2.4044373035    0.759  1.071  3.7343  3.136    3  0.000  0.537     0.00     0.00 -1 -4.54e-12      0.00 7.644e-01 2.355e-01 2.743e-05 7.496e-06 6.812e-05 -1.000 1.637e-04 2.092 2.757 2.888 2.290 1.876 1.478 0.968 0.558 0.492
0.00015547 -2.00000 10.14613 0.7617373466 2.4045665264    0.760  1.120  3.7329  3.082    3  0.000  0.537     0.00     0.00 -1 -5.42e-12      0.00 7.631e-01 2.368e-01 2.749e-05 7.516e-06 6.830e-05 -1.000 1.592e-04 1.969 2.646 2.772 2.170 1.753 1.353 0.839 0.425 0.358
0.00015547 -2.00000 10.14613 0.7620610595 2.4046931267    0.760  1.173  3.7313  3.023    3  0.000  0.537     0.00     0.00 -1 -6.55e-12      0.00 7.618e-01 2.381e-01 2.756e-05 7.536e-06 6.847e-05 -1.000 1.602e-04 1.837 2.527 2.648 2.041 1.622 1.219 0.700 0.282 0.214
0.00015547 -2.00000 10.14613 0.7623222470 2.4047951698    0.760  1.220  3.7299  2.971    3  0.000  0.536     0.00     0.00 -1 -7.74e-12      0.00 7.608e-01 2.390e-01 2.759e-05 7.550e-06 6.858e-05 -1.000 1.631e-04 1.721 2.423 2.538 1.927 1.506 1.101 0.578 0.156 0.088
0.00015547 -2.00000 10.14613 0.7625742555 2.4048936367    0.760  1.269  3.7284  2.916    3  0.000  0.536     0.00     0.00 -1 -9.23e-12      0.00 7.599e-01 2.400e-01 2.762e-05 7.564e-06 6.868e-05 -1.000 1.637e-04 1.598 2.314 2.423 1.808 1.384 0.976 0.449 0.024 -0.045
0.00015547 -2.00000 10.14613 0.7628006935 2.4049820900    0.760  1.317  3.7270  2.862    3  0.000  0.536     0.00     0.00 -1  -1.1e-11      0.00 7.591e-01 2.408e-01 2.763e-05 7.578e-06 6.876e-05 -1.000 1.590e-04 1.478 2.208 2.310 1.690 1.264 0.854 0.323 -0.105 -0.175
0.00015547 -2.00000 10.14613 0.7630057931 2.4050619602    0.760  1.364  3.7255  2.809    3  0.000  0.535     0.00     0.00 -1  -1.3e-11      0.00 7.584e-01 2.415e-01 2.763e-05 7.591e-06 6.882e-05 -1.000 1.363e-04 1.359 2.103 2.199 1.574 1.146 0.733 0.198 -0.234 -0.304
0.00015547 -2.00000 10.14613 0.7631893754 2.4051334858    0.760  1.411  3.7241  2.756    3  0.000  0.535     0.00     0.00 -1 -1.54e-11      0.00 7.578e-01 2.420e-01 2.763e-05 7.605e-06 6.886e-05 -1.000 1.487e-04 1.242 2.000 2.090 1.461 1.029 0.615 0.075 -0.360 -0.431
0.00015547 -2.00000 10.14613 0.7633630633 2.4052011967    0.760  1.460  3.7226  2.701    3  0.000  0.535     0.00     0.00 -1 -1.83e-11      0.00 7.574e-01 2.425e-01 2.763e-05 7.619e-06 6.891e-05 -1.000 1.636e-04 1.121 1.892 1.976 1.342 0.909 0.492 -0.053 -0.492 -0.563
0.00015547 -2.00000 10.14613 0.7635173202 2.4052612782    0.760  1.507  3.7210  2.648    3  0.000  0.534     0.00     0.00 -1 -2.17e-11      0.00 7.570e-01 2.428e-01 2.762e-05 7.632e-06 6.893e-05 -1.000 1.637e-04 1.002 1.788 1.866 1.227 0.791 0.372 -0.177 -0.620 -0.692
0.00015547 -2.00000 10.14613 0.7636544108 2.4053146839    0.760  1.553  3.7195  2.596    3  0.000  0.534     0.00     0.00 -1 -2.57e-11      0.00 7.568e-01 2.430e-01 2.761e-05 7.641e-06 6.896e-05 -1.000 1.636e-04 0.887 1.688 1.760 1.116 0.677 0.255 -0.299 -0.745 -0.818
0.00015547 -2.00000 10.14613 0.7637786269 2.4053630829    0.760  1.599  3.7180  2.544    3  0.000  0.534     0.00     0.00 -1 -3.03e-11      0.00 7.566e-01 2.432e-01 2.760e-05 7.648e-06 6.897e-05 -1.000 1.376e-04 0.774 1.589 1.655 1.006 0.564 0.140 -0.418 -0.869 -0.942
0.00015547 -2.00000 10.14613 0.7638950348 2.4054083824    0.760  1.645  3.7164  2.491    3  0.000  0.534     0.00     0.00 -1 -3.58e-11      0.00 7.565e-01 2.433e-01 2.760e-05 7.651e-06 6.897e-05 -1.000 1.637e-04 0.657 1.489 1.548 0.893 0.449 0.022 -0.541 -0.995 -1.069
0.00015547 -2.00000 10.14613 0.7639978528 2.4054481983    0.760  1.690  3.7148  2.440    3  0.000  0.534     0.00     0.00 -1 -4.21e-11      0.00 7.565e-01 2.433e-01 2.760e-05 7.653e-06 6.898e-05 -1.000 1.637e-04 0.545 1.397 1.446 0.785 0.337 -0.093 -0.660 -1.118 -1.193
0.00015547 -2.00000 10.14613 0.7640928626 2.4054851532    0.759  1.735  3.7132  2.388    3  0.000  0.534     0.00     0.00 -1 -4.96e-11      0.00 7.565e-01 2.433e-01 2.760e-05 7.654e-06 6.898e-05 -1.000 1.636e-04 0.432 1.303 1.343 0.675 0.224 -0.208 -0.780 -1.242 -1.317
0.00015547 -2.00000 10.14613 0.7641800642 2.4055192471    0.759  1.780  3.7116  2.336    3  0.000  0.534     0.00     0.00 -1 -5.84e-11      0.00 7.565e-01 2.433e-01 2.760e-05 7.654e-06 6.898e-05 -1.000 1.637e-04 0.319 1.210 1.240 0.566 0.112 -0.324 -0.900 -1.366 -1.442
0.00015547 -2.00000 10.14613 0.7642575502 2.4055492878    0.759  1.824  3.7099  2.286    3  0.000  0.534     0.00     0.00 -1 -4.57e-16      0.00 7.565e-01 2.433e-01 2.760e-05 7.654e-06 6.898e-05 -1.000 1.637e-04 0.210 1.121 1.142 0.461 0.003 -0.435 -1.017 -1.486 -1.563
0.00015547 -2.00000 10.14613 0.7643291354 2.4055769444    0.759  1.868  3.7083  2.236    3  0.000  0.534     0.00     0.00 -1 -4.71e-19      0.00 7.565e-01 2.433e-01 2.760e-05 7.655e-06 6.898e-05 -1.000 1.637e-04 0.101 1.033 1.044 0.356 -0.105 -0.547 -1.133 -1.606 -1.684
0.00015547 -2.00000 10.14613 0.7643979192 2.4056036472    0.759  1.913  3.7067  2.184    3  0.000  0.534     0.00     0.00 -1 -1.07e-19      0.00 7.565e-01 2.434e-01 2.760e-05 7.655e-06 6.898e-05 -1.000 1.637e-04 -0.013 0.942 0.943 0.247 -0.218 -0.662 -1.253 -1.731 -1.809
0.00015547 -2.00000 10.14613 0.7644568086 2.4056265354    0.759  1.955  3.7050  2.135    3  0.000  0.534     0.00     0.00 -1 -1.21e-19      0.00 7.565e-01 2.434e-01 2.760e-05 7.655e-06 6.898e-05 -1.000 1.637e-04 -0.118 0.859 0.849 0.146 -0.323 -0.770 -1.366 -1.848 -1.927
0.00015547 -2.00000 10.14613 0.7645112872 2.4056477547    0.758  1.997  3.7033  2.086    3  0.000  0.534     0.00     0.00 -1 -1.36e-19      0.00 7.565e-01 2.434e-01 2.760e-05 7.656e-06 6.898e-05 -1.000 1.636e-04 -0.224 0.776 0.756 0.045 -0.427 -0.877 -1.478 -1.964 -2.044
0.00015547 -2.00000 10.14613 0.7645633221 2.4056680202    0.758  2.041  3.7017  2.036    3  0.000  0.534     0.00     0.00 -1 -1.53e-19      0.00 7.565e-01 2.434e-01 2.760e-05 7.656e-06 6.898e-05 -1.000 1.636e-04 -0.332 0.690 0.660 -0.058 -0.534 -0.987 -1.594 -2.084 -2.164
0.00015547 -2.00000 10.14613 0.7646087408 2.4056856632    0.758  2.081  3.7000  1.988    3  0.000  0.534     0.00     0.00 -1  -1.7e-19      0.00 7.565e-01 2.434e-01 2.760e-05 7.656e-06 6.898e-05 -1.000 1.637e-04 -0.433 0.612 0.572 -0.155 -0.634 -1.090 -1.702 -2.196 -2.278
0.00015547 -2.00000 10.14613 0.7646512985 2.4057021141    0.758  2.121  3.6984  1.942    3  0.000  0.534     0.00     0.00 -1 -1.89e-19      0.00 7.565e-01 2.434e-01 2.760e-05 7.656e-06 6.899e-05 -1.000 1.637e-04 -0.533 0.540 0.486 -0.249 -0.732 -1.191 -1.808 -2.307 -2.389
0.00015547 -2.00000 10.14613 0.7646955252 2.4057192802    0.757  2.160  3.6969  1.897    3  0.000  0.534     0.00     0.00 -1 -2.11e-19      0.00 7.565e-01 2.434e-01 2.760e-05 7.656e-06 6.899e-05 -1.000 1.636e-04 -0.631 0.467 0.401 -0.342 -0.829 -1.291 -1.913 -2.415 -2.498
0.00015547 -2.00000 10.14613 0.7647445798 2.4057383537    0.757  2.190  3.6957  1.862    3  0.000  0.534     0.00     0.00 -1 -2.31e-19      0.00 7.565e-01 2.434e-01 2.760e-05 7.657e-06 6.899e-05 -1.000 1.637e-04 -0.704 0.413 0.337 -0.412 -0.902 -1.366 -1.991 -2.496 -2.580
0.00015547 -2.00000 10.14613 0.7647650838 2.4057462215    0.757  2.185  3.6961  1.868    3  0.000  0.534     0.00     0.00 -1 -2.32e-19      0.00 7.565e-01 2.434e-01 2.760e-05 7.657e-06 6.899e-05 -1.000 1.636e-04 -0.693 0.419 0.345 -0.402 -0.891 -1.354 -1.978 -2.482 -2.565
0.00015547 -2.00000 10.14613 0.7647707462 2.4057483673    0.757  2.191  3.6959  1.861    3  0.000  0.534     0.00     0.00 -1 -2.36e-19      0.00 7.564e-01 2.434e-01 2.760e-05 7.657e-06 6.899e-05 -1.000 1.637e-04 -0.708 0.408 0.333 -0.416 -0.906 -1.370 -1.994 -2.499 -2.583
0.00015547 -2.00000 10.14613 0.7648020387 2.4057605267    0.756  2.233  3.6940  1.812    3  0.000  0.534     0.00     0.00 -1  -2.6e-19      0.00 7.564e-01 2.434e-01 2.760e-05 7.657e-06 6.899e-05 -1.000 1.637e-04 -0.812 0.335 0.245 -0.514 -1.008 -1.475 -2.106 -2.615 -2.699
0.00015547 -2.00000 10.14613 0.7648335695 2.4057729244    0.756  2.277  3.6923  1.761    3  0.000  0.534     0.00     0.00 -1  -2.9e-19      0.00 7.564e-01 2.434e-01 2.760e-05 7.657e-06 6.899e-05 -1.000 1.636e-04 -0.922 0.255 0.150 -0.618 -1.117 -1.588 -2.223 -2.737 -2.822
0.00015547 -2.00000 10.14613 0.7648603916 2.4057831764    0.756  2.317  3.6904  1.713    3  0.000  0.534     0.00     0.00 -1 -3.19e-19      0.00 7.564e-01 2.434e-01 2.760e-05 7.657e-06 6.899e-05 -1.000 1.637e-04 -1.022 0.186 0.067 -0.712 -1.215 -1.690 -2.331 -2.850 -2.936
0.00015547 -2.00000 10.14613 0.7648867369 2.4057934284    0.755  2.359  3.6885  1.663    3  0.000  0.534     0.00     0.00 -1 -3.53e-19      0.00 7.564e-01 2.434e-01 2.760e-05 7.657e-06 6.899e-05 -1.000 1.637e-04 -1.127 0.115 -0.020 -0.810 -1.318 -1.796 -2.444 -2.968 -3.055
0.00015547 -2.00000 10.14613 0.7649113536 2.4058029652    0.755  2.401  3.6867  1.614    3  0.000  0.534     0.00     0.00 -1  -3.9e-19      0.00 7.564e-01 2.434e-01 2.760e-05 7.657e-06 6.899e-05 -1.000 1.637e-04 -1.233 0.043 -0.108 -0.909 -1.421 -1.903 -2.557 -3.086 -3.173
0.00015547 -2.00000 10.14613 0.7649328709 2.4058113098    0.754  2.441  3.6848  1.566    3  0.000  0.534     0.00     0.00 -1 -4.29e-19      0.00 7.564e-01 2.434e-01 2.760e-05 7.658e-06 6.899e-05 -1.000 1.637e-04 -1.332 0.026 -0.175 -1.003 -1.523 -2.008 -2.667 -3.202 -3.287
0.00015547 -2.00000 10.14613 0.7649542093 2.4058196545    0.754  2.483  3.6829  1.516    3  0.000  0.534     0.00     0.00 -1 -4.73e-19      0.00 7.564e-01 2.434e-01 2.760e-05 7.658e-06 6.899e-05 -1.000 1.636e-04 -1.437 0.000 -0.248 -1.102 -1.630 -2.119 -2.784 -3.324 -3.407
0.00015547 -2.00000 10.14613 0.7649731636 2.4058270454    0.753  2.523  3.6810  1.468    3  0.000  0.534     0.00     0.00 -1 -5.19e-19      0.00 7.564e-01 2.434e-01 2.760e-05 7.658e-06 6.899e-05 -1.000 1.637e-04 -1.538 -0.101 -0.339 -1.193 -1.724 -2.217 -2.889 -3.434 -3.521
0.00015547 -2.00000 10.14613 0.7649908066 2.4058337212    0.753  2.563  3.6791  1.420    3  0.000  0.534     0.00     0.00 -1 -5.69e-19      0.00 7.564e-01 2.434e-01 2.760e-05 7.658e-06 6.899e-05 -1.000 1.636e-04 -1.638 -0.134 -0.408 -1.284 -1.823 -2.321 -2.999 -3.549 -3.636
0.00015547 -2.00000 10.14613 0.7650076747 2.4058403969    0.752  2.604  3.6771  1.371    3  0.000  0.534     0.00     0.00 -1 -6.24e-19      0.00 7.564e-01 2.434e-01 2.760e-05 7.658e-06 6.899e-05 -1.000 1.636e-04 -1.740 -0.162 -0.476 -1.377 -1.924 -2.427 -3.111 -3.666 -3.752
0.00015547 -2.00000 10.14613 0.7650257945 2.4058473110    0.751  2.652  3.6747  1.313    3  0.000  0.534     0.00     0.00 -1 -6.95e-19      0.00 7.564e-01 2.434e-01 2.760e-05 7.658e-06 6.899e-05 -1.000 1.636e-04 -1.859 -0.185 -0.551 -1.483 -2.040 -2.550 -3.242 -3.803 -3.888
0.00015547 -2.00000 10.14613 0.7650403380 2.4058530331    0.751  2.693  3.6727  1.263    3  0.000  0.534     0.00     0.00 -1 -7.62e-19      0.00 7.564e-01 2.434e-01 2.760e-05 7.658e-06 6.899e-05 -1.000 1.637e-04 -1.962 -0.201 -0.614 -1.574 -2.142 -2.656 -3.355 -3.921 -4.006
0.00015547 -2.00000 10.14613 0.7650553584 2.4058587551    0.750  2.739  3.6703  1.207    3  0.000  0.534     0.00     0.00 -1 -8.44e-19      0.00 7.564e-01 2.434e-01 2.760e-05 7.658e-06 6.899e-05 -1.000 1.636e-04 -2.077 -0.206 -0.677 -1.674 -2.254 -2.775 -3.482 -4.054 -4.139
0.00015547 -2.00000 10.14613 0.7650678158 2.4058635235    0.749  2.779  3.6684  1.158    3  0.000  0.534     0.00     0.00 -1 -9.23e-19      0.00 7.564e-01 2.434e-01 2.760e-05 7.658e-06 6.899e-05 -1.000 1.637e-04 -2.178 -0.213 -0.735 -1.762 -2.353 -2.880 -3.594 -4.171 -4.255
0.00015547 -2.00000 10.14613 0.7650803924 2.4058685303    0.748  2.824  3.6658  1.103    3  0.000  0.534     0.00     0.00 -1 -1.02e-18      0.00 7.564e-01 2.434e-01 2.760e-05 7.658e-06 6.899e-05 -1.000 1.637e-04 -2.289 -0.192 -0.785 -1.854 -2.459 -2.994 -3.718 -4.302 -4.385
0.00015547 -2.00000 10.14613 0.7650908828 2.4058725834    0.747  2.863  3.6639  1.055    3  0.000  0.534     0.00     0.00 -1 -1.11e-18      0.00 7.564e-01 2.434e-01 2.760e-05 7.658e-06 6.899e-05 -1.000 1.636e-04 -2.388 -0.185 -0.834 -1.938 -2.555 -3.096 -3.827 -4.415 -4.498
0.00015547 -2.00000 10.14613 0.7651019096 2.4058768749    0.745  2.908  3.6613  1.000    3  0.000  0.534     0.00     0.00 -1 -1.22e-18      0.00 7.564e-01 2.434e-01 2.760e-05 7.658e-06 6.899e-05 -1.000 1.637e-04 -2.500 -0.143 -0.873 -2.026 -2.661 -3.211 -3.952 -4.548 -4.629
0.00015547 -2.00000 10.14613 0.7651130557 2.4058811665    0.744  2.957  3.6588  0.940    3  0.000  0.534     0.00     0.00 -1 -1.36e-18      0.00 7.564e-01 2.434e-01 2.760e-05 7.658e-06 6.899e-05 -1.000 1.637e-04 -2.622 -0.093 -0.910 -2.121 -2.775 -3.337 -4.088 -4.690 -4.771
0.00015547 -2.00000 10.14613 0.7651221156 2.4058847427    0.742  2.999  3.6562  0.886    3  0.000  0.534     0.00     0.00 -1 -1.49e-18      0.00 7.564e-01 2.434e-01 2.760e-05 7.658e-06 6.899e-05 -1.000 1.636e-04 -2.728 -0.065 -0.947 -2.200 -2.872 -3.444 -4.206 -4.814 -4.896
0.00015547 -2.00000 10.14613 0.7651298642 2.4058876038    0.741  3.038  3.6541  0.838    3  0.000  0.534     0.00     0.00 -1 -1.62e-18      0.00 7.564e-01 2.434e-01 2.760e-05 7.659e-06 6.899e-05 -1.000 1.637e-04 -2.825 -0.062 -0.990 -2.274 -2.960 -3.541 -4.312 -4.926 -5.008
0.00015547 -2.00000 10.14613 0.7651379108 2.4058907032    0.739  3.081  3.6516  0.784    3  0.000  0.534     0.00     0.00 -1 -1.77e-18      0.00 7.564e-01 2.434e-01 2.760e-05 7.659e-06 6.899e-05 -1.000 1.637e-04 -2.932 -0.050 -1.032 -2.354 -3.057 -3.647 -4.429 -5.050 -5.134
0.00015547 -2.00000 10.14613 0.7651461363 2.4058940411    0.737  3.128  3.6489  0.725    3  0.000  0.534     0.00     0.00 -1 -1.96e-18      0.00 7.564e-01 2.434e-01 2.760e-05 7.659e-06 6.899e-05 -1.000 1.636e-04 -3.049 -0.040 -1.080 -2.442 -3.161 -3.763 -4.556 -5.185 -5.269
0.00015547 -2.00000 10.14613 0.7651530504 2.4058966637    0.735  3.169  3.6464  0.672    3  0.000  0.534     0.00     0.00 -1 -2.14e-18      0.00 7.564e-01 2.434e-01 2.760e-05 7.659e-06 6.899e-05 -1.000 1.636e-04 -3.154 -0.027 -1.121 -2.518 -3.254 -3.866 -4.671 -5.307 -5.392
0.00015547 -2.00000 10.14613 0.7651599646 2.4058992863    0.732  3.214  3.6438  0.616    3  0.000  0.534     0.00     0.00 -1 -2.35e-18      0.00 7.564e-01 2.434e-01 2.760e-05 7.659e-06 6.899e-05 -1.000 1.637e-04 -3.265 -0.012 -1.162 -2.599 -3.352 -3.974 -4.792 -5.436 -5.522
0.00015547 -2.00000 10.14613 0.7651664019 2.4059019089    0.730  3.256  3.6413  0.563    3  0.000  0.534     0.00     0.00 -1 -2.57e-18      0.00 7.564e-01 2.434e-01 2.760e-05 7.659e-06 6.899e-05 -1.000 1.636e-04 -3.369 0.007 -1.199 -2.673 -3.444 -4.076 -4.905 -5.556 -5.644
0.00015547 -2.00000 10.14613 0.7651682496 2.4059026241    0.729  3.266  3.6408  0.549    3  0.000  0.534     0.00     0.00 -1 -2.64e-18      0.00 7.564e-01 2.434e-01 2.760e-05 7.659e-06 6.899e-05 -1.000 1.636e-04 -3.396 0.010 -1.209 -2.692 -3.468 -4.103 -4.935 -5.588 -5.675
0.00015547 -2.00000 10.14613 0.7651682496 2.4059026241    0.702  1.631  3.9651  3.466    4  0.000  0.532     0.00     0.00 -1    -1e-30      0.00 7.549e-01 2.450e-01 2.759e-05 7.739e-06 6.924e-05 -1.000 1.636e-04 0.692 0.835 0.832 0.841 0.835 0.822 0.804 0.797 0.796
0.00015547 -2.00000 10.14613 0.7651695013 2.4059031010    0.702  1.644  3.9580  3.424    4  0.000  0.532     0.00     0.00 -1    -1e-30      0.00 7.549e-01 2.450e-01 2.759e-05 7.739e-06 6.924e-05 -1.000 1.637e-04 0.659 0.801 0.780 0.781 0.770 0.752 0.724 0.712 0.710
0.00015547 -2.00000 10.14613 0.7652144432 2.4059205055    0.702  1.656  3.9527  3.392    4  0.000  0.532     0.00     0.00 -1    -1e-30      0.00 7.549e-01 2.450e-01 2.759e-05 7.739e-06 6.924e-05 -1.000 1.637e-04 0.631 0.773 0.740 0.734 0.720 0.697 0.662 0.647 0.643
0.00015547 -2.00000 10.14613 0.7652604580 2.4059383869    0.702  1.656  3.9529  3.393    4  0.000  0.532     0.00     0.00 -1    -1e-30      0.00 7.549e-01 2.450e-01 2.759e-05 7.739e-06 6.924e-05 -1.000 1.636e-04 0.631 0.773 0.740 0.735 0.721 0.698 0.663 0.648 0.644
0.00015547 -2.00000 10.14613 0.7653079629 2.4059567451    0.702  1.656  3.9532  3.394    4  0.000  0.532     0.00     0.00 -1    -1e-30      0.00 7.549e-01 2.450e-01 2.759e-05 7.739e-06 6.924e-05 -1.000 1.636e-04 0.631 0.773 0.741 0.736 0.722 0.700 0.665 0.650 0.647
0.00015547 -2.00000 10.14613 0.7653557062 2.4059751034    0.703  1.655  3.9532  3.394    4  0.000  0.532     0.00     0.00 -1    -1e-30      0.00 7.549e-01 2.450e-01 2.759e-05 7.739e-06 6.924e-05 -1.000 1.636e-04 0.632 0.774 0.742 0.737 0.723 0.701 0.666 0.651 0.648
0.00015547 -2.00000 10.14613 0.7654035091 2.4059937000    0.703  1.655  3.9530  3.393    4  0.000  0.532     0.00     0.00 -1    -1e-30      0.00 7.549e-01 2.450e-01 2.759e-05 7.739e-06 6.924e-05 -1.000 1.637e-04 0.632 0.774 0.741 0.736 0.722 0.699 0.664 0.649 0.646
0.00015547 -2.00000 10.14613 0.7654517889 2.4060122967    0.703  1.656  3.9524  3.391    4  0.000  0.532     0.00     0.00 -1    -1e-30      0.00 7.549e-01 2.450e-01 2.759e-05 7.739e-06 6.924e-05 -1.000 1.637e-04 0.631 0.773 0.739 0.734 0.719 0.696 0.660 0.645 0.641
0.00015547 -2.00000 10.14613 0.7655009031 2.4060313702    0.703  1.656  3.9514  3.386    4  0.000  0.532     0.00     0.00 -1    -1e-30      0.00 7.549e-01 2.450e-01 2.759e-05 7.739e-06 6.924e-05 -1.000 1.637e-04 0.630 0.772 0.736 0.729 0.713 0.690 0.652 0.636 0.632
0.00015547 -2.00000 10.14613 0.7655497789 2.4060502052    0.703  1.657  3.9502  3.381    4  0.000  0.532     0.00     0.00 -1    -1e-30      0.00 7.549e-01 2.450e-01 2.759e-05 7.739e-06 6.924e-05 -1.000 1.637e-04 0.628 0.771 0.731 0.723 0.706 0.682 0.643 0.626 0.621
0.00015547 -2.00000 10.14613 0.7655962706 2.4060683250    0.703  1.658  3.9485  3.373    4  0.000  0.532     0.00     0.00 -1    -1e-30      0.00 7.549e-01 2.450e-01 2.759e-05 7.739e-06 6.924e-05 -1.000 1.637e-04 0.626 0.768 0.726 0.715 0.697 0.671 0.629 0.611 0.606
0.00015547 -2.00000 10.14613 0.7656432390 2.4060864449    0.703  1.659  3.9464  3.363    4  0.000  0.532     0.00     0.00 -1    -1e-30      0.00 7.549e-01 2.450e-01 2.759e-05 7.739e-06 6.924e-05 -1.000 1.637e-04 0.622 0.766 0.719 0.705 0.686 0.657 0.612 0.592 0.587
0.00015547 -2.00000 10.14613 0.7656891346 2.4061040878    0.703  1.661  3.9438  3.351    4  0.000  0.532     0.00     0.00 -1    -1e-30      0.00 7.549e-01 2.450e-01 2.759e-05 7.739e-06 6.924e-05 -1.000 1.636e-04 0.618 0.762 0.709 0.693 0.671 0.639 0.591 0.569 0.564
0.00015547 -2.00000 10.14613 0.7657354474 2.4061222076    0.703  1.663  3.9409  3.337    4  0.000  0.532     0.00     0.00 -1    -1e-30      0.00 7.549e-01 2.450e-01 2.759e-05 7.739e-06 6.924e-05 -1.000 1.637e-04 0.612 0.758 0.699 0.678 0.654 0.619 0.566 0.542 0.536
0.00015547 -2.00000 10.14613 0.7657802701 2.4061393738    0.703  1.665  3.9375  3.322    4  0.000  0.532     0.00     0.00 -1    -1e-30      0.00 7.549e-01 2.450e-01 2.759e-05 7.739e-06 6.924e-05 -1.000 1.637e-04 0.606 0.753 0.688 0.663 0.635 0.597 0.539 0.512 0.505
0.00015547 -2.00000 10.14613 0.7658256888 2.4061570168    0.703  1.668  3.9336  3.303    4  0.000  0.532     0.00     0.00 -1    -1e-30      0.00 7.549e-01 2.450e-01 2.759e-05 7.739e-06 6.924e-05 -1.000 1.636e-04 0.599 0.748 0.677 0.645 0.614 0.571 0.506 0.476 0.469
0.00015547 -2.00000 10.14613 0.7658705711 2.4061744213    0.703  1.672  3.9292  3.282    4  0.000  0.532     0.00     0.00 -1    -1e-30      0.00 7.549e-01 2.450e-01 2.759e-05 7.739e-06 6.924e-05 -1.000 1.637e-04 0.591 0.743 0.664 0.626 0.590 0.542 0.470 0.436 0.428
0.00015547 -2.00000 10.14613 0.7659194469 2.4061932564    0.703  1.675  3.9239  3.257    4  0.000  0.532     0.00     0.00 -1    -1e-30      0.00 7.549e-01 2.450e-01 2.759e-05 7.739e-06 6.924e-05 -1.000 1.636e-04 0.581 0.737 0.652 0.606 0.563 0.508 0.428 0.388 0.378
0.00015547 -2.00000 10.14613 0.7659647465 2.4062106609    0.703  1.679  3.9186  3.232    4  0.000  0.532     0.00     0.00 -1    -1e-30      0.00 7.549e-01 2.450e-01 2.759e-05 7.739e-06 6.924e-05 -1.000 1.637e-04 0.572 0.731 0.641 0.586 0.536 0.475 0.385 0.339 0.329
0.00015547 -2.00000 10.14613 0.7660111785 2.4062287807    0.703  1.684  3.9124  3.203    4  0.000  0.532     0.00     0.00 -1    -1e-30      0.00 7.549e-01 2.450e-01 2.759e-05 7.739e-06 6.924e-05 -1.000 1.637e-04 0.560 0.725 0.631 0.564 0.506 0.436 0.335 0.282 0.271
0.00015547 -2.00000 10.14613 0.7660563588 2.4062461853    0.703  1.689  3.9059  3.172    4  0.000  0.532     0.00     0.00 -1    -1e-30      0.00 7.549e-01 2.450e-01 2.759e-05 7.739e-06 6.924e-05 -1.000 1.636e-04 0.548 0.719 0.624 0.544 0.476 0.396 0.284 0.223 0.210
0.00015547 -2.00000 10.14613 0.7661014199 2.4062635899    0.703  1.694  3.8991  3.140    4  0.000  0.532     0.00     0.00 -1    -1e-30      0.00 7.549e-01 2.450e-01 2.759e-05 7.739e-06 6.924e-05 -1.000 1.637e-04 0.536 0.714 0.619 0.523 0.445 0.355 0.229 0.159 0.146
0.00015547 -2.00000 10.14613 0.7661101222 2.4062669277    0.703  1.695  3.8977  3.133    4  0.000  0.532     0.00     0.00 -1    -1e-30      0.00 7.549e-01 2.450e-01 2.759e-05 7.739e-06 6.924e-05 -1.000 1.637e-04 0.533 0.713 0.619 0.520 0.439 0.347 0.219 0.147 0.133
0.00015547 -2.00000 10.14613 0.7661324143 2.4062755108    0.703  1.697  3.8943  3.117    4  0.000  0.532     0.00     0.00 -1    -1e-30      0.00 7.549e-01 2.450e-01 2.759e-05 7.739e-06 6.924e-05 -1.000 1.636e-04 0.527 0.710 0.618 0.511 0.425 0.326 0.192 0.115 0.101
0.00015547 -2.00000 10.14613 0.7661786675 2.4062933922    0.703  1.703  3.8871  3.083    4  0.000  0.532     0.00     0.00 -1    -1e-30      0.00 7.549e-01 2.450e-01 2.759e-05 7.739e-06 6.924e-05 -1.000 1.636e-04 0.513 0.706 0.620 0.493 0.394 0.284 0.136 0.048 0.033
0.00015547 -2.00000 10.14613 0.7662228942 2.4063105583    0.703  1.708  3.8798  3.048    4  0.000  0.532     0.00     0.00 -1    -1e-30      0.00 7.549e-01 2.450e-01 2.759e-05 7.739e-06 6.924e-05 -1.000 1.637e-04 0.500 0.703 0.626 0.479 0.366 0.243 0.079 -0.020 -0.036
0.00015547 -2.00000 10.14613 0.7662680149 2.4063279629    0.704  1.714  3.8716  3.009    4  0.000  0.532     0.00     0.00 -1    -1e-30      0.00 7.549e-01 2.450e-01 2.759e-05 7.739e-06 6.924e-05 -1.000 1.636e-04 0.484 0.699 0.635 0.465 0.336 0.198 0.018 -0.097 -0.113
0.00015547 -2.00000 10.14613 0.7663120031 2.4063448906    0.704  1.720  3.8633  2.970    4  0.000  0.532     0.00     0.00 -1    -1e-30      0.00 7.549e-01 2.450e-01 2.759e-05 7.739e-06 6.924e-05 -1.000 1.637e-04 0.469 0.696 0.646 0.454 0.308 0.155 -0.044 -0.174 -0.191
0.00015547 -2.00000 10.14613 0.7663559318 2.4063618183    0.704  1.727  3.8552  2.931    4  0.000  0.532     0.00     0.00 -1    -1e-30      0.00 7.549e-01 2.450e-01 2.759e-05 7.739e-06 6.924e-05 -1.000 1.637e-04 0.453 0.692 0.657 0.444 0.283 0.113 -0.103 -0.249 -0.267
0.00015547 -2.00000 10.14613 0.7664006352 2.4063792229    0.704  1.733  3.8469  2.892    4  0.000  0.532     0.00     0.00 -1    -1e-30      0.00 7.549e-01 2.450e-01 2.759e-05 7.739e-06 6.924e-05 -1.000 1.637e-04 0.437 0.690 0.670 0.436 0.258 0.073 -0.162 -0.326 -0.345
0.00015547 -2.00000 10.14613 0.7664454579 2.4063963890    0.704  1.739  3.8389  2.854    4  0.000  0.532     0.00     0.00 -1    -1e-30      0.00 7.549e-01 2.450e-01 2.759e-05 7.739e-06 6.924e-05 -1.000 1.636e-04 0.421 0.688 0.683 0.429 0.234 0.034 -0.219 -0.400 -0.420
0.00015547 -2.00000 10.14613 0.7664895654 2.4064135551    0.704  1.746  3.8307  2.814    4  0.000  0.532     0.00     0.00 -1    -1e-30      0.00 7.549e-01 2.450e-01 2.759e-05 7.739e-06 6.924e-05 -1.000 1.637e-04 0.405 0.687 0.696 0.421 0.210 -0.006 -0.278 -0.477 -0.498
0.00015547 -2.00000 10.14613 0.7665341496 2.4064307213    0.704  1.753  3.8226  2.775    4  0.000  0.532     0.00     0.00 -1    -1e-30      0.00 7.549e-01 2.450e-01 2.759e-05 7.739e-06 6.924e-05 -1.000 1.637e-04 0.387 0.687 0.710 0.414 0.187 -0.045 -0.336 -0.553 -0.575
0.00015547 -2.00000 10.14613 0.7665812373 2.4064488411    0.704  1.763  3.8127  2.726    4  0.000  0.532     0.00     0.00 -1    -1e-30      0.00 7.549e-01 2.450e-01 2.759e-05 7.739e-06 6.924e-05 -1.000 1.637e-04 0.364 0.689 0.727 0.404 0.157 -0.093 -0.409 -0.648 -0.672
0.00015547 -2.00000 10.14613 0.7666252851 2.4064657688    0.704  1.773  3.8027  2.676    4  0.000  0.532     0.00     0.00 -1    -1e-30      0.00 7.549e-01 2.450e-01 2.759e-05 7.739e-06 6.924e-05 -1.000 1.637e-04 0.338 0.690 0.747 0.394 0.126 -0.142 -0.483 -0.744 -0.772
0.00015547 -2.00000 10.14613 0.7666624188 2.4064800739    0.704  1.786  3.7926  2.622    4  0.000  0.532     0.00     0.00 -1    -1e-30      0.00 7.549e-01 2.450e-01 2.759e-05 7.739e-06 6.924e-05 -1.000 1.637e-04 0.305 0.688 0.762 0.378 0.090 -0.198 -0.564 -0.849 -0.880
0.00015547 -2.00000 10.14613 0.7666860223 2.4064891338    0.704  1.800  3.7841  2.573    4  0.000  0.532     0.00     0.00 -1    -1e-30      0.00 7.549e-01 2.450e-01 2.759e-05 7.739e-06 6.924e-05 -1.000 1.637e-04 0.269 0.682 0.768 0.358 0.052 -0.252 -0.639 -0.944 -0.978
0.00015547 -2.00000 10.14613 0.7667027116 2.4064955711    0.704  1.814  3.7767  2.531    4  0.000  0.532     0.00     0.00 -1    -1e-30      0.00 7.549e-01 2.450e-01 2.759e-05 7.739e-06 6.924e-05 -1.000 1.637e-04 0.236 0.679 0.771 0.338 0.017 -0.299 -0.706 -1.028 -1.066
0.00015547 -2.00000 10.14613 0.7667126656 2.4064996243    0.704  1.828  3.7700  2.490    4  0.000  0.532     0.00     0.00 -1    -1e-30      0.00 7.549e-01 2.450e-01 2.759e-05 7.739e-06 6.924e-05 -1.000 1.637e-04 0.200 0.674 0.769 0.315 -0.019 -0.348 -0.772 -1.112 -1.151
0.00015547 -2.00000 10.14613 0.7667201161 2.4065024853    0.704  1.840  3.7641  2.454    4  0.000  0.532     0.00     0.00 -1    -1e-30      0.00 7.549e-01 2.450e-01 2.759e-05 7.739e-06 6.924e-05 -1.000 1.636e-04 0.169 0.672 0.769 0.296 -0.050 -0.390 -0.830 -1.183 -1.226
0.00015547 -2.00000 10.14613 0.7667253613 2.4065043926    0.704  1.855  3.7582  2.415    4  0.000  0.532     0.00     0.00 -1    -1e-30      0.00 7.549e-01 2.450e-01 2.759e-05 7.739e-06 6.924e-05 -1.000 1.637e-04 0.131 0.664 0.763 0.269 -0.088 -0.439 -0.894 -1.260 -1.306
0.00015547 -2.00000 10.14613 0.7667298317 2.4065060616    0.704  1.872  3.7522  2.374    4  0.000  0.532     0.00     0.00 -1    -1e-30      0.00 7.549e-01 2.450e-01 2.759e-05 7.739e-06 6.924e-05 -1.000 1.637e-04 0.090 0.657 0.754 0.240 -0.130 -0.491 -0.961 -1.341 -1.390
0.00015547 -2.00000 10.14613 0.7667334080 2.4065074921    0.704  1.896  3.7454  2.323    4  0.000  0.532     0.00     0.00 -1    -1e-30      0.00 7.549e-01 2.450e-01 2.759e-05 7.739e-06 6.924e-05 -1.000 1.637e-04 0.029 0.637 0.730 0.193 -0.190 -0.563 -1.051 -1.445 -1.498
0.00015547 -2.00000 10.14613 0.7667357326 2.4065084457    0.704  1.923  3.7393  2.272    4  0.000  0.532     0.00     0.00 -1    -1e-30      0.00 7.549e-01 2.450e-01 2.759e-05 7.739e-06 6.924e-05 -1.000 1.637e-04 -0.036 0.612 0.699 0.141 -0.254 -0.638 -1.142 -1.549 -1.606
0.00015547 -2.00000 10.14613 0.7667372823 2.4065089226    0.704  1.951  3.7338  2.221    4  0.000  0.532     0.00     0.00 -1    -1e-30      0.00 7.549e-01 2.450e-01 2.759e-05 7.739e-06 6.924e-05 -1.000 1.637e-04 -0.108 0.586 0.660 0.081 -0.326 -0.720 -1.238 -1.657 -1.717
0.00015547 -2.00000 10.14613 0.7667380571 2.4065093994    0.704  1.974  3.7301  2.184    7  0.000  0.532     0.00     0.00 -1    -1e-30      0.00 7.549e-01 2.450e-01 2.759e-05 7.739e-06 6.924e-05 -1.000 1.637e-04 -0.166 0.560 0.624 0.031 -0.383 -0.783 -1.311 -1.739 -1.801
0.00015547 -2.00000 10.14613 0.7667387724 2.4065096378    0.704  2.004  3.7265  2.139    7  0.000  0.532     0.00     0.00 -1    -1e-30      0.00 7.549e-01 2.450e-01 2.759e-05 7.739e-06 6.924e-05 -1.000 1.637e-04 -0.241 0.519 0.572 -0.036 -0.457 -0.864 -1.401 -1.837 -1.901
0.00015547 -2.00000 10.14613 0.7667395473 2.4065098763    0.704  2.043  3.7225  2.085    7  0.000  0.532     0.00     0.00 -1    -1e-30      0.00 7.549e-01 2.450e-01 2.759e-05 7.739e-06 6.924e-05 -1.000 1.637e-04 -0.337 0.461 0.501 -0.123 -0.552 -0.966 -1.514 -1.959 -2.025
0.00015547 -2.00000 10.14613 0.7667403817 2.4065101147    0.704  2.082  3.7189  2.031    7  0.000  0.532     0.00     0.00 -1    -1e-30      0.00 7.549e-01 2.450e-01 2.759e-05 7.739e-06 6.924e-05 -1.000 1.637e-04 -0.435 0.399 0.426 -0.213 -0.649 -1.069 -1.628 -2.081 -2.149
0.00015547 -2.00000 10.14613 0.7667412162 2.4065105915    0.704  2.121  3.7158  1.980    7  0.000  0.532     0.00     0.00 -1    -1e-30      0.00 7.549e-01 2.450e-01 2.759e-05 7.739e-06 6.924e-05 -1.000 1.637e-04 -0.532 0.340 0.351 -0.301 -0.745 -1.170 -1.738 -2.198 -2.268
0.00015547 -2.00000 10.14613 0.7667423487 2.4065110683    0.704  2.161  3.7128  1.927    7  0.000  0.532     0.00     0.00 -1    -1e-30      0.00 7.549e-01 2.450e-01 2.759e-05 7.739e-06 6.924e-05 -1.000 1.637e-04 -0.633 0.275 0.271 -0.395 -0.845 -1.277 -1.852 -2.319 -2.391
0.00015547 -2.00000 10.14613 0.7667445540 2.4065117836    0.704  2.156  3.7134  1.936    7  0.000  0.532     0.00     0.00 -1    -1e-30      0.00 7.549e-01 2.450e-01 2.759e-05 7.739e-06 6.924e-05 -1.000 1.637e-04 -0.619 0.281 0.280 -0.383 -0.832 -1.262 -1.836 -2.301 -2.372
0.00015547 -2.00000 10.14613 0.7667480111 2.4065132141    0.704  2.125  3.7157  1.975    7  0.000  0.532     0.00     0.00 -1    -1e-30      0.00 7.549e-01 2.450e-01 2.759e-05 7.739e-06 6.924e-05 -1.000 1.637e-04 -0.543 0.329 0.340 -0.312 -0.756 -1.182 -1.749 -2.210 -2.280
0.00015547 -2.00000 10.14613 0.7667699456 2.4065215588    0.704  2.140  3.7139  1.953    7  0.000  0.532     0.00     0.00 -1    -1e-30      0.00 7.549e-01 2.450e-01 2.759e-05 7.739e-06 6.924e-05 -1.000 1.636e-04 -0.580 0.314 0.316 -0.344 -0.792 -1.222 -1.794 -2.258 -2.330
0.00015547 -2.00000 10.14613 0.7667840123 2.4065270424    0.704  2.180  3.7107  1.900    7  0.000  0.532     0.00     0.00 -1    -1e-30      0.00 7.549e-01 2.450e-01 2.759e-05 7.739e-06 6.924e-05 -1.000 1.637e-04 -0.681 0.252 0.239 -0.437 -0.892 -1.327 -1.909 -2.380 -2.453
0.00015547 -2.00000 10.14613 0.7668046951 2.4065349102    0.704  2.230  3.7072  1.837    7  0.000  0.532     0.00     0.00 -1    -1e-30      0.00 7.549e-01 2.450e-01 2.759e-05 7.739e-06 6.924e-05 -1.000 1.637e-04 -0.805 0.176 0.142 -0.551 -1.014 -1.456 -2.048 -2.527 -2.602
0.00015547 -2.00000 10.14613 0.7668215632 2.4065415859    0.704  2.271  3.7045  1.784    7  0.000  0.532     0.00     0.00 -1    -1e-30      0.00 7.549e-01 2.450e-01 2.759e-05 7.739e-06 6.924e-05 -1.000 1.637e-04 -0.908 0.111 0.060 -0.646 -1.116 -1.563 -2.163 -2.648 -2.725
0.00015547 -2.00000 10.14613 0.7668367028 2.4065473080    0.704  2.313  3.7019  1.733    7  0.000  0.532     0.00     0.00 -1    -1e-30      0.00 7.549e-01 2.450e-01 2.759e-05 7.739e-06 6.924e-05 -1.000 1.637e-04 -1.011 0.045 -0.022 -0.742 -1.218 -1.670 -2.277 -2.769 -2.847
0.00015547 -2.00000 10.14613 0.7668500543 2.4065525532    0.704  2.354  3.6993  1.681    7  0.000  0.532     0.00     0.00 -1    -1e-30      0.00 7.549e-01 2.450e-01 2.759e-05 7.740e-06 6.924e-05 -1.000 1.637e-04 -1.115 -0.020 -0.103 -0.837 -1.319 -1.776 -2.391 -2.890 -2.969
0.00015547 -2.00000 10.14613 0.7668619752 2.4065570831    0.704  2.395  3.6968  1.630    7  0.000  0.531     0.00     0.00 -1    -1e-30      0.00 7.549e-01 2.449e-01 2.756e-05 7.746e-06 6.924e-05 -1.000 1.637e-04 -1.218 -0.084 -0.185 -0.932 -1.420 -1.882 -2.505 -3.010 -3.090
0.00015547 -2.00000 10.14613 0.7668724060 2.4065611362    0.704  2.436  3.6943  1.579    7  0.000  0.529     0.00     0.00 -1    -1e-30      0.00 7.549e-01 2.449e-01 2.745e-05 7.792e-06 6.924e-05 -1.000 1.637e-04 -1.321 -0.148 -0.266 -1.026 -1.521 -1.988 -2.618 -3.129 -3.211
0.00015547 -2.00000 10.14613 0.7668816447 2.4065647125    0.704  2.477  3.6919  1.528    7  0.000  0.521     0.00     0.00 -1    -1e-30      0.00 7.549e-01 2.449e-01 2.710e-05 8.046e-06 6.924e-05 -1.000 1.637e-04 -1.423 -0.211 -0.347 -1.120 -1.621 -2.092 -2.730 -3.247 -3.330
0.00015547 -2.00000 10.14613 0.7668901086 2.4065678120    0.704  2.518  3.6895  1.478    7  0.000  0.507     0.00     0.00 -1    -1e-30      0.00 7.548e-01 2.450e-01 2.640e-05 8.782e-06 6.924e-05 -1.000 1.636e-04 -1.526 -0.273 -0.426 -1.214 -1.720 -2.197 -2.842 -3.366 -3.450
0.00015547 -2.00000 10.14613 0.7668978572 2.4065709114    0.704  2.559  3.6872  1.427    7  0.000  0.490     0.00     0.00 -1    -1e-30      0.00 7.548e-01 2.450e-01 2.551e-05 9.852e-06 6.924e-05 -1.000 1.637e-04 -1.627 -0.330 -0.503 -1.306 -1.819 -2.300 -2.953 -3.483 -3.568
0.00015547 -2.00000 10.14613 0.7669050694 2.4065737724    0.704  2.599  3.6848  1.378    7  0.000  0.474     0.00     0.00 -1    -1e-30      0.00 7.547e-01 2.452e-01 2.471e-05 1.084e-05 6.924e-05 -1.000 1.614e-04 -1.728 -0.375 -0.576 -1.397 -1.917 -2.404 -3.065 -3.600 -3.686
0.00015547 -2.00000 10.14613 0.7669118643 2.4065763950    0.704  2.640  3.6824  1.327    7  0.000  0.461     0.00     0.00 -1    -1e-30      0.00 7.546e-01 2.453e-01 2.401e-05 1.169e-05 6.925e-05 -1.000 1.592e-04 -1.830 -0.399 -0.642 -1.489 -2.018 -2.510 -3.178 -3.720 -3.806
0.00015547 -2.00000 10.14613 0.7669183016 2.4065787792    0.704  2.680  3.6800  1.277    7  0.000  0.449     0.00     0.00 -1    -1e-30      0.00 7.544e-01 2.454e-01 2.341e-05 1.242e-05 6.924e-05 -1.000 1.627e-04 -1.931 -0.418 -0.704 -1.580 -2.118 -2.616 -3.292 -3.839 -3.924
0.00015547 -2.00000 10.14613 0.7669245005 2.4065811634    0.704  2.721  3.6776  1.227    7  0.000  0.439     0.00     0.00 -1    -1e-30      0.00 7.542e-01 2.456e-01 2.290e-05 1.306e-05 6.924e-05 -1.000 1.637e-04 -2.032 -0.427 -0.763 -1.669 -2.217 -2.721 -3.404 -3.957 -4.043
0.00015547 -2.00000 10.14613 0.7669303417 2.4065835476    0.704  2.762  3.6751  1.177    7  0.000  0.430     0.00     0.00 -1    -1e-30      0.00 7.540e-01 2.458e-01 2.245e-05 1.362e-05 6.923e-05 -1.000 1.637e-04 -2.134 -0.428 -0.818 -1.757 -2.317 -2.827 -3.519 -4.078 -4.163
0.00015547 -2.00000 10.14613 0.7669355273 2.4065854549    0.704  2.803  3.6726  1.125    7  0.000  0.423     0.00     0.00 -1    -1e-30      0.00 7.538e-01 2.460e-01 2.203e-05 1.413e-05 6.919e-05 -1.000 1.636e-04 -2.238 -0.424 -0.871 -1.847 -2.419 -2.936 -3.636 -4.201 -4.285
0.00015547 -2.00000 10.14613 0.7669398785 2.4065871239    0.704  2.844  3.6701  1.074    7  0.000  0.417     0.00     0.00 -1    -1e-30      0.00 7.536e-01 2.462e-01 2.170e-05 1.455e-05 6.914e-05 -1.000 1.637e-04 -2.341 -0.407 -0.918 -1.933 -2.519 -3.043 -3.751 -4.323 -4.407
0.00015547 -2.00000 10.14613 0.7669434547 2.4065885544    0.704  2.885  3.6676  1.023    7  0.000  0.411     0.00     0.00 -1    -1e-30      0.00 7.534e-01 2.465e-01 2.140e-05 1.493e-05 6.905e-05 -1.000 1.617e-04 -2.443 -0.381 -0.960 -2.017 -2.617 -3.149 -3.867 -4.445 -4.528
0.00015547 -2.00000 10.14613 0.7669465542 2.4065897465    0.704  2.924  3.6651  0.974    7  0.000  0.408     0.00     0.00 -1    -1e-30      0.00 7.531e-01 2.467e-01 2.116e-05 1.526e-05 6.894e-05 -1.000 1.579e-04 -2.541 -0.340 -0.992 -2.094 -2.710 -3.251 -3.977 -4.562 -4.644
0.00015547 -2.00000 10.14613 0.7669497132 2.4065909386    0.704  2.965  3.6625  0.923    7  0.000  0.405     0.00     0.00 -1    -1e-30      0.00 7.529e-01 2.469e-01 2.097e-05 1.555e-05 6.881e-05 -1.000 1.625e-04 -2.641 -0.284 -1.016 -2.170 -2.805 -3.356 -4.092 -4.682 -4.764
0.00015547 -2.00000 10.14613 0.7669523954 2.4065918922    0.704  3.005  3.6599  0.872    7  0.000  0.403     0.00     0.00 -1    -1e-30      0.00 7.527e-01 2.471e-01 2.081e-05 1.583e-05 6.866e-05 -1.000 1.636e-04 -2.742 -0.213 -1.033 -2.243 -2.899 -3.461 -4.208 -4.804 -4.885
0.00015547 -2.00000 10.14613 0.7669552565 2.4065930843    0.704  3.045  3.6573  0.822    7  0.000  0.401     0.00     0.00 -1    -1e-30      0.00 7.526e-01 2.472e-01 2.072e-05 1.601e-05 6.855e-05 -1.000 1.636e-04 -2.842 -0.154 -1.052 -2.314 -2.989 -3.562 -4.319 -4.923 -5.004
0.00015547 -2.00000 10.14613 0.7669554353 2.4065930843    0.704  3.021  3.6590  0.853    7  0.000  0.401     0.00     0.00 -1    -1e-30      0.00 7.526e-01 2.472e-01 2.069e-05 1.607e-05 6.851e-05 -1.000 1.636e-04 -2.782 -0.194 -1.044 -2.274 -2.936 -3.502 -4.252 -4.851 -4.932
0.00015547 -2.00000 10.14613 0.7669556141 2.4065930843    0.704  3.034  3.6581  0.836    7  0.000  0.401     0.00     0.00 -1    -1e-30      0.00 7.526e-01 2.472e-01 2.069e-05 1.607e-05 6.850e-05 -1.000 1.637e-04 -2.816 -0.163 -1.045 -2.296 -2.966 -3.536 -4.290 -4.892 -4.972
0.00015547 -2.00000 10.14613 0.7669557929 2.4065933228    0.704  3.061  3.6563  0.802    7  0.000  0.401     0.00     0.00 -1    -1e-30      0.00 7.525e-01 2.474e-01 2.066e-05 1.614e-05 6.846e-05 -1.000 1.637e-04 -2.882 -0.146 -1.066 -2.343 -3.025 -3.601 -4.364 -4.970 -5.051
0.00015547 -2.00000 10.14613 0.7669559717 2.4065933228    0.704  3.094  3.6539  0.759    7  0.000  0.399     0.00     0.00 -1    -1e-30      0.00 7.522e-01 2.476e-01 2.046e-05 1.661e-05 6.815e-05 -1.000 1.636e-04 -2.965 -0.127 -1.093 -2.402 -3.098 -3.684 -4.456 -5.069 -5.151
0.00015547 -2.00000 10.14613 0.7669562697 2.4065933228    0.704  3.132  3.6512  0.711    7  0.000  0.398     0.00     0.00 -1    -1e-30      0.00 7.519e-01 2.479e-01 2.028e-05 1.715e-05 6.777e-05 -1.000 1.636e-04 -3.060 -0.103 -1.123 -2.469 -3.182 -3.778 -4.562 -5.183 -5.266
0.00015547 -2.00000 10.14613 0.7669566870 2.4065935612    0.704  3.175  3.6481  0.655    7  0.000  0.397     0.00     0.00 -1    -1e-30      0.00 7.516e-01 2.482e-01 2.009e-05 1.773e-05 6.735e-05 -1.000 1.550e-04 -3.168 -0.074 -1.156 -2.545 -3.276 -3.884 -4.682 -5.312 -5.396
0.00015547 -2.00000 10.14613 0.7669569850 2.4065937996    0.704  3.187  3.6473  0.640    7  0.549  0.396     0.00     0.00 -1    -1e-30      0.00 7.514e-01 2.484e-01 2.003e-05 1.795e-05 6.718e-05 -1.000 1.636e-04 -3.198 -0.068 -1.166 -2.565 -3.302 -3.913 -4.714 -5.346 -5.431
0.00015547 -2.00000 10.14613 0.7669570446 2.4065937996    0.704  3.414  3.6091  0.260    8  0.549  0.390    98.08    45.10  1 -1.53e-06      0.00 7.290e-01 2.706e-01 6.375e-05 5.931e-05 2.177e-04 -1.000 3.690e-04 -3.766 0.911 -0.787 -2.631 -3.613 -4.382 -5.383 -6.152 -6.263
0.00015547 -2.00000 10.14613 0.7669571042 2.4065937996    0.704  3.285  3.6161  0.417    8  0.549  0.390    69.90    33.65  1  -8.5e-07      0.00 7.290e-01 2.706e-01 6.375e-05 5.931e-05 2.177e-04 -1.000 3.690e-04 -3.443 0.846 -0.715 -2.444 -3.355 -4.081 -5.038 -5.784 -5.889
0.00015547 -2.00000 10.14613 0.7669571638 2.4065937996    0.704  3.137  3.6296  0.619    8  0.549  0.390    45.16    23.06  1 -4.23e-07      0.00 7.290e-01 2.706e-01 6.375e-05 5.931e-05 2.177e-04 -1.000 3.690e-04 -3.072 0.595 -0.722 -2.272 -3.084 -3.748 -4.631 -5.327 -5.423
0.00015547 -2.00000 10.14613 0.7669572830 2.4065937996    0.704  2.927  3.6487  0.905    8  0.549  0.390    24.37    13.53  1 -1.51e-07      0.00 7.290e-01 2.706e-01 6.375e-05 5.931e-05 2.177e-04 -1.000 3.690e-04 -2.548 0.303 -0.655 -1.964 -2.662 -3.253 -4.046 -4.680 -4.765
0.00015547 -2.00000 10.14613 0.7669574618 2.4065937996    0.704  2.932  3.6482  0.898    8  0.549  0.390    24.74    13.70  1 -1.55e-07      0.00 7.290e-01 2.706e-01 6.375e-05 5.931e-05 2.177e-04 -1.000 3.690e-04 -2.560 0.309 -0.657 -1.972 -2.672 -3.265 -4.060 -4.695 -4.781
0.00015547 -2.00000 10.14613 0.7669577003 2.4065940380    0.704  3.012  3.6409  0.790    8  0.550  0.390    31.29    16.78  1 -2.31e-07      0.00 7.290e-01 2.706e-01 6.375e-05 5.931e-05 2.177e-04 -1.000 3.690e-04 -2.759 0.408 -0.693 -2.096 -2.838 -3.456 -4.283 -4.942 -5.031
0.00015547 -2.00000 10.14613 0.7669579983 2.4065940380    0.704  3.166  3.6269  0.579    8  0.550  0.390    49.31    24.86  1 -4.87e-07      0.00 7.290e-01 2.706e-01 6.375e-05 5.931e-05 2.177e-04 -1.000 3.690e-04 -3.146 0.644 -0.724 -2.309 -3.140 -3.815 -4.712 -5.419 -5.516
0.00015547 -2.00000 10.14613 0.7669583559 2.4065942764    0.704  3.303  3.6144  0.392    8  0.550  0.390    73.87    35.24  1 -9.26e-07      0.00 7.290e-01 2.706e-01 6.375e-05 5.931e-05 2.177e-04 -1.000 3.691e-04 -3.489 0.880 -0.710 -2.462 -3.387 -4.121 -5.089 -5.840 -5.947
0.00015547 -2.00000 10.14613 0.7669587135 2.4065942764    0.704  3.395  3.6060  0.267    8  0.551  0.390    96.67    44.44  1 -1.41e-06      0.00 7.290e-01 2.706e-01 6.375e-05 5.931e-05 2.177e-04 -1.000 3.690e-04 -3.717 1.045 -0.682 -2.545 -3.540 -4.319 -5.337 -6.119 -6.233
0.00015547 -2.00000 10.14613 0.7669591308 2.4065945148    0.704  3.445  3.6014  0.198    8  0.551  0.390   112.15    50.50  1 -1.77e-06      0.00 7.290e-01 2.706e-01 6.375e-05 5.931e-05 2.177e-04 -1.000 3.690e-04 -3.842 1.142 -0.660 -2.584 -3.620 -4.425 -5.472 -6.273 -6.392
0.00015547 -2.00000 10.14613 0.7669596076 2.4065947533    0.704  3.471  3.5991  0.163    8  0.552  0.390   121.04    53.91  0 -1.99e-06      0.00 7.290e-01 2.706e-01 6.375e-05 5.931e-05 2.177e-04 -1.000 3.690e-04 -3.907 1.192 -0.648 -2.603 -3.660 -4.480 -5.542 -6.351 -6.473
0.00015547 -2.00000 10.14613 0.7669601440 2.4065949917    0.704  3.487  3.5984  0.144    8  0.552  0.390   126.24    55.86  0 -2.14e-06      0.00 7.290e-01 2.706e-01 6.375e-05 5.931e-05 2.177e-04 -1.000 3.690e-04 -3.948 1.195 -0.659 -2.628 -3.693 -4.518 -5.585 -6.397 -6.519
0.00015547 -2.00000 10.14613 0.7669621110 2.4065957069    0.554 -9.999  4.0000  1.705    9  0.554  0.000     0.00     0.00 -1    -1e-30      0.00 7.290e-01 2.706e-01 6.375e-05 5.931e-05 2.177e-04 -1.000 3.690e-04 29.767 29.804 30.050 30.100 30.093 30.084 30.127 30.123 30.138
#isochrone terminated
