# File generated by CMD 3.3 (http://stev.oapd.inaf.it/cmd) on Wed May 20 08:47:11 CEST 2020
# isochrones based on PARSEC release v1.2S +  COLIBRI S_35
# Basic references: Bressan et al. (2012), MNRAS, 427, 127 + Chen et al. (2014, 2015), MNRAS, 444, 2525 + MNRAS, 452, 1068 + Tang et al. (2014), MNRAS, 445, 4287 + Marigo et al. (2017), ApJ, 835, 77 + Pastorelli al. (2019), MNRAS in press
# Thermal pulse cycles included 
# On RGB, assumed Reimers mass loss with efficiency eta=0.2
# Photometric system: <i>UBVRIJHK</i> (cf. Maiz-Apellaniz 2006 + Bessell 1990)
# Using YBC version of bolometric corrections as in Chen et al. (2019)
# O-rich circumstellar dpmod60alox40 dust from Groenewegen (2006)
# C-rich circumstellar AMCSIC15 dust from Groenewegen (2006)
# IMF: Kroupa (2001, 2002) + Kroupa et al. (2013) canonical two-part-power law IMF corrected for unresolved binaries 
# Kind of output: isochrone tables
# Zini     MH   logAge Mini        int_IMF         Mass   logL    logTe  logg  label   McoreTP C_O  period0 period1 pmode  Mloss  tau1m   X   Y   Xc  Xn  Xo  Cexcess  Z 	 mbolmag  Umag    Bmag    Vmag    Rmag    Imag    Jmag    Hmag    Kmag
0.00015547 -2.00000 10.17609 0.0936335474 1.1156111956    0.094 -3.043  3.5144  5.462    1  0.000  0.545     0.00     0.00 -1 -2.27e-26      0.00 7.464e-01 2.534e-01 2.943e-05 7.939e-06 7.201e-05 -1.000 1.636e-04 12.378 18.178 16.001 14.113 12.798 11.600 10.495 10.210 10.134
0.00015547 -2.00000 10.17609 0.0962333232 1.1388487816    0.096 -2.963  3.5256  5.438    1  0.000  0.545     0.00     0.00 -1 -7.67e-26      0.00 7.456e-01 2.542e-01 2.943e-05 7.939e-06 7.201e-05 -1.000 1.637e-04 12.177 17.538 15.577 13.758 12.518 11.412 10.332 9.999 9.905
0.00015547 -2.00000 10.17609 0.1035686582 1.2002434731    0.103 -2.747  3.5556  5.374    1  0.000  0.545     0.00     0.00 -1 -3.27e-23      0.00 7.434e-01 2.565e-01 2.943e-05 7.939e-06 7.201e-05 -1.000 1.636e-04 11.638 15.924 14.454 12.873 11.788 10.900 9.900 9.463 9.335
0.00015547 -2.00000 10.17609 0.1234388798 1.3415665627    0.123 -2.471  3.5833  5.285    1  0.000  0.545     0.00     0.00 -1 -1.42e-22      0.00 7.394e-01 2.604e-01 2.943e-05 7.940e-06 7.201e-05 -1.000 1.637e-04 10.947 14.391 13.283 11.923 10.972 10.222 9.304 8.802 8.653
0.00015547 -2.00000 10.17609 0.1433091164 1.4560320377    0.143 -2.292  3.5968  5.224    1  0.000  0.545     0.00     0.00 -1 -7.51e-23      0.00 7.370e-01 2.628e-01 2.943e-05 7.940e-06 7.201e-05 -1.000 1.637e-04 10.500 13.589 12.631 11.367 10.483 9.778 8.901 8.379 8.218
0.00015547 -2.00000 10.17609 0.1631793380 1.5515257120    0.163 -2.153  3.6054  5.176    1  0.000  0.545     0.00     0.00 -1 -1.99e-26      0.00 7.358e-01 2.640e-01 2.943e-05 7.940e-06 7.201e-05 -1.000 1.636e-04 10.151 13.032 12.162 10.953 10.110 9.430 8.579 8.050 7.884
0.00015547 -2.00000 10.17609 0.2029198259 1.7036917210    0.203 -1.939  3.6170  5.104    1  0.000  0.545     0.00     0.00 -1  -4.1e-22      0.00 7.354e-01 2.644e-01 2.943e-05 7.940e-06 7.201e-05 -1.000 1.637e-04 9.618 12.239 11.477 10.336 9.546 8.897 8.081 7.547 7.378
0.00015547 -2.00000 10.17609 0.2525954247 1.8468697071    0.252 -1.745  3.6277  5.048    1  0.000  0.545     0.00     0.00 -1 -5.32e-22      0.00 7.358e-01 2.641e-01 2.943e-05 7.940e-06 7.201e-05 -1.000 1.637e-04 9.133 11.532 10.863 9.778 9.033 8.411 7.626 7.095 6.928
0.00015547 -2.00000 10.17609 0.3022710085 1.9574397802    0.302 -1.596  3.6367  5.012    1  0.000  0.545     0.00     0.00 -1 -4.35e-27      0.00 7.356e-01 2.642e-01 2.942e-05 7.941e-06 7.201e-05 -1.000 1.636e-04 8.759 10.982 10.387 9.346 8.637 8.036 7.277 6.752 6.591
0.00015547 -2.00000 10.17609 0.3519465625 2.0465965271    0.352 -1.470  3.6449  4.986    1  0.000  0.544     0.00     0.00 -1 -1.87e-24      0.00 7.356e-01 2.642e-01 2.939e-05 7.943e-06 7.201e-05 -1.000 1.636e-04 8.446 10.515 9.987 8.983 8.304 7.723 6.988 6.471 6.316
0.00015547 -2.00000 10.17609 0.4016221464 2.1207315922    0.401 -1.341  3.6540  4.951    1  0.000  0.545     0.00     0.00 -1 -5.25e-25      0.00 7.501e-01 2.498e-01 2.943e-05 7.939e-06 7.201e-05 -1.000 1.637e-04 8.122 10.024 9.570 8.606 7.959 7.399 6.690 6.183 6.037
0.00015547 -2.00000 10.17609 0.4236010611 2.1498265266    0.423 -1.269  3.6610  4.929    1  0.000  0.545     0.00     0.00 -1 -1.08e-20      0.00 7.503e-01 2.495e-01 2.943e-05 7.939e-06 7.201e-05 -1.000 1.636e-04 7.942 9.719 9.323 8.388 7.765 7.220 6.531 6.033 5.893
0.00015547 -2.00000 10.17609 0.4512977004 2.1838121414    0.451 -1.183  3.6693  4.904    1  0.000  0.545     0.00     0.00 -1 -9.09e-16      0.00 7.507e-01 2.491e-01 2.943e-05 7.939e-06 7.201e-05 -1.000 1.636e-04 7.728 9.358 9.031 8.132 7.536 7.009 6.343 5.857 5.724
0.00015547 -2.00000 10.17609 0.5009732842 2.2384552956    0.501 -1.005  3.6871  4.843    1  0.000  0.545     0.00     0.00 -1 -4.97e-20      0.00 7.516e-01 2.483e-01 2.937e-05 7.924e-06 7.187e-05 -1.000 1.636e-04 7.283 8.618 8.435 7.609 7.066 6.574 5.959 5.500 5.383
0.00015547 -2.00000 10.17609 0.5506489277 2.2841949463    0.550 -0.785  3.7086  4.750    1  0.000  0.544     0.00     0.00 -1 -2.84e-25      0.00 7.933e-01 2.065e-01 2.472e-05 6.677e-06 6.059e-05 -1.000 1.071e-04 6.732 7.750 7.723 6.984 6.497 6.046 5.488 5.064 4.966
0.00015547 -2.00000 10.17609 0.5707171559 2.3000974655    0.570 -0.691  3.7201  4.717    1  0.000  0.544     0.00     0.00 -1 -4.64e-24      0.00 7.997e-01 2.001e-01 2.405e-05 6.496e-06 5.897e-05 -1.000 1.310e-04 6.497 7.368 7.412 6.719 6.258 5.827 5.300 4.895 4.805
0.00015547 -2.00000 10.17609 0.6003244519 2.3213412762    0.600 -0.557  3.7366  4.671    1  0.000  0.543     0.00     0.00 -1 -4.94e-22      0.00 8.089e-01 1.909e-01 2.308e-05 6.236e-06 5.664e-05 -1.000 1.558e-04 6.161 6.852 6.980 6.350 5.923 5.521 5.034 4.655 4.578
0.00015547 -2.00000 10.17609 0.6090716124 2.3271646500    0.609 -0.513  3.7421  4.656    1  0.000  0.543     0.00     0.00 -1 -1.22e-27      0.00 8.123e-01 1.875e-01 2.272e-05 6.141e-06 5.578e-05 -1.000 1.201e-04 6.053 6.690 6.842 6.232 5.817 5.424 4.951 4.579 4.507
0.00015547 -2.00000 10.17609 0.6185077429 2.3332350254    0.618 -0.466  3.7480  4.639    1  0.000  0.543     0.00     0.00 -1 -1.84e-24      0.00 8.162e-01 1.837e-01 2.231e-05 6.033e-06 5.481e-05 -1.000 8.449e-05 5.935 6.518 6.694 6.106 5.703 5.320 4.859 4.495 4.428
0.00015547 -2.00000 10.17609 0.6275753975 2.3388710022    0.627 -0.420  3.7535  4.621    1  0.000  0.543     0.00     0.00 -1 -1.91e-21      0.00 8.201e-01 1.798e-01 2.191e-05 5.925e-06 5.384e-05 -1.000 9.449e-05 5.819 6.355 6.551 5.983 5.592 5.219 4.770 4.413 4.351
0.00015547 -2.00000 10.17609 0.6362086535 2.3440656662    0.636 -0.375  3.7588  4.603    1  0.000  0.542     0.00     0.00 -1 -1.33e-18      0.00 8.240e-01 1.759e-01 2.151e-05 5.817e-06 5.287e-05 -1.000 1.125e-04 5.707 6.198 6.413 5.865 5.485 5.121 4.684 4.333 4.275
0.00015547 -2.00000 10.17609 0.6444634795 2.3488831520    0.644 -0.331  3.7637  4.585    1  0.000  0.542     0.00     0.00 -1 -2.37e-16      0.00 8.279e-01 1.720e-01 2.110e-05 5.710e-06 5.191e-05 -1.000 1.097e-04 5.598 6.053 6.282 5.751 5.381 5.026 4.598 4.253 4.200
0.00015547 -2.00000 10.17609 0.6499999762 2.3520355225    0.650 -0.301  3.7669  4.571    1  0.000  0.542     0.00     0.00 -1 -6.87e-23      0.00 8.305e-01 1.693e-01 2.082e-05 5.636e-06 5.125e-05 -1.000 1.287e-04 5.522 5.955 6.193 5.673 5.309 4.959 4.538 4.197 4.147
0.00015547 -2.00000 10.17609 0.6534464359 2.3539667130    0.653 -0.282  3.7689  4.562    1  0.000  0.542     0.00     0.00 -1 -3.43e-27      0.00 8.327e-01 1.672e-01 2.060e-05 5.578e-06 5.072e-05 -1.000 1.155e-04 5.474 5.894 6.137 5.624 5.264 4.917 4.500 4.161 4.113
0.00015547 -2.00000 10.17609 0.6609261632 2.3580787182    0.661 -0.238  3.7732  4.541    1  0.000  0.541     0.00     0.00 -1 -5.98e-27      0.00 8.374e-01 1.625e-01 2.011e-05 5.447e-06 4.955e-05 -1.000 1.207e-04 5.366 5.760 6.012 5.513 5.162 4.821 4.413 4.079 4.035
0.00015547 -2.00000 10.17609 0.6697796583 2.3628096581    0.669 -0.185  3.7782  4.513    1  0.000  0.541     0.00     0.00 -1 -6.41e-24      0.00 8.433e-01 1.566e-01 1.950e-05 5.283e-06 4.808e-05 -1.000 1.493e-04 5.232 5.596 5.858 5.377 5.035 4.703 4.304 3.977 3.936
0.00015547 -2.00000 10.17609 0.6779316664 2.3670403957    0.678 -0.132  3.7828  4.485    1  0.000  0.540     0.00     0.00 -1 -3.78e-21      0.00 8.489e-01 1.510e-01 1.891e-05 5.127e-06 4.668e-05 -1.000 1.366e-04 5.101 5.442 5.708 5.243 4.910 4.586 4.197 3.876 3.839
0.00015547 -2.00000 10.17609 0.6853412986 2.3707854748    0.685 -0.082  3.7870  4.455    1  0.000  0.539     0.00     0.00 -1 -1.21e-18      0.00 8.541e-01 1.458e-01 1.838e-05 4.985e-06 4.541e-05 -1.000 9.295e-05 4.974 5.296 5.565 5.114 4.789 4.472 4.092 3.777 3.743
0.00015547 -2.00000 10.17609 0.6927262545 2.3744266033    0.692 -0.027  3.7911  4.422    1  0.000  0.539     0.00     0.00 -1 -2.75e-16      0.00 8.591e-01 1.408e-01 1.787e-05 4.851e-06 4.421e-05 -1.000 1.177e-04 4.839 5.144 5.414 4.976 4.659 4.349 3.977 3.668 3.638
0.00015547 -2.00000 10.17609 0.6993117332 2.3775992393    0.699  0.025  3.7945  4.388    1  0.000  0.538     0.00     0.00 -1 -6.85e-23      0.00 8.633e-01 1.365e-01 1.745e-05 4.739e-06 4.321e-05 -1.000 1.284e-04 4.708 5.002 5.269 4.843 4.533 4.229 3.864 3.562 3.534
0.00015547 -2.00000 10.17609 0.6999999881 2.3779268265    0.699  0.030  3.7949  4.384    1  0.000  0.538     0.00     0.00 -1 -1.96e-24      0.00 8.638e-01 1.361e-01 1.741e-05 4.728e-06 4.311e-05 -1.000 1.223e-04 4.694 4.987 5.254 4.829 4.519 4.216 3.852 3.550 3.522
0.00015547 -2.00000 10.17609 0.7022731900 2.3790035248    0.702  0.049  3.7960  4.371    1  0.000  0.538     0.00     0.00 -1 -2.81e-29      0.00 8.648e-01 1.351e-01 1.732e-05 4.707e-06 4.293e-05 -1.000 1.026e-04 4.648 4.937 5.203 4.781 4.474 4.172 3.811 3.511 3.484
0.00015547 -2.00000 10.17609 0.7098313570 2.3825268745    0.709  0.117  3.7994  4.321    1  0.000  0.536     0.00     0.00 -1 -3.03e-27      0.00 8.676e-01 1.323e-01 1.706e-05 4.650e-06 4.244e-05 -1.000 1.032e-04 4.477 4.756 5.017 4.607 4.307 4.012 3.658 3.364 3.339
0.00015547 -2.00000 10.17609 0.7168953419 2.3857424259    0.716  0.188  3.8024  4.267    1  0.000  0.535     0.00     0.00 -1 -9.54e-25      0.00 8.683e-01 1.316e-01 1.702e-05 4.648e-06 4.245e-05 -1.000 9.550e-05 4.301 4.573 4.828 4.427 4.134 3.844 3.497 3.208 3.185
0.00015547 -2.00000 10.17609 0.7218644023 2.3879611492    0.721  0.242  3.8040  4.222    1  0.000  0.534     0.00     0.00 -1 -5.49e-23      0.00 8.689e-01 1.310e-01 1.698e-05 4.646e-06 4.244e-05 -1.000 1.000e-04 4.165 4.435 4.684 4.289 3.999 3.712 3.368 3.083 3.061
0.00015547 -2.00000 10.17609 0.7261778116 2.3898589611    0.725  0.294  3.8047  4.175    1  0.000  0.533     0.00     0.00 -1 -1.87e-21      0.00 8.692e-01 1.307e-01 1.697e-05 4.648e-06 4.247e-05 -1.000 9.999e-05 4.035 4.305 4.548 4.157 3.868 3.583 3.242 2.959 2.937
0.00015547 -2.00000 10.17609 0.7271821499 2.3902971745    0.726  0.307  3.8048  4.163    1  0.000  0.533     0.00     0.00 -1 -4.26e-21      0.00 8.693e-01 1.306e-01 1.697e-05 4.649e-06 4.248e-05 -1.000 9.997e-05 4.003 4.274 4.515 4.124 3.836 3.552 3.210 2.927 2.905
0.00015547 -2.00000 10.17609 0.7285600305 2.3908958435    0.728  0.326  3.8046  4.144    1  0.000  0.532     0.00     0.00 -1 -1.33e-20      0.00 8.693e-01 1.306e-01 1.697e-05 4.651e-06 4.250e-05 -1.000 9.997e-05 3.955 4.228 4.467 4.076 3.788 3.503 3.161 2.878 2.856
0.00015547 -2.00000 10.17609 0.7323012948 2.3925089836    0.731  0.382  3.8028  4.083    1  0.000  0.532     0.00     0.00 -1 -2.93e-19      0.00 8.695e-01 1.304e-01 1.697e-05 4.655e-06 4.255e-05 -1.000 9.994e-05 3.815 4.095 4.331 3.936 3.646 3.358 3.012 2.726 2.703
0.00015547 -2.00000 10.17609 0.7349172831 2.3936254978    0.734  0.427  3.8000  4.029    1  0.000  0.531     0.00     0.00 -1 -2.63e-18      0.00 8.697e-01 1.302e-01 1.696e-05 4.657e-06 4.258e-05 -1.000 9.994e-05 3.703 3.993 4.226 3.826 3.530 3.239 2.886 2.595 2.571
0.00015547 -2.00000 10.17609 0.7354748845 2.3938622475    0.735  0.437  3.7992  4.016    1  0.000  0.531     0.00     0.00 -1 -4.23e-18      0.00 8.697e-01 1.302e-01 1.696e-05 4.658e-06 4.259e-05 -1.000 9.999e-05 3.678 3.971 4.203 3.801 3.504 3.211 2.857 2.564 2.540
0.00015547 -2.00000 10.17609 0.7364883423 2.3942916393    0.735  0.458  3.7969  3.986    1  0.000  0.531     0.00     0.00 -1 -1.01e-17      0.00 8.697e-01 1.302e-01 1.696e-05 4.659e-06 4.260e-05 -1.000 9.999e-05 3.624 3.926 4.157 3.749 3.448 3.152 2.791 2.495 2.469
0.00015547 -2.00000 10.17609 0.7381448150 2.3949906826    0.737  0.496  3.7918  3.928    2  0.000  0.531     0.00     0.00 -1 -4.21e-17      0.00 8.696e-01 1.303e-01 1.700e-05 4.670e-06 4.270e-05 -1.000 9.999e-05 3.529 3.850 4.079 3.657 3.347 3.043 2.671 2.365 2.337
0.00015547 -2.00000 10.17609 0.7394351959 2.3955326080    0.738  0.531  3.7858  3.870    2  0.000  0.530     0.00     0.00 -1 -1.32e-16      0.00 8.685e-01 1.313e-01 1.715e-05 4.712e-06 4.309e-05 -1.000 1.059e-04 3.442 3.787 4.013 3.574 3.254 2.939 2.554 2.237 2.205
0.00015547 -2.00000 10.17609 0.7404683232 2.3959648609    0.739  0.564  3.7789  3.810    2  0.000  0.531     0.00     0.00 -1 -3.39e-16      0.00 8.635e-01 1.364e-01 1.775e-05 4.878e-06 4.460e-05 -1.000 1.319e-04 3.360 3.734 3.956 3.498 3.165 2.840 2.439 2.110 2.074
0.00015547 -2.00000 10.17609 0.7413225770 2.3963212967    0.740  0.595  3.7719  3.752    2  0.000  0.532     0.00     0.00 -1 -7.52e-16      0.00 8.466e-01 1.533e-01 1.963e-05 5.387e-06 4.920e-05 -1.000 1.385e-04 3.282 3.692 3.906 3.426 3.081 2.744 2.328 1.987 1.946
0.00015547 -2.00000 10.17609 0.7420623302 2.3966290951    0.741  0.626  3.7651  3.694    2  0.000  0.533     0.00     0.00 -1 -1.53e-15      0.00 8.213e-01 1.786e-01 2.221e-05 6.085e-06 5.549e-05 -1.000 1.361e-04 3.205 3.652 3.857 3.356 2.999 2.651 2.219 1.866 1.821
0.00015547 -2.00000 10.17609 0.7427229881 2.3969035149    0.741  0.659  3.7583  3.634    2  0.000  0.535     0.00     0.00 -1 -2.94e-15      0.00 8.012e-01 1.987e-01 2.415e-05 6.607e-06 6.017e-05 -1.000 1.091e-04 3.121 3.608 3.803 3.281 2.911 2.552 2.104 1.740 1.690
0.00015547 -2.00000 10.17609 0.7432492971 2.3971216679    0.742  0.693  3.7531  3.580    2  0.000  0.536     0.00     0.00 -1 -5.07e-15      0.00 7.902e-01 2.097e-01 2.520e-05 6.888e-06 6.267e-05 -1.000 1.217e-04 3.038 3.560 3.744 3.205 2.825 2.458 1.998 1.625 1.571
0.00015547 -2.00000 10.17609 0.7437781096 2.3973405361    0.742  0.733  3.7485  3.521    2  0.000  0.537     0.00     0.00 -1 -8.97e-15      0.00 7.826e-01 2.172e-01 2.592e-05 7.082e-06 6.441e-05 -1.000 1.602e-04 2.936 3.489 3.664 3.110 2.721 2.346 1.875 1.495 1.437
0.00015547 -2.00000 10.17609 0.7442091703 2.3975186348    0.743  0.772  3.7453  3.470    2  0.000  0.537     0.00     0.00 -1 -1.46e-14      0.00 7.783e-01 2.215e-01 2.633e-05 7.192e-06 6.539e-05 -1.000 1.636e-04 2.839 3.414 3.582 3.017 2.623 2.242 1.764 1.378 1.318
0.00015547 -2.00000 10.17609 0.7444360852 2.3976123333    0.743  0.795  3.7438  3.441    2  0.000  0.537     0.00     0.00 -1 -1.89e-14      0.00 7.765e-01 2.234e-01 2.650e-05 7.238e-06 6.580e-05 -1.000 1.637e-04 2.783 3.370 3.533 2.964 2.567 2.184 1.702 1.313 1.252
0.00015547 -2.00000 10.17609 0.7447145581 2.3977272511    0.743  0.824  3.7423  3.406    3  0.000  0.537     0.00     0.00 -1 -2.62e-14      0.00 7.746e-01 2.252e-01 2.667e-05 7.283e-06 6.621e-05 -1.000 1.637e-04 2.710 3.308 3.467 2.893 2.493 2.107 1.621 1.230 1.167
0.00015547 -2.00000 10.17609 0.7450792193 2.3978774548    0.743  0.864  3.7404  3.359    3  0.000  0.537     0.00     0.00 -1 -4.01e-14      0.00 7.724e-01 2.274e-01 2.686e-05 7.334e-06 6.667e-05 -1.000 1.637e-04 2.609 3.221 3.375 2.795 2.392 2.003 1.512 1.117 1.053
0.00015547 -2.00000 10.17609 0.7454459667 2.3980286121    0.744  0.907  3.7387  3.309    3  0.000  0.537     0.00     0.00 -1 -6.24e-14      0.00 7.704e-01 2.294e-01 2.701e-05 7.377e-06 6.706e-05 -1.000 1.305e-04 2.501 3.128 3.276 2.691 2.284 1.893 1.397 0.998 0.933
0.00015547 -2.00000 10.17609 0.7457967997 2.3981728554    0.744  0.951  3.7372  3.259    3  0.000  0.537     0.00     0.00 -1 -9.63e-14      0.00 7.687e-01 2.311e-01 2.714e-05 7.411e-06 6.736e-05 -1.000 1.637e-04 2.392 3.031 3.173 2.584 2.175 1.781 1.281 0.878 0.813
0.00015547 -2.00000 10.17609 0.7461690903 2.3983256817    0.744  1.001  3.7356  3.203    3  0.000  0.537     0.00     0.00 -1 -1.55e-13      0.00 7.670e-01 2.329e-01 2.725e-05 7.443e-06 6.765e-05 -1.000 1.637e-04 2.267 2.921 3.057 2.462 2.050 1.654 1.149 0.743 0.676
0.00015547 -2.00000 10.17609 0.7464810014 2.3984537125    0.745  1.046  3.7342  3.153    3  0.000  0.537     0.00     0.00 -1 -2.32e-13      0.00 7.656e-01 2.342e-01 2.734e-05 7.467e-06 6.786e-05 -1.000 1.637e-04 2.155 2.821 2.952 2.353 1.939 1.541 1.031 0.621 0.554
0.00015547 -2.00000 10.17609 0.7467962503 2.3985829353    0.745  1.095  3.7328  3.098    3  0.000  0.537     0.00     0.00 -1 -3.56e-13      0.00 7.643e-01 2.356e-01 2.742e-05 7.488e-06 6.805e-05 -1.000 1.637e-04 2.033 2.710 2.836 2.233 1.817 1.416 0.902 0.489 0.421
0.00015547 -2.00000 10.17609 0.7471050620 2.3987092972    0.745  1.148  3.7313  3.040    3  0.000  0.537     0.00     0.00 -1  -5.5e-13      0.00 7.630e-01 2.368e-01 2.748e-05 7.508e-06 6.822e-05 -1.000 1.636e-04 1.901 2.591 2.712 2.105 1.686 1.283 0.764 0.347 0.279
0.00015547 -2.00000 10.17609 0.7473540902 2.3988113403    0.745  1.194  3.7300  2.988    3  0.000  0.537     0.00     0.00 -1 -7.93e-13      0.00 7.621e-01 2.378e-01 2.752e-05 7.521e-06 6.834e-05 -1.000 1.637e-04 1.785 2.486 2.602 1.991 1.570 1.165 0.642 0.221 0.153
0.00015547 -2.00000 10.17609 0.7475939989 2.3989093304    0.745  1.243  3.7285  2.933    3  0.000  0.537     0.00     0.00 -1 -1.15e-12      0.00 7.612e-01 2.387e-01 2.756e-05 7.534e-06 6.844e-05 -1.000 1.637e-04 1.663 2.378 2.487 1.872 1.448 1.041 0.514 0.090 0.020
0.00015547 -2.00000 10.17609 0.7478093505 2.3989973068    0.745  1.291  3.7272  2.880    3  0.000  0.537     0.00     0.00 -1 -1.62e-12      0.00 7.604e-01 2.394e-01 2.758e-05 7.544e-06 6.852e-05 -1.000 1.575e-04 1.542 2.271 2.374 1.754 1.328 0.919 0.388 -0.040 -0.109
0.00015547 -2.00000 10.17609 0.7480043173 2.3990769386    0.745  1.339  3.7257  2.826    3  0.000  0.536     0.00     0.00 -1 -2.25e-12      0.00 7.598e-01 2.401e-01 2.759e-05 7.553e-06 6.859e-05 -1.000 1.278e-04 1.423 2.166 2.262 1.638 1.210 0.798 0.262 -0.169 -0.239
0.00015547 -2.00000 10.17609 0.7481786609 2.3991479874    0.745  1.386  3.7242  2.774    3  0.000  0.536     0.00     0.00 -1 -3.07e-12      0.00 7.592e-01 2.406e-01 2.760e-05 7.561e-06 6.863e-05 -1.000 1.440e-04 1.306 2.062 2.153 1.524 1.093 0.679 0.139 -0.295 -0.366
0.00015547 -2.00000 10.17609 0.7483434677 2.3992152214    0.745  1.434  3.7228  2.719    3  0.000  0.536     0.00     0.00 -1 -4.18e-12      0.00 7.588e-01 2.411e-01 2.761e-05 7.568e-06 6.868e-05 -1.000 1.636e-04 1.184 1.954 2.039 1.405 0.972 0.555 0.011 -0.427 -0.498
0.00015547 -2.00000 10.17609 0.7484897971 2.3992748260    0.745  1.482  3.7212  2.665    3  0.000  0.536     0.00     0.00 -1  -5.6e-12      0.00 7.584e-01 2.414e-01 2.761e-05 7.574e-06 6.871e-05 -1.000 1.637e-04 1.065 1.849 1.928 1.290 0.854 0.435 -0.114 -0.555 -0.628
0.00015547 -2.00000 10.17609 0.7486196756 2.3993277550    0.745  1.528  3.7197  2.613    3  0.000  0.536     0.00     0.00 -1 -7.36e-12      0.00 7.582e-01 2.416e-01 2.761e-05 7.579e-06 6.873e-05 -1.000 1.637e-04 0.950 1.748 1.821 1.178 0.739 0.317 -0.235 -0.681 -0.754
0.00015547 -2.00000 10.17609 0.7487373948 2.3993759155    0.745  1.574  3.7182  2.561    3  0.000  0.536     0.00     0.00 -1 -9.57e-12      0.00 7.580e-01 2.418e-01 2.761e-05 7.582e-06 6.874e-05 -1.000 1.282e-04 0.835 1.648 1.715 1.067 0.626 0.201 -0.356 -0.805 -0.879
0.00015547 -2.00000 10.17609 0.7488476038 2.3994207382    0.745  1.621  3.7166  2.508    3  0.000  0.535     0.00     0.00 -1 -1.24e-11      0.00 7.579e-01 2.419e-01 2.761e-05 7.584e-06 6.875e-05 -1.000 1.636e-04 0.718 1.547 1.607 0.954 0.509 0.083 -0.479 -0.933 -1.007
0.00015547 -2.00000 10.17609 0.7489449382 2.3994603157    0.745  1.666  3.7150  2.456    3  0.000  0.535     0.00     0.00 -1 -1.59e-11      0.00 7.579e-01 2.419e-01 2.761e-05 7.584e-06 6.875e-05 -1.000 1.637e-04 0.605 1.453 1.505 0.844 0.397 -0.033 -0.599 -1.057 -1.131
0.00015547 -2.00000 10.17609 0.7490348220 2.3994967937    0.745  1.712  3.7134  2.404    3  0.000  0.535     0.00     0.00 -1 -2.02e-11      0.00 7.579e-01 2.419e-01 2.761e-05 7.584e-06 6.875e-05 -1.000 1.636e-04 0.491 1.358 1.400 0.734 0.283 -0.149 -0.720 -1.181 -1.257
0.00015547 -2.00000 10.17609 0.7491172552 2.3995304108    0.744  1.757  3.7118  2.352    3  0.000  0.535     0.00     0.00 -1 -2.54e-11      0.00 7.579e-01 2.419e-01 2.761e-05 7.584e-06 6.876e-05 -1.000 1.637e-04 0.376 1.264 1.296 0.623 0.169 -0.266 -0.842 -1.307 -1.383
0.00015547 -2.00000 10.17609 0.7491905093 2.3995602131    0.744  1.802  3.7102  2.301    3  0.000  0.535     0.00     0.00 -1 -2.04e-18      0.00 7.579e-01 2.420e-01 2.761e-05 7.584e-06 6.876e-05 -1.000 1.637e-04 0.266 1.173 1.196 0.516 0.059 -0.379 -0.960 -1.428 -1.505
0.00015547 -2.00000 10.17609 0.7492582202 2.3995878696    0.744  1.846  3.7086  2.250    3  0.000  0.535     0.00     0.00 -1 -1.31e-22      0.00 7.579e-01 2.420e-01 2.760e-05 7.585e-06 6.876e-05 -1.000 1.637e-04 0.155 1.084 1.096 0.409 -0.052 -0.492 -1.078 -1.550 -1.628
0.00015547 -2.00000 10.17609 0.7493232489 2.3996140957    0.744  1.892  3.7069  2.197    3  0.000  0.535     0.00     0.00 -1  -1.5e-23      0.00 7.579e-01 2.420e-01 2.760e-05 7.585e-06 6.876e-05 -1.000 1.637e-04 0.039 0.991 0.993 0.298 -0.166 -0.610 -1.200 -1.677 -1.756
0.00015547 -2.00000 10.17609 0.7493788600 2.3996367455    0.744  1.935  3.7052  2.147    3  0.000  0.535     0.00     0.00 -1 -1.62e-23      0.00 7.579e-01 2.420e-01 2.760e-05 7.585e-06 6.876e-05 -1.000 1.637e-04 -0.069 0.906 0.898 0.195 -0.273 -0.719 -1.315 -1.796 -1.875
0.00015547 -2.00000 10.17609 0.7494302392 2.3996577263    0.744  1.978  3.7035  2.097    3  0.000  0.535     0.00     0.00 -1 -1.75e-23      0.00 7.579e-01 2.420e-01 2.760e-05 7.585e-06 6.876e-05 -1.000 1.637e-04 -0.176 0.821 0.802 0.092 -0.379 -0.829 -1.430 -1.915 -1.995
0.00015547 -2.00000 10.17609 0.7494794130 2.3996777534    0.743  2.023  3.7019  2.046    3  0.000  0.535     0.00     0.00 -1 -1.88e-23      0.00 7.579e-01 2.420e-01 2.760e-05 7.585e-06 6.876e-05 -1.000 1.637e-04 -0.287 0.732 0.704 -0.014 -0.489 -0.942 -1.548 -2.038 -2.118
0.00015547 -2.00000 10.17609 0.7495222688 2.3996951580    0.743  2.064  3.7001  1.997    3  0.000  0.535     0.00     0.00 -1 -2.02e-23      0.00 7.579e-01 2.420e-01 2.760e-05 7.585e-06 6.876e-05 -1.000 1.637e-04 -0.391 0.652 0.613 -0.113 -0.592 -1.048 -1.659 -2.153 -2.235
0.00015547 -2.00000 10.17609 0.7495624423 2.3997113705    0.743  2.105  3.6985  1.950    3  0.000  0.535     0.00     0.00 -1 -2.17e-23      0.00 7.579e-01 2.420e-01 2.760e-05 7.585e-06 6.876e-05 -1.000 1.637e-04 -0.493 0.577 0.525 -0.210 -0.693 -1.152 -1.768 -2.266 -2.349
0.00015547 -2.00000 10.17609 0.7496042252 2.3997282982    0.743  2.147  3.6970  1.902    3  0.000  0.535     0.00     0.00 -1 -2.33e-23      0.00 7.579e-01 2.420e-01 2.760e-05 7.585e-06 6.876e-05 -1.000 1.636e-04 -0.597 0.500 0.435 -0.308 -0.795 -1.257 -1.878 -2.380 -2.463
0.00015547 -2.00000 10.17609 0.7496505380 2.3997471333    0.743  2.176  3.6958  1.868    3  0.000  0.535     0.00     0.00 -1 -2.46e-23      0.00 7.578e-01 2.420e-01 2.760e-05 7.585e-06 6.876e-05 -1.000 1.637e-04 -0.670 0.446 0.371 -0.378 -0.868 -1.332 -1.957 -2.462 -2.546
0.00015547 -2.00000 10.17609 0.7496670485 2.3997538090    0.743  2.173  3.6961  1.872    3  0.000  0.535     0.00     0.00 -1 -2.48e-23      0.00 7.578e-01 2.420e-01 2.760e-05 7.585e-06 6.876e-05 -1.000 1.636e-04 -0.663 0.449 0.376 -0.372 -0.861 -1.324 -1.948 -2.452 -2.536
0.00015547 -2.00000 10.17609 0.7496699095 2.3997550011    0.743  2.176  3.6959  1.868    3  0.000  0.535     0.00     0.00 -1 -2.49e-23      0.00 7.578e-01 2.420e-01 2.760e-05 7.585e-06 6.876e-05 -1.000 1.636e-04 -0.671 0.443 0.369 -0.379 -0.868 -1.332 -1.957 -2.461 -2.545
0.00015547 -2.00000 10.17609 0.7497327328 2.3997805119    0.742  2.270  3.6920  1.759    3  0.000  0.535     0.00     0.00 -1 -2.86e-23      0.00 7.578e-01 2.420e-01 2.760e-05 7.585e-06 6.876e-05 -1.000 1.637e-04 -0.904 0.276 0.170 -0.600 -1.099 -1.570 -2.207 -2.722 -2.807
0.00015547 -2.00000 10.17609 0.7497572303 2.3997905254    0.742  2.310  3.6901  1.711    3  0.000  0.535     0.00     0.00 -1 -3.04e-23      0.00 7.578e-01 2.420e-01 2.760e-05 7.585e-06 6.876e-05 -1.000 1.637e-04 -1.006 0.206 0.086 -0.695 -1.198 -1.674 -2.316 -2.836 -2.922
0.00015547 -2.00000 10.17609 0.7497802973 2.3997998238    0.742  2.351  3.6883  1.662    3  0.000  0.535     0.00     0.00 -1 -3.23e-23      0.00 7.578e-01 2.420e-01 2.760e-05 7.585e-06 6.877e-05 -1.000 1.637e-04 -1.108 0.137 0.001 -0.790 -1.298 -1.777 -2.426 -2.950 -3.037
0.00015547 -2.00000 10.17609 0.7498015761 2.3998084068    0.741  2.392  3.6866  1.615    3  0.000  0.535     0.00     0.00 -1 -3.42e-23      0.00 7.578e-01 2.420e-01 2.760e-05 7.586e-06 6.877e-05 -1.000 1.637e-04 -1.209 0.068 -0.083 -0.884 -1.397 -1.880 -2.533 -3.063 -3.150
0.00015547 -2.00000 10.17609 0.7498210073 2.3998162746    0.741  2.431  3.6847  1.567    3  0.000  0.535     0.00     0.00 -1 -3.63e-23      0.00 7.578e-01 2.420e-01 2.760e-05 7.586e-06 6.877e-05 -1.000 1.637e-04 -1.308 0.054 -0.149 -0.979 -1.499 -1.985 -2.644 -3.179 -3.264
0.00015547 -2.00000 10.17609 0.7498400807 2.3998241425    0.741  2.473  3.6828  1.518    3  0.000  0.535     0.00     0.00 -1 -3.85e-23      0.00 7.578e-01 2.420e-01 2.760e-05 7.586e-06 6.877e-05 -1.000 1.637e-04 -1.412 0.027 -0.222 -1.077 -1.605 -2.094 -2.759 -3.299 -3.383
0.00015547 -2.00000 10.17609 0.7498573661 2.3998310566    0.740  2.514  3.6809  1.469    3  0.000  0.535     0.00     0.00 -1 -4.08e-23      0.00 7.578e-01 2.420e-01 2.760e-05 7.586e-06 6.877e-05 -1.000 1.637e-04 -1.514 -0.075 -0.314 -1.169 -1.700 -2.194 -2.866 -3.411 -3.498
0.00015547 -2.00000 10.17609 0.7498728037 2.3998374939    0.740  2.553  3.6791  1.423    3  0.000  0.535     0.00     0.00 -1 -4.31e-23      0.00 7.578e-01 2.420e-01 2.760e-05 7.586e-06 6.877e-05 -1.000 1.637e-04 -1.611 -0.107 -0.381 -1.257 -1.796 -2.294 -2.972 -3.522 -3.609
0.00015547 -2.00000 10.17609 0.7498882413 2.3998436928    0.739  2.594  3.6771  1.373    3  0.000  0.535     0.00     0.00 -1 -4.57e-23      0.00 7.578e-01 2.420e-01 2.760e-05 7.586e-06 6.877e-05 -1.000 1.636e-04 -1.715 -0.135 -0.450 -1.351 -1.898 -2.401 -3.086 -3.641 -3.727
0.00015547 -2.00000 10.17609 0.7499018312 2.3998491764    0.739  2.634  3.6751  1.325    3  0.000  0.535     0.00     0.00 -1 -4.84e-23      0.00 7.578e-01 2.420e-01 2.760e-05 7.586e-06 6.877e-05 -1.000 1.637e-04 -1.814 -0.156 -0.513 -1.440 -1.995 -2.504 -3.195 -3.755 -3.840
0.00015547 -2.00000 10.17609 0.7499148846 2.3998544216    0.738  2.674  3.6731  1.277    3  0.000  0.535     0.00     0.00 -1 -5.12e-23      0.00 7.578e-01 2.420e-01 2.760e-05 7.586e-06 6.877e-05 -1.000 1.637e-04 -1.914 -0.172 -0.575 -1.529 -2.094 -2.608 -3.305 -3.870 -3.955
0.00015547 -2.00000 10.17609 0.7499266863 2.3998591900    0.738  2.713  3.6711  1.230    3  0.000  0.535     0.00     0.00 -1  -5.4e-23      0.00 7.578e-01 2.420e-01 2.760e-05 7.586e-06 6.877e-05 -1.000 1.637e-04 -2.012 -0.181 -0.631 -1.615 -2.190 -2.709 -3.414 -3.984 -4.068
0.00015547 -2.00000 10.17609 0.7499383688 2.3998639584    0.737  2.754  3.6691  1.180    3  0.000  0.535     0.00     0.00 -1 -5.71e-23      0.00 7.578e-01 2.420e-01 2.760e-05 7.586e-06 6.877e-05 -1.000 1.636e-04 -2.115 -0.186 -0.689 -1.704 -2.290 -2.815 -3.527 -4.102 -4.186
0.00015547 -2.00000 10.17609 0.7499485612 2.3998682499    0.737  2.793  3.6670  1.133    3  0.000  0.535     0.00     0.00 -1 -6.02e-23      0.00 7.578e-01 2.420e-01 2.760e-05 7.586e-06 6.877e-05 -1.000 1.636e-04 -2.212 -0.180 -0.737 -1.786 -2.384 -2.915 -3.634 -4.215 -4.298
0.00015547 -2.00000 10.17609 0.7499582767 2.3998720646    0.736  2.832  3.6649  1.085    3  0.000  0.535     0.00     0.00 -1 -6.35e-23      0.00 7.578e-01 2.420e-01 2.760e-05 7.586e-06 6.877e-05 -1.000 1.637e-04 -2.310 -0.166 -0.783 -1.868 -2.478 -3.016 -3.743 -4.329 -4.412
0.00015547 -2.00000 10.17609 0.7499671578 2.3998756409    0.735  2.870  3.6630  1.038    3  0.000  0.535     0.00     0.00 -1 -6.69e-23      0.00 7.578e-01 2.420e-01 2.760e-05 7.586e-06 6.877e-05 -1.000 1.636e-04 -2.405 -0.149 -0.826 -1.947 -2.569 -3.114 -3.848 -4.440 -4.522
0.00015547 -2.00000 10.17609 0.7499754429 2.3998789787    0.735  2.908  3.6608  0.991    3  0.000  0.535     0.00     0.00 -1 -7.04e-23      0.00 7.578e-01 2.420e-01 2.760e-05 7.586e-06 6.877e-05 -1.000 1.637e-04 -2.500 -0.112 -0.858 -2.022 -2.660 -3.213 -3.955 -4.552 -4.634
0.00015547 -2.00000 10.17609 0.7499827743 2.3998820782    0.734  2.944  3.6589  0.947    3  0.000  0.535     0.00     0.00 -1 -7.39e-23      0.00 7.578e-01 2.420e-01 2.760e-05 7.586e-06 6.877e-05 -1.000 1.637e-04 -2.590 -0.075 -0.885 -2.091 -2.744 -3.305 -4.055 -4.656 -4.738
0.00015547 -2.00000 10.17609 0.7499895096 2.3998847008    0.733  2.979  3.6569  0.904    3  0.000  0.535     0.00     0.00 -1 -7.73e-23      0.00 7.578e-01 2.420e-01 2.760e-05 7.586e-06 6.877e-05 -1.000 1.637e-04 -2.677 -0.048 -0.914 -2.156 -2.823 -3.393 -4.151 -4.758 -4.839
0.00015547 -2.00000 10.17609 0.7499957085 2.3998873234    0.732  3.012  3.6550  0.862    3  0.000  0.535     0.00     0.00 -1 -8.08e-23      0.00 7.578e-01 2.420e-01 2.760e-05 7.586e-06 6.877e-05 -1.000 1.637e-04 -2.761 -0.044 -0.950 -2.220 -2.900 -3.476 -4.243 -4.855 -4.937
0.00015547 -2.00000 10.17609 0.7500000000 2.3998889923    0.732  3.036  3.6537  0.833    3  0.000  0.535     0.00     0.00 -1 -8.35e-23      0.00 7.578e-01 2.420e-01 2.760e-05 7.586e-06 6.877e-05 -1.000 1.637e-04 -2.821 -0.041 -0.976 -2.266 -2.955 -3.537 -4.309 -4.925 -5.007
0.00015547 -2.00000 10.17609 0.7500071526 2.3998918533    0.730  3.078  3.6512  0.781    3  0.000  0.535     0.00     0.00 -1 -8.83e-23      0.00 7.578e-01 2.420e-01 2.760e-05 7.586e-06 6.877e-05 -1.000 1.637e-04 -2.924 -0.030 -1.017 -2.343 -3.048 -3.639 -4.423 -5.045 -5.128
0.00015547 -2.00000 10.17609 0.7500148416 2.3998949528    0.729  3.126  3.6485  0.721    3  0.000  0.535     0.00     0.00 -1 -9.43e-23      0.00 7.578e-01 2.420e-01 2.760e-05 7.586e-06 6.877e-05 -1.000 1.637e-04 -3.044 -0.020 -1.066 -2.433 -3.155 -3.757 -4.553 -5.183 -5.267
0.00015547 -2.00000 10.17609 0.7500213385 2.3998975754    0.728  3.168  3.6459  0.667    3  0.000  0.535     0.00     0.00 -1 -9.99e-23      0.00 7.578e-01 2.420e-01 2.760e-05 7.586e-06 6.877e-05 -1.000 1.636e-04 -3.151 -0.008 -1.109 -2.511 -3.249 -3.862 -4.669 -5.307 -5.393
0.00015547 -2.00000 10.17609 0.7500278354 2.3999001980    0.726  3.214  3.6433  0.610    3  0.000  0.535     0.00     0.00 -1 -1.06e-22      0.00 7.578e-01 2.420e-01 2.760e-05 7.586e-06 6.877e-05 -1.000 1.636e-04 -3.265 0.008 -1.151 -2.593 -3.350 -3.974 -4.793 -5.439 -5.526
0.00015547 -2.00000 10.17609 0.7500339150 2.3999028206    0.724  3.257  3.6409  0.557    3  0.000  0.535     0.00     0.00 -1 -1.12e-22      0.00 7.578e-01 2.420e-01 2.760e-05 7.586e-06 6.877e-05 -1.000 1.637e-04 -3.371 0.025 -1.189 -2.670 -3.443 -4.078 -4.909 -5.562 -5.650
0.00015547 -2.00000 10.17609 0.7500356436 2.3999035358    0.724  3.268  3.6403  0.543    3  0.000  0.535     0.00     0.00 -1 -1.14e-22      0.00 7.578e-01 2.420e-01 2.760e-05 7.586e-06 6.877e-05 -1.000 1.637e-04 -3.400 0.028 -1.200 -2.690 -3.469 -4.106 -4.940 -5.595 -5.682
0.00015547 -2.00000 10.17609 0.7500356436 2.3999035358    0.686  1.610  3.9952  3.597    4  0.000  0.532     0.00     0.00 -1    -1e-30      0.00 7.549e-01 2.450e-01 2.759e-05 7.739e-06 6.924e-05 -1.000 1.637e-04 0.745 0.905 0.988 1.025 1.035 1.042 1.063 1.069 1.076
0.00015547 -2.00000 10.17609 0.7500370741 2.3999040127    0.686  1.622  3.9889  3.560    4  0.000  0.532     0.00     0.00 -1    -1e-30      0.00 7.549e-01 2.450e-01 2.759e-05 7.739e-06 6.924e-05 -1.000 1.637e-04 0.715 0.868 0.933 0.966 0.972 0.976 0.989 0.993 0.998
0.00015547 -2.00000 10.17609 0.7500817776 2.3999221325    0.686  1.635  3.9831  3.524    4  0.000  0.532     0.00     0.00 -1    -1e-30      0.00 7.549e-01 2.450e-01 2.759e-05 7.739e-06 6.924e-05 -1.000 1.637e-04 0.684 0.831 0.880 0.908 0.912 0.912 0.918 0.919 0.923
0.00015547 -2.00000 10.17609 0.7501275539 2.3999407291    0.686  1.635  3.9829  3.523    4  0.000  0.532     0.00     0.00 -1    -1e-30      0.00 7.549e-01 2.450e-01 2.759e-05 7.739e-06 6.924e-05 -1.000 1.637e-04 0.683 0.831 0.878 0.907 0.911 0.911 0.916 0.917 0.921
0.00015547 -2.00000 10.17609 0.7501741648 2.3999595642    0.686  1.635  3.9827  3.523    4  0.000  0.532     0.00     0.00 -1    -1e-30      0.00 7.549e-01 2.450e-01 2.759e-05 7.739e-06 6.924e-05 -1.000 1.637e-04 0.684 0.831 0.878 0.906 0.910 0.910 0.916 0.917 0.920
0.00015547 -2.00000 10.17609 0.7502220273 2.3999791145    0.686  1.634  3.9823  3.521    4  0.000  0.532     0.00     0.00 -1    -1e-30      0.00 7.549e-01 2.450e-01 2.759e-05 7.739e-06 6.924e-05 -1.000 1.636e-04 0.684 0.831 0.877 0.904 0.908 0.908 0.913 0.913 0.917
0.00015547 -2.00000 10.17609 0.7502696514 2.3999984264    0.686  1.635  3.9814  3.517    4  0.000  0.532     0.00     0.00 -1    -1e-30      0.00 7.549e-01 2.450e-01 2.759e-05 7.739e-06 6.924e-05 -1.000 1.637e-04 0.683 0.830 0.873 0.900 0.903 0.902 0.906 0.907 0.910
0.00015547 -2.00000 10.17609 0.7503178120 2.4000179768    0.686  1.635  3.9802  3.512    4  0.000  0.532     0.00     0.00 -1    -1e-30      0.00 7.549e-01 2.450e-01 2.759e-05 7.739e-06 6.924e-05 -1.000 1.637e-04 0.682 0.827 0.867 0.893 0.896 0.894 0.897 0.897 0.900
0.00015547 -2.00000 10.17609 0.7503662705 2.4000375271    0.686  1.636  3.9786  3.505    4  0.000  0.532     0.00     0.00 -1    -1e-30      0.00 7.549e-01 2.450e-01 2.759e-05 7.739e-06 6.924e-05 -1.000 1.637e-04 0.680 0.825 0.860 0.884 0.886 0.883 0.884 0.883 0.886
0.00015547 -2.00000 10.17609 0.7504153848 2.4000573158    0.686  1.637  3.9768  3.496    4  0.000  0.532     0.00     0.00 -1    -1e-30      0.00 7.549e-01 2.450e-01 2.759e-05 7.739e-06 6.924e-05 -1.000 1.637e-04 0.677 0.821 0.851 0.874 0.874 0.871 0.868 0.867 0.869
0.00015547 -2.00000 10.17609 0.7504618764 2.4000761509    0.686  1.639  3.9745  3.486    4  0.000  0.532     0.00     0.00 -1    -1e-30      0.00 7.549e-01 2.450e-01 2.759e-05 7.739e-06 6.924e-05 -1.000 1.637e-04 0.673 0.816 0.840 0.860 0.860 0.854 0.849 0.846 0.848
0.00015547 -2.00000 10.17609 0.7505084276 2.4000952244    0.686  1.641  3.9719  3.474    4  0.000  0.532     0.00     0.00 -1    -1e-30      0.00 7.549e-01 2.450e-01 2.759e-05 7.739e-06 6.924e-05 -1.000 1.637e-04 0.668 0.811 0.827 0.844 0.843 0.836 0.827 0.823 0.824
0.00015547 -2.00000 10.17609 0.7505534291 2.4001133442    0.686  1.643  3.9688  3.459    4  0.000  0.532     0.00     0.00 -1    -1e-30      0.00 7.549e-01 2.450e-01 2.759e-05 7.739e-06 6.924e-05 -1.000 1.636e-04 0.663 0.804 0.812 0.826 0.823 0.813 0.801 0.795 0.795
0.00015547 -2.00000 10.17609 0.7505984902 2.4001317024    0.686  1.646  3.9653  3.442    4  0.000  0.532     0.00     0.00 -1    -1e-30      0.00 7.549e-01 2.450e-01 2.759e-05 7.739e-06 6.924e-05 -1.000 1.637e-04 0.656 0.797 0.796 0.806 0.800 0.788 0.771 0.763 0.763
0.00015547 -2.00000 10.17609 0.7506444454 2.4001502991    0.686  1.649  3.9615  3.424    4  0.000  0.532     0.00     0.00 -1    -1e-30      0.00 7.549e-01 2.450e-01 2.759e-05 7.739e-06 6.924e-05 -1.000 1.637e-04 0.649 0.789 0.778 0.784 0.776 0.761 0.738 0.728 0.727
0.00015547 -2.00000 10.17609 0.7506895065 2.4001684189    0.686  1.652  3.9572  3.403    4  0.000  0.532     0.00     0.00 -1    -1e-30      0.00 7.549e-01 2.450e-01 2.759e-05 7.739e-06 6.924e-05 -1.000 1.636e-04 0.640 0.781 0.759 0.759 0.748 0.729 0.701 0.688 0.686
0.00015547 -2.00000 10.17609 0.7507339716 2.4001865387    0.687  1.656  3.9524  3.381    4  0.000  0.532     0.00     0.00 -1    -1e-30      0.00 7.549e-01 2.450e-01 2.759e-05 7.739e-06 6.924e-05 -1.000 1.637e-04 0.631 0.772 0.738 0.733 0.719 0.696 0.660 0.644 0.641
0.00015547 -2.00000 10.17609 0.7507824898 2.4002060890    0.687  1.660  3.9469  3.354    4  0.000  0.532     0.00     0.00 -1    -1e-30      0.00 7.549e-01 2.450e-01 2.759e-05 7.739e-06 6.924e-05 -1.000 1.637e-04 0.620 0.762 0.716 0.704 0.685 0.657 0.613 0.593 0.588
0.00015547 -2.00000 10.17609 0.7508274317 2.4002242088    0.687  1.665  3.9413  3.327    4  0.000  0.532     0.00     0.00 -1    -1e-30      0.00 7.549e-01 2.450e-01 2.759e-05 7.739e-06 6.924e-05 -1.000 1.637e-04 0.609 0.753 0.695 0.676 0.652 0.618 0.565 0.542 0.536
0.00015547 -2.00000 10.17609 0.7508734465 2.4002428055    0.687  1.670  3.9351  3.298    4  0.000  0.532     0.00     0.00 -1    -1e-30      0.00 7.549e-01 2.450e-01 2.759e-05 7.739e-06 6.924e-05 -1.000 1.637e-04 0.596 0.744 0.675 0.646 0.616 0.575 0.513 0.484 0.477
0.00015547 -2.00000 10.17609 0.7509183288 2.4002611637    0.687  1.675  3.9286  3.267    4  0.000  0.532     0.00     0.00 -1    -1e-30      0.00 7.549e-01 2.450e-01 2.759e-05 7.739e-06 6.924e-05 -1.000 1.637e-04 0.583 0.735 0.655 0.617 0.580 0.532 0.459 0.424 0.416
0.00015547 -2.00000 10.17609 0.7509630322 2.4002790451    0.687  1.680  3.9216  3.233    4  0.000  0.532     0.00     0.00 -1    -1e-30      0.00 7.549e-01 2.450e-01 2.759e-05 7.739e-06 6.924e-05 -1.000 1.636e-04 0.569 0.726 0.638 0.589 0.543 0.486 0.401 0.359 0.350
0.00015547 -2.00000 10.17609 0.7509716749 2.4002826214    0.687  1.681  3.9202  3.226    4  0.000  0.532     0.00     0.00 -1    -1e-30      0.00 7.549e-01 2.450e-01 2.759e-05 7.739e-06 6.924e-05 -1.000 1.637e-04 0.567 0.724 0.635 0.583 0.536 0.477 0.390 0.346 0.336
0.00015547 -2.00000 10.17609 0.7509801388 2.4002859592    0.687  1.682  3.9189  3.220    4  0.000  0.532     0.00     0.00 -1    -1e-30      0.00 7.549e-01 2.450e-01 2.759e-05 7.739e-06 6.924e-05 -1.000 1.637e-04 0.564 0.722 0.632 0.578 0.529 0.469 0.379 0.334 0.324
0.00015547 -2.00000 10.17609 0.7510276437 2.4003052711    0.687  1.688  3.9117  3.186    4  0.000  0.532     0.00     0.00 -1    -1e-30      0.00 7.549e-01 2.450e-01 2.759e-05 7.739e-06 6.924e-05 -1.000 1.637e-04 0.549 0.714 0.619 0.552 0.494 0.422 0.320 0.267 0.255
0.00015547 -2.00000 10.17609 0.7510755658 2.4003245831    0.687  1.695  3.9038  3.147    4  0.000  0.532     0.00     0.00 -1    -1e-30      0.00 7.549e-01 2.450e-01 2.759e-05 7.739e-06 6.924e-05 -1.000 1.636e-04 0.534 0.706 0.610 0.526 0.456 0.373 0.256 0.192 0.180
0.00015547 -2.00000 10.17609 0.7511219978 2.4003434181    0.687  1.701  3.8958  3.109    4  0.000  0.532     0.00     0.00 -1    -1e-30      0.00 7.549e-01 2.450e-01 2.759e-05 7.739e-06 6.924e-05 -1.000 1.637e-04 0.517 0.699 0.604 0.502 0.419 0.323 0.192 0.117 0.103
0.00015547 -2.00000 10.17609 0.7511681318 2.4003620148    0.687  1.708  3.8873  3.068    4  0.000  0.532     0.00     0.00 -1    -1e-30      0.00 7.549e-01 2.450e-01 2.759e-05 7.739e-06 6.924e-05 -1.000 1.637e-04 0.500 0.693 0.605 0.480 0.382 0.272 0.124 0.037 0.023
0.00015547 -2.00000 10.17609 0.7512151599 2.4003810883    0.687  1.715  3.8788  3.027    4  0.000  0.532     0.00     0.00 -1    -1e-30      0.00 7.549e-01 2.450e-01 2.759e-05 7.739e-06 6.924e-05 -1.000 1.637e-04 0.483 0.687 0.611 0.461 0.347 0.222 0.057 -0.044 -0.060
0.00015547 -2.00000 10.17609 0.7512612343 2.4003996849    0.687  1.722  3.8707  2.988    4  0.000  0.532     0.00     0.00 -1    -1e-30      0.00 7.549e-01 2.450e-01 2.759e-05 7.739e-06 6.924e-05 -1.000 1.637e-04 0.466 0.682 0.618 0.446 0.316 0.176 -0.006 -0.122 -0.138
0.00015547 -2.00000 10.17609 0.7513068318 2.4004180431    0.687  1.728  3.8635  2.953    4  0.000  0.532     0.00     0.00 -1    -1e-30      0.00 7.549e-01 2.450e-01 2.759e-05 7.739e-06 6.924e-05 -1.000 1.636e-04 0.450 0.677 0.624 0.434 0.290 0.137 -0.061 -0.190 -0.207
0.00015547 -2.00000 10.17609 0.7513533235 2.4004368782    0.687  1.735  3.8556  2.915    4  0.000  0.532     0.00     0.00 -1    -1e-30      0.00 7.549e-01 2.450e-01 2.759e-05 7.739e-06 6.924e-05 -1.000 1.636e-04 0.433 0.671 0.633 0.423 0.263 0.094 -0.120 -0.265 -0.283
0.00015547 -2.00000 10.17609 0.7513992190 2.4004554749    0.687  1.742  3.8480  2.877    4  0.000  0.532     0.00     0.00 -1    -1e-30      0.00 7.549e-01 2.450e-01 2.759e-05 7.739e-06 6.924e-05 -1.000 1.637e-04 0.415 0.666 0.641 0.412 0.236 0.053 -0.179 -0.339 -0.358
0.00015547 -2.00000 10.17609 0.7514507771 2.4004762173    0.687  1.752  3.8374  2.824    4  0.000  0.532     0.00     0.00 -1    -1e-30      0.00 7.549e-01 2.450e-01 2.759e-05 7.739e-06 6.924e-05 -1.000 1.637e-04 0.389 0.659 0.653 0.396 0.200 -0.003 -0.260 -0.443 -0.463
0.00015547 -2.00000 10.17609 0.7514981627 2.4004955292    0.687  1.764  3.8261  2.767    4  0.000  0.532     0.00     0.00 -1    -1e-30      0.00 7.549e-01 2.450e-01 2.759e-05 7.739e-06 6.924e-05 -1.000 1.636e-04 0.359 0.653 0.666 0.380 0.161 -0.064 -0.347 -0.555 -0.577
0.00015547 -2.00000 10.17609 0.7515395880 2.4005122185    0.687  1.781  3.8126  2.696    4  0.000  0.532     0.00     0.00 -1    -1e-30      0.00 7.549e-01 2.450e-01 2.759e-05 7.739e-06 6.924e-05 -1.000 1.637e-04 0.317 0.643 0.678 0.356 0.109 -0.141 -0.456 -0.695 -0.720
0.00015547 -2.00000 10.17609 0.7515662909 2.4005229473    0.687  1.803  3.7976  2.615    4  0.000  0.532     0.00     0.00 -1    -1e-30      0.00 7.549e-01 2.450e-01 2.759e-05 7.739e-06 6.924e-05 -1.000 1.637e-04 0.263 0.633 0.694 0.326 0.049 -0.229 -0.582 -0.855 -0.884
0.00015547 -2.00000 10.17609 0.7515775561 2.4005274773    0.687  1.819  3.7871  2.557    4  0.000  0.532     0.00     0.00 -1    -1e-30      0.00 7.549e-01 2.450e-01 2.759e-05 7.739e-06 6.924e-05 -1.000 1.637e-04 0.223 0.628 0.705 0.305 0.006 -0.291 -0.671 -0.968 -1.001
0.00015547 -2.00000 10.17609 0.7515834570 2.4005298615    0.687  1.832  3.7793  2.513    4  0.000  0.532     0.00     0.00 -1    -1e-30      0.00 7.549e-01 2.450e-01 2.759e-05 7.739e-06 6.924e-05 -1.000 1.637e-04 0.191 0.623 0.711 0.287 -0.028 -0.340 -0.740 -1.055 -1.091
0.00015547 -2.00000 10.17609 0.7515876293 2.4005315304    0.687  1.845  3.7720  2.471    4  0.000  0.532     0.00     0.00 -1    -1e-30      0.00 7.549e-01 2.450e-01 2.759e-05 7.739e-06 6.924e-05 -1.000 1.637e-04 0.158 0.625 0.715 0.268 -0.061 -0.386 -0.805 -1.139 -1.178
0.00015547 -2.00000 10.17609 0.7515897155 2.4005324841    0.687  1.853  3.7674  2.444    4  0.000  0.532     0.00     0.00 -1    -1e-30      0.00 7.549e-01 2.450e-01 2.759e-05 7.739e-06 6.924e-05 -1.000 1.637e-04 0.138 0.627 0.719 0.256 -0.082 -0.416 -0.847 -1.192 -1.233
0.00015547 -2.00000 10.17609 0.7515912056 2.4005329609    0.687  1.860  3.7633  2.420    4  0.000  0.532     0.00     0.00 -1    -1e-30      0.00 7.549e-01 2.450e-01 2.759e-05 7.739e-06 6.924e-05 -1.000 1.637e-04 0.120 0.628 0.723 0.247 -0.101 -0.442 -0.883 -1.238 -1.280
0.00015547 -2.00000 10.17609 0.7515926957 2.4005336761    0.687  1.871  3.7581  2.389    4  0.000  0.532     0.00     0.00 -1    -1e-30      0.00 7.549e-01 2.450e-01 2.759e-05 7.739e-06 6.924e-05 -1.000 1.637e-04 0.093 0.628 0.724 0.230 -0.128 -0.478 -0.933 -1.300 -1.345
0.00015547 -2.00000 10.17609 0.7515941262 2.4005341530    0.687  1.882  3.7532  2.359    4  0.000  0.532     0.00     0.00 -1    -1e-30      0.00 7.549e-01 2.450e-01 2.759e-05 7.739e-06 6.924e-05 -1.000 1.637e-04 0.066 0.629 0.724 0.213 -0.154 -0.513 -0.981 -1.358 -1.406
0.00015547 -2.00000 10.17609 0.7515955567 2.4005346298    0.687  1.897  3.7479  2.322    4  0.000  0.532     0.00     0.00 -1    -1e-30      0.00 7.549e-01 2.450e-01 2.759e-05 7.739e-06 6.924e-05 -1.000 1.636e-04 0.027 0.621 0.714 0.185 -0.193 -0.561 -1.043 -1.432 -1.483
0.00015547 -2.00000 10.17609 0.7515969276 2.4005353451    0.687  1.917  3.7423  2.279    4  0.000  0.532     0.00     0.00 -1    -1e-30      0.00 7.549e-01 2.450e-01 2.759e-05 7.739e-06 6.924e-05 -1.000 1.636e-04 -0.023 0.606 0.695 0.147 -0.242 -0.621 -1.116 -1.518 -1.573
0.00015547 -2.00000 10.17609 0.7515981793 2.4005358219    0.687  1.945  3.7363  2.228    4  0.000  0.532     0.00     0.00 -1    -1e-30      0.00 7.549e-01 2.450e-01 2.759e-05 7.739e-06 6.924e-05 -1.000 1.637e-04 -0.092 0.583 0.661 0.091 -0.310 -0.699 -1.211 -1.625 -1.683
0.00015547 -2.00000 10.17609 0.7515987158 2.4005360603    0.687  1.962  3.7333  2.199    4  0.000  0.532     0.00     0.00 -1    -1e-30      0.00 7.549e-01 2.450e-01 2.759e-05 7.739e-06 6.924e-05 -1.000 1.637e-04 -0.134 0.566 0.637 0.056 -0.352 -0.746 -1.265 -1.686 -1.746
0.00015547 -2.00000 10.17609 0.7515987754 2.4005360603    0.687  1.962  3.7332  2.198    7  0.000  0.532     0.00     0.00 -1    -1e-30      0.00 7.549e-01 2.450e-01 2.759e-05 7.739e-06 6.924e-05 -1.000 1.637e-04 -0.135 0.566 0.636 0.055 -0.353 -0.747 -1.267 -1.688 -1.748
0.00015547 -2.00000 10.17609 0.7515994906 2.4005362988    0.687  1.992  3.7292  2.152    7  0.000  0.532     0.00     0.00 -1    -1e-30      0.00 7.549e-01 2.450e-01 2.759e-05 7.739e-06 6.924e-05 -1.000 1.637e-04 -0.210 0.526 0.585 -0.011 -0.427 -0.829 -1.359 -1.789 -1.852
0.00015547 -2.00000 10.17609 0.7516003251 2.4005367756    0.687  2.031  3.7247  2.095    7  0.000  0.532     0.00     0.00 -1    -1e-30      0.00 7.549e-01 2.450e-01 2.759e-05 7.739e-06 6.924e-05 -1.000 1.637e-04 -0.307 0.472 0.516 -0.098 -0.523 -0.933 -1.475 -1.915 -1.980
0.00015547 -2.00000 10.17609 0.7516011000 2.4005370140    0.687  2.067  3.7212  2.045    7  0.000  0.532     0.00     0.00 -1    -1e-30      0.00 7.549e-01 2.450e-01 2.759e-05 7.739e-06 6.924e-05 -1.000 1.636e-04 -0.396 0.416 0.449 -0.180 -0.612 -1.028 -1.580 -2.028 -2.095
0.00015547 -2.00000 10.17609 0.7516019344 2.4005372524    0.687  2.100  3.7183  2.001    7  0.000  0.532     0.00     0.00 -1    -1e-30      0.00 7.549e-01 2.450e-01 2.759e-05 7.739e-06 6.924e-05 -1.000 1.637e-04 -0.479 0.363 0.385 -0.255 -0.693 -1.114 -1.674 -2.129 -2.197
0.00015547 -2.00000 10.17609 0.7516030669 2.4005377293    0.687  2.131  3.7159  1.960    7  0.000  0.532     0.00     0.00 -1    -1e-30      0.00 7.549e-01 2.450e-01 2.759e-05 7.739e-06 6.924e-05 -1.000 1.637e-04 -0.557 0.315 0.324 -0.327 -0.771 -1.196 -1.763 -2.223 -2.293
0.00015547 -2.00000 10.17609 0.7516052723 2.4005386829    0.687  2.133  3.7160  1.958    7  0.000  0.532     0.00     0.00 -1    -1e-30      0.00 7.549e-01 2.450e-01 2.759e-05 7.739e-06 6.924e-05 -1.000 1.637e-04 -0.562 0.310 0.319 -0.332 -0.775 -1.201 -1.767 -2.227 -2.297
0.00015547 -2.00000 10.17609 0.7516087890 2.4005401134    0.688  2.111  3.7176  1.987    7  0.000  0.532     0.00     0.00 -1    -1e-30      0.00 7.549e-01 2.450e-01 2.759e-05 7.739e-06 6.924e-05 -1.000 1.637e-04 -0.507 0.345 0.363 -0.281 -0.721 -1.143 -1.705 -2.161 -2.230
0.00015547 -2.00000 10.17609 0.7516309619 2.4005489349    0.688  2.125  3.7156  1.965    7  0.000  0.532     0.00     0.00 -1    -1e-30      0.00 7.549e-01 2.450e-01 2.759e-05 7.739e-06 6.924e-05 -1.000 1.637e-04 -0.543 0.332 0.341 -0.312 -0.756 -1.182 -1.750 -2.210 -2.280
0.00015547 -2.00000 10.17609 0.7516451478 2.4005546570    0.688  2.165  3.7122  1.911    7  0.000  0.532     0.00     0.00 -1    -1e-30      0.00 7.549e-01 2.450e-01 2.759e-05 7.739e-06 6.924e-05 -1.000 1.636e-04 -0.643 0.273 0.265 -0.404 -0.856 -1.288 -1.865 -2.333 -2.405
0.00015547 -2.00000 10.17609 0.7516660690 2.4005632401    0.688  2.218  3.7083  1.843    7  0.000  0.532     0.00     0.00 -1    -1e-30      0.00 7.549e-01 2.450e-01 2.759e-05 7.739e-06 6.924e-05 -1.000 1.637e-04 -0.774 0.193 0.164 -0.524 -0.985 -1.424 -2.013 -2.490 -2.564
0.00015547 -2.00000 10.17609 0.7516831160 2.4005701542    0.688  2.259  3.7055  1.790    7  0.000  0.532     0.00     0.00 -1    -1e-30      0.00 7.549e-01 2.450e-01 2.759e-05 7.739e-06 6.924e-05 -1.000 1.637e-04 -0.878 0.129 0.083 -0.619 -1.087 -1.532 -2.129 -2.612 -2.688
0.00015547 -2.00000 10.17609 0.7516984344 2.4005763531    0.688  2.300  3.7028  1.738    7  0.000  0.532     0.00     0.00 -1    -1e-30      0.00 7.549e-01 2.450e-01 2.759e-05 7.739e-06 6.924e-05 -1.000 1.636e-04 -0.981 0.064 0.001 -0.714 -1.188 -1.639 -2.243 -2.733 -2.811
0.00015547 -2.00000 10.17609 0.7517119646 2.4005818367    0.688  2.342  3.7002  1.686    7  0.000  0.532     0.00     0.00 -1    -1e-30      0.00 7.549e-01 2.450e-01 2.759e-05 7.740e-06 6.924e-05 -1.000 1.637e-04 -1.084 -0.001 -0.080 -0.809 -1.289 -1.745 -2.357 -2.853 -2.932
0.00015547 -2.00000 10.17609 0.7517239451 2.4005866051    0.688  2.383  3.6976  1.635    7  0.000  0.531     0.00     0.00 -1    -1e-30      0.00 7.549e-01 2.449e-01 2.757e-05 7.744e-06 6.924e-05 -1.000 1.637e-04 -1.186 -0.064 -0.161 -0.903 -1.389 -1.850 -2.470 -2.973 -3.053
0.00015547 -2.00000 10.17609 0.7517344952 2.4005908966    0.688  2.423  3.6952  1.585    7  0.000  0.529     0.00     0.00 -1    -1e-30      0.00 7.549e-01 2.449e-01 2.748e-05 7.779e-06 6.924e-05 -1.000 1.637e-04 -1.288 -0.126 -0.240 -0.996 -1.489 -1.954 -2.582 -3.091 -3.172
0.00015547 -2.00000 10.17609 0.7517438531 2.4005947113    0.688  2.464  3.6928  1.535    7  0.000  0.524     0.00     0.00 -1    -1e-30      0.00 7.549e-01 2.449e-01 2.719e-05 7.974e-06 6.924e-05 -1.000 1.479e-04 -1.389 -0.188 -0.320 -1.089 -1.587 -2.057 -2.693 -3.208 -3.290
0.00015547 -2.00000 10.17609 0.7517523766 2.4005980492    0.688  2.504  3.6904  1.485    7  0.000  0.511     0.00     0.00 -1    -1e-30      0.00 7.549e-01 2.450e-01 2.656e-05 8.595e-06 6.924e-05 -1.000 1.339e-04 -1.490 -0.251 -0.399 -1.182 -1.686 -2.161 -2.804 -3.325 -3.409
0.00015547 -2.00000 10.17609 0.7517602444 2.4006011486    0.688  2.544  3.6880  1.435    7  0.000  0.494     0.00     0.00 -1    -1e-30      0.00 7.548e-01 2.450e-01 2.567e-05 9.633e-06 6.924e-05 -1.000 1.636e-04 -1.591 -0.308 -0.475 -1.273 -1.784 -2.264 -2.914 -3.442 -3.526
0.00015547 -2.00000 10.17609 0.7517675161 2.4006042480    0.688  2.584  3.6856  1.385    7  0.000  0.477     0.00     0.00 -1    -1e-30      0.00 7.548e-01 2.451e-01 2.480e-05 1.070e-05 6.924e-05 -1.000 1.637e-04 -1.691 -0.362 -0.550 -1.363 -1.880 -2.365 -3.024 -3.557 -3.643
0.00015547 -2.00000 10.17609 0.7517743707 2.4006068707    0.688  2.625  3.6832  1.336    7  0.000  0.462     0.00     0.00 -1    -1e-30      0.00 7.546e-01 2.452e-01 2.405e-05 1.162e-05 6.924e-05 -1.000 1.637e-04 -1.791 -0.387 -0.616 -1.454 -1.980 -2.470 -3.136 -3.675 -3.761
0.00015547 -2.00000 10.17609 0.7517808676 2.4006094933    0.688  2.665  3.6808  1.286    7  0.000  0.449     0.00     0.00 -1    -1e-30      0.00 7.545e-01 2.453e-01 2.340e-05 1.241e-05 6.924e-05 -1.000 1.637e-04 -1.892 -0.407 -0.679 -1.544 -2.079 -2.575 -3.248 -3.793 -3.879
0.00015547 -2.00000 10.17609 0.7517871261 2.4006121159    0.688  2.705  3.6784  1.236    7  0.000  0.438     0.00     0.00 -1    -1e-30      0.00 7.543e-01 2.455e-01 2.284e-05 1.311e-05 6.924e-05 -1.000 1.636e-04 -1.992 -0.419 -0.738 -1.633 -2.178 -2.680 -3.361 -3.912 -3.997
0.00015547 -2.00000 10.17609 0.7517930269 2.4006145000    0.688  2.745  3.6760  1.186    7  0.000  0.429     0.00     0.00 -1    -1e-30      0.00 7.541e-01 2.457e-01 2.235e-05 1.370e-05 6.923e-05 -1.000 1.636e-04 -2.093 -0.422 -0.793 -1.721 -2.277 -2.785 -3.473 -4.030 -4.115
0.00015547 -2.00000 10.17609 0.7517982721 2.4006166458    0.688  2.785  3.6736  1.137    7  0.000  0.421     0.00     0.00 -1    -1e-30      0.00 7.539e-01 2.459e-01 2.192e-05 1.423e-05 6.920e-05 -1.000 1.636e-04 -2.193 -0.419 -0.846 -1.807 -2.375 -2.889 -3.586 -4.149 -4.234
0.00015547 -2.00000 10.17609 0.7518026233 2.4006183147    0.688  2.825  3.6712  1.088    7  0.000  0.414     0.00     0.00 -1    -1e-30      0.00 7.537e-01 2.461e-01 2.156e-05 1.469e-05 6.916e-05 -1.000 1.636e-04 -2.291 -0.407 -0.892 -1.891 -2.471 -2.992 -3.697 -4.266 -4.350
0.00015547 -2.00000 10.17609 0.7518063188 2.4006197453    0.688  2.864  3.6687  1.038    7  0.000  0.409     0.00     0.00 -1    -1e-30      0.00 7.535e-01 2.463e-01 2.124e-05 1.508e-05 6.909e-05 -1.000 1.637e-04 -2.390 -0.385 -0.935 -1.973 -2.566 -3.095 -3.808 -4.384 -4.467
0.00015547 -2.00000 10.17609 0.7518094182 2.4006209373    0.688  2.903  3.6663  0.990    7  0.000  0.404     0.00     0.00 -1    -1e-30      0.00 7.533e-01 2.466e-01 2.098e-05 1.542e-05 6.900e-05 -1.000 1.637e-04 -2.486 -0.352 -0.970 -2.050 -2.658 -3.195 -3.917 -4.498 -4.581
0.00015547 -2.00000 10.17609 0.7518126369 2.4006223679    0.688  2.944  3.6637  0.939    7  0.000  0.400     0.00     0.00 -1    -1e-30      0.00 7.531e-01 2.467e-01 2.075e-05 1.574e-05 6.888e-05 -1.000 1.637e-04 -2.589 -0.300 -0.998 -2.128 -2.755 -3.301 -4.033 -4.621 -4.703
0.00015547 -2.00000 10.17609 0.7518153191 2.4006233215    0.688  2.982  3.6613  0.891    7  0.000  0.398     0.00     0.00 -1    -1e-30      0.00 7.529e-01 2.469e-01 2.059e-05 1.600e-05 6.876e-05 -1.000 1.636e-04 -2.684 -0.240 -1.016 -2.199 -2.844 -3.400 -4.142 -4.735 -4.816
0.00015547 -2.00000 10.17609 0.7518181801 2.4006245136    0.688  3.035  3.6578  0.824    7  0.000  0.396     0.00     0.00 -1    -1e-30      0.00 7.527e-01 2.472e-01 2.044e-05 1.630e-05 6.857e-05 -1.000 1.636e-04 -2.818 -0.145 -1.037 -2.294 -2.967 -3.538 -4.294 -4.896 -4.976
0.00015547 -2.00000 10.17609 0.7518183589 2.4006247520    0.688  3.031  3.6581  0.829    7  0.000  0.396     0.00     0.00 -1    -1e-30      0.00 7.527e-01 2.472e-01 2.042e-05 1.633e-05 6.854e-05 -1.000 1.637e-04 -2.808 -0.151 -1.036 -2.288 -2.959 -3.529 -4.283 -4.884 -4.965
0.00015547 -2.00000 10.17609 0.7518185377 2.4006247520    0.688  3.036  3.6578  0.823    7  0.000  0.396     0.00     0.00 -1    -1e-30      0.00 7.526e-01 2.472e-01 2.041e-05 1.636e-05 6.853e-05 -1.000 1.637e-04 -2.820 -0.146 -1.039 -2.296 -2.970 -3.541 -4.296 -4.898 -4.979
0.00015547 -2.00000 10.17609 0.7518187761 2.4006247520    0.688  3.047  3.6570  0.808    7  0.000  0.395     0.00     0.00 -1    -1e-30      0.00 7.526e-01 2.472e-01 2.040e-05 1.639e-05 6.851e-05 -1.000 1.637e-04 -2.848 -0.140 -1.048 -2.316 -2.995 -3.569 -4.328 -4.932 -5.013
0.00015547 -2.00000 10.17609 0.7518189549 2.4006249905    0.688  3.061  3.6561  0.790    7  0.000  0.395     0.00     0.00 -1    -1e-30      0.00 7.525e-01 2.473e-01 2.033e-05 1.655e-05 6.840e-05 -1.000 1.638e-04 -2.883 -0.133 -1.060 -2.342 -3.026 -3.604 -4.367 -4.974 -5.055
0.00015547 -2.00000 10.17609 0.7518192530 2.4006249905    0.688  3.089  3.6541  0.755    7  0.000  0.394     0.00     0.00 -1    -1e-30      0.00 7.523e-01 2.475e-01 2.023e-05 1.683e-05 6.821e-05 -1.000 1.636e-04 -2.952 -0.118 -1.083 -2.391 -3.086 -3.671 -4.442 -5.055 -5.137
0.00015547 -2.00000 10.17609 0.7518196106 2.4006252289    0.688  3.138  3.6506  0.692    7  0.000  0.391     0.00     0.00 -1    -1e-30      0.00 7.518e-01 2.480e-01 1.992e-05 1.759e-05 6.770e-05 -1.000 1.587e-04 -3.076 -0.087 -1.122 -2.479 -3.196 -3.794 -4.581 -5.203 -5.286
0.00015547 -2.00000 10.17609 0.7518200278 2.4006252289    0.688  3.414  3.6091  0.250    8  0.549  0.390   100.66    45.40  1 -1.65e-06      0.00 7.290e-01 2.706e-01 6.375e-05 5.931e-05 2.177e-04 -1.000 3.690e-04 -3.766 0.923 -0.779 -2.628 -3.611 -4.382 -5.384 -6.152 -6.263
0.00015547 -2.00000 10.17609 0.7518200874 2.4006254673    0.688  3.285  3.6157  0.405    8  0.549  0.390    71.97    33.96  1 -9.16e-07      0.00 7.290e-01 2.706e-01 6.375e-05 5.931e-05 2.177e-04 -1.000 3.690e-04 -3.443 0.871 -0.699 -2.436 -3.351 -4.080 -5.040 -5.787 -5.892
0.00015547 -2.00000 10.17609 0.7518201470 2.4006254673    0.688  3.135  3.6294  0.610    8  0.549  0.390    46.27    23.18  1 -4.52e-07      0.00 7.290e-01 2.706e-01 6.375e-05 5.931e-05 2.177e-04 -1.000 3.690e-04 -3.068 0.615 -0.709 -2.264 -3.079 -3.744 -4.628 -5.325 -5.420
0.00015547 -2.00000 10.17609 0.7518202662 2.4006254673    0.688  2.927  3.6483  0.894    8  0.549  0.390    25.09    13.66  1 -1.64e-07      0.00 7.290e-01 2.706e-01 6.375e-05 5.931e-05 2.177e-04 -1.000 3.691e-04 -2.548 0.324 -0.644 -1.959 -2.660 -3.253 -4.047 -4.683 -4.768
0.00015547 -2.00000 10.17609 0.7518204451 2.4006254673    0.688  2.932  3.6478  0.887    8  0.549  0.390    25.48    13.83  1 -1.68e-07      0.00 7.290e-01 2.706e-01 6.375e-05 5.931e-05 2.177e-04 -1.000 3.690e-04 -2.560 0.330 -0.646 -1.967 -2.671 -3.265 -4.062 -4.698 -4.784
0.00015547 -2.00000 10.17609 0.7518206835 2.4006257057    0.688  3.013  3.6405  0.777    8  0.550  0.390    32.31    16.98  1  -2.5e-07      0.00 7.290e-01 2.706e-01 6.375e-05 5.931e-05 2.177e-04 -1.000 3.690e-04 -2.762 0.430 -0.682 -2.093 -2.838 -3.459 -4.288 -4.948 -5.037
0.00015547 -2.00000 10.17609 0.7518209815 2.4006257057    0.688  3.167  3.6264  0.566    8  0.550  0.390    50.94    25.16  1 -5.28e-07      0.00 7.290e-01 2.706e-01 6.375e-05 5.931e-05 2.177e-04 -1.000 3.690e-04 -3.148 0.669 -0.711 -2.304 -3.139 -3.817 -4.716 -5.425 -5.522
0.00015547 -2.00000 10.17609 0.7518212795 2.4006259441    0.688  3.304  3.6139  0.379    8  0.550  0.390    76.22    35.63  1    -1e-06      0.00 7.290e-01 2.706e-01 6.375e-05 5.931e-05 2.177e-04 -1.000 3.690e-04 -3.490 0.905 -0.694 -2.454 -3.384 -4.122 -5.092 -5.845 -5.952
0.00015547 -2.00000 10.17609 0.7518216968 2.4006259441    0.688  3.395  3.6056  0.255    8  0.551  0.390    99.63    44.89  1 -1.52e-06      0.00 7.290e-01 2.706e-01 6.375e-05 5.931e-05 2.177e-04 -1.000 3.691e-04 -3.717 1.071 -0.665 -2.536 -3.536 -4.318 -5.339 -6.123 -6.237
0.00015547 -2.00000 10.17609 0.7518221140 2.4006261826    0.688  3.445  3.6011  0.187    8  0.551  0.390   115.51    50.98  0 -1.91e-06      0.00 7.290e-01 2.706e-01 6.375e-05 5.931e-05 2.177e-04 -1.000 3.691e-04 -3.843 1.167 -0.643 -2.575 -3.615 -4.424 -5.474 -6.276 -6.395
0.00015547 -2.00000 10.17609 0.7518225312 2.4006264210    0.688  3.471  3.5987  0.152    8  0.552  0.390   124.63    54.40  0 -2.14e-06      0.00 7.290e-01 2.706e-01 6.375e-05 5.931e-05 2.177e-04 -1.000 3.691e-04 -3.907 1.218 -0.630 -2.594 -3.655 -4.478 -5.543 -6.354 -6.476
0.00015547 -2.00000 10.17609 0.7518230677 2.4006266594    0.688  3.487  3.5984  0.134    8  0.552  0.390   129.56    56.21  0  -2.3e-06      0.00 7.290e-01 2.706e-01 6.375e-05 5.931e-05 2.177e-04 -1.000 3.691e-04 -3.948 1.208 -0.650 -2.624 -3.691 -4.518 -5.585 -6.397 -6.519
0.00015547 -2.00000 10.17609 0.7518250346 2.4006273746    0.554 -9.999  4.0000  1.705    9  0.554  0.000     0.00     0.00 -1    -1e-30      0.00 7.290e-01 2.706e-01 6.375e-05 5.931e-05 2.177e-04 -1.000 3.690e-04 29.767 29.804 30.050 30.100 30.093 30.084 30.127 30.123 30.138
#isochrone terminated
