# File generated by CMD 3.3 (http://stev.oapd.inaf.it/cmd) on Wed May 20 08:47:32 CEST 2020
# isochrones based on PARSEC release v1.2S +  COLIBRI S_35
# Basic references: Bressan et al. (2012), MNRAS, 427, 127 + Chen et al. (2014, 2015), MNRAS, 444, 2525 + MNRAS, 452, 1068 + Tang et al. (2014), MNRAS, 445, 4287 + Marigo et al. (2017), ApJ, 835, 77 + Pastorelli al. (2019), MNRAS in press
# Thermal pulse cycles included 
# On RGB, assumed Reimers mass loss with efficiency eta=0.2
# Photometric system: <i>UBVRIJHK</i> (cf. Maiz-Apellaniz 2006 + Bessell 1990)
# Using YBC version of bolometric corrections as in Chen et al. (2019)
# O-rich circumstellar dpmod60alox40 dust from Groenewegen (2006)
# C-rich circumstellar AMCSIC15 dust from Groenewegen (2006)
# IMF: Kroupa (2001, 2002) + Kroupa et al. (2013) canonical two-part-power law IMF corrected for unresolved binaries 
# Kind of output: isochrone tables
# Zini     MH   logAge Mini        int_IMF         Mass   logL    logTe  logg  label   McoreTP C_O  period0 period1 pmode  Mloss  tau1m   X   Y   Xc  Xn  Xo  Cexcess  Z 	 mbolmag  Umag    Bmag    Vmag    Rmag    Imag    Jmag    Hmag    Kmag
0.00015547 -2.00000 10.20412 0.0936335474 1.1156111956    0.094 -3.042  3.5147  5.461    1  0.000  0.545     0.00     0.00 -1 -3.55e-30      0.00 7.461e-01 2.537e-01 2.943e-05 7.939e-06 7.201e-05 -1.000 1.636e-04 12.374 18.164 15.992 14.105 12.792 11.597 10.492 10.206 10.130
0.00015547 -2.00000 10.20412 0.0954857394 1.1322510242    0.095 -2.984  3.5226  5.444    1  0.000  0.545     0.00     0.00 -1  -4.6e-30      0.00 7.455e-01 2.543e-01 2.943e-05 7.939e-06 7.201e-05 -1.000 1.636e-04 12.231 17.705 15.690 13.851 12.592 11.463 10.376 10.054 9.964
0.00015547 -2.00000 10.20412 0.1035686582 1.2002434731    0.103 -2.746  3.5557  5.373    1  0.000  0.545     0.00     0.00 -1 -2.41e-30      0.00 7.429e-01 2.570e-01 2.943e-05 7.939e-06 7.201e-05 -1.000 1.636e-04 11.636 15.916 14.449 12.869 11.785 10.898 9.898 9.460 9.333
0.00015547 -2.00000 10.20412 0.1234388798 1.3415665627    0.123 -2.470  3.5834  5.284    1  0.000  0.545     0.00     0.00 -1 -5.34e-30      0.00 7.387e-01 2.611e-01 2.943e-05 7.940e-06 7.201e-05 -1.000 1.636e-04 10.944 14.384 13.278 11.919 10.969 10.219 9.302 8.799 8.650
0.00015547 -2.00000 10.20412 0.1433091164 1.4560320377    0.143 -2.290  3.5969  5.223    1  0.000  0.545     0.00     0.00 -1    -6e-30      0.00 7.362e-01 2.636e-01 2.943e-05 7.940e-06 7.201e-05 -1.000 1.636e-04 10.495 13.581 12.625 11.361 10.478 9.773 8.896 8.374 8.213
0.00015547 -2.00000 10.20412 0.1631793380 1.5515257120    0.163 -2.150  3.6056  5.174    1  0.000  0.545     0.00     0.00 -1 -2.48e-29      0.00 7.350e-01 2.648e-01 2.943e-05 7.940e-06 7.201e-05 -1.000 1.637e-04 10.146 13.024 12.155 10.947 10.105 9.425 8.574 8.045 7.878
0.00015547 -2.00000 10.20412 0.2029198259 1.7036917210    0.203 -1.937  3.6171  5.103    1  0.000  0.545     0.00     0.00 -1 -5.45e-26      0.00 7.347e-01 2.651e-01 2.943e-05 7.940e-06 7.201e-05 -1.000 1.636e-04 9.614 12.233 11.472 10.331 9.541 8.892 8.076 7.543 7.373
0.00015547 -2.00000 10.20412 0.2525954247 1.8468697071    0.252 -1.744  3.6278  5.047    1  0.000  0.545     0.00     0.00 -1 -1.05e-26      0.00 7.350e-01 2.648e-01 2.943e-05 7.940e-06 7.201e-05 -1.000 1.637e-04 9.130 11.528 10.859 9.774 9.030 8.408 7.624 7.092 6.926
0.00015547 -2.00000 10.20412 0.3022710085 1.9574397802    0.302 -1.595  3.6368  5.012    1  0.000  0.545     0.00     0.00 -1    -1e-30      0.00 7.348e-01 2.650e-01 2.942e-05 7.941e-06 7.201e-05 -1.000 1.638e-04 8.757 10.979 10.385 9.343 8.635 8.035 7.276 6.751 6.590
0.00015547 -2.00000 10.20412 0.3519465625 2.0465965271    0.352 -1.470  3.6450  4.986    1  0.000  0.544     0.00     0.00 -1    -1e-30      0.00 7.347e-01 2.651e-01 2.939e-05 7.943e-06 7.201e-05 -1.000 1.636e-04 8.445 10.511 9.984 8.980 8.302 7.721 6.987 6.470 6.315
0.00015547 -2.00000 10.20412 0.4016221464 2.1207315922    0.401 -1.339  3.6543  4.949    1  0.000  0.545     0.00     0.00 -1    -1e-30      0.00 7.500e-01 2.498e-01 2.943e-05 7.939e-06 7.201e-05 -1.000 1.636e-04 8.116 10.015 9.563 8.599 7.953 7.394 6.685 6.179 6.032
0.00015547 -2.00000 10.20412 0.4512977004 2.1838121414    0.451 -1.179  3.6698  4.902    1  0.000  0.545     0.00     0.00 -1    -1e-30      0.00 7.507e-01 2.491e-01 2.943e-05 7.939e-06 7.201e-05 -1.000 1.636e-04 7.718 9.340 9.017 8.120 7.525 6.999 6.335 5.849 5.717
0.00015547 -2.00000 10.20412 0.5009732842 2.2384552956    0.501 -0.999  3.6878  4.840    1  0.000  0.545     0.00     0.00 -1  -4.4e-30      0.00 7.516e-01 2.482e-01 2.937e-05 7.923e-06 7.186e-05 -1.000 1.636e-04 7.267 8.592 8.414 7.590 7.049 6.559 5.945 5.487 5.371
0.00015547 -2.00000 10.20412 0.5506489277 2.2841949463    0.550 -0.773  3.7098  4.742    1  0.000  0.544     0.00     0.00 -1 -1.95e-30      0.00 7.962e-01 2.037e-01 2.442e-05 6.593e-06 5.984e-05 -1.000 1.438e-04 6.701 7.703 7.685 6.950 6.466 6.017 5.462 5.040 4.943
0.00015547 -2.00000 10.20412 0.5619468689 2.2933082581    0.561 -0.717  3.7165  4.723    1  0.000  0.544     0.00     0.00 -1 -1.06e-30      0.00 8.000e-01 1.999e-01 2.401e-05 6.485e-06 5.887e-05 -1.000 1.409e-04 6.564 7.480 7.502 6.795 6.326 5.889 5.352 4.941 4.849
0.00015547 -2.00000 10.20412 0.6003244519 2.3213412762    0.600 -0.537  3.7387  4.660    1  0.000  0.543     0.00     0.00 -1 -1.28e-30      0.00 8.127e-01 1.872e-01 2.266e-05 6.126e-06 5.564e-05 -1.000 1.069e-04 6.111 6.780 6.918 6.296 5.874 5.475 4.994 4.618 4.542
0.00015547 -2.00000 10.20412 0.6071409583 2.3258960247    0.607 -0.502  3.7431  4.647    1  0.000  0.543     0.00     0.00 -1 -2.73e-28      0.00 8.156e-01 1.843e-01 2.237e-05 6.047e-06 5.493e-05 -1.000 7.170e-05 6.024 6.651 6.808 6.201 5.789 5.398 4.926 4.556 4.484
0.00015547 -2.00000 10.20412 0.6160475016 2.3316729069    0.616 -0.455  3.7488  4.629    1  0.000  0.543     0.00     0.00 -1 -2.82e-25      0.00 8.194e-01 1.805e-01 2.197e-05 5.940e-06 5.397e-05 -1.000 9.656e-05 5.908 6.484 6.663 6.077 5.676 5.295 4.836 4.473 4.406
0.00015547 -2.00000 10.20412 0.6245272160 2.3369972706    0.624 -0.410  3.7541  4.612    1  0.000  0.542     0.00     0.00 -1 -1.94e-22      0.00 8.233e-01 1.766e-01 2.157e-05 5.833e-06 5.301e-05 -1.000 1.089e-04 5.795 6.326 6.524 5.958 5.568 5.197 4.749 4.392 4.330
0.00015547 -2.00000 10.20412 0.6326350570 2.3419351578    0.632 -0.366  3.7591  4.593    1  0.000  0.542     0.00     0.00 -1 -4.47e-20      0.00 8.271e-01 1.728e-01 2.117e-05 5.727e-06 5.206e-05 -1.000 1.139e-04 5.685 6.173 6.389 5.842 5.463 5.100 4.663 4.312 4.255
0.00015547 -2.00000 10.20412 0.6399740577 2.3462808132    0.640 -0.325  3.7635  4.575    1  0.000  0.542     0.00     0.00 -1 -3.66e-24      0.00 8.307e-01 1.692e-01 2.079e-05 5.628e-06 5.117e-05 -1.000 8.826e-05 5.582 6.039 6.268 5.736 5.366 5.010 4.582 4.237 4.184
0.00015547 -2.00000 10.20412 0.6470627785 2.3503708839    0.647 -0.284  3.7678  4.556    1  0.000  0.542     0.00     0.00 -1 -1.05e-30      0.00 8.343e-01 1.656e-01 2.042e-05 5.528e-06 5.027e-05 -1.000 9.024e-05 5.480 5.908 6.147 5.631 5.269 4.920 4.501 4.161 4.111
0.00015547 -2.00000 10.20412 0.6499999762 2.3520355225    0.650 -0.266  3.7695  4.547    1  0.000  0.541     0.00     0.00 -1    -1e-30      0.00 8.358e-01 1.641e-01 2.026e-05 5.485e-06 4.989e-05 -1.000 1.222e-04 5.436 5.852 6.096 5.586 5.227 4.881 4.466 4.127 4.080
0.00015547 -2.00000 10.20412 0.6575904489 2.3562581539    0.657 -0.220  3.7740  4.523    1  0.000  0.541     0.00     0.00 -1 -4.33e-28      0.00 8.408e-01 1.590e-01 1.973e-05 5.346e-06 4.864e-05 -1.000 1.501e-04 5.319 5.708 5.961 5.466 5.116 4.777 4.370 4.037 3.993
0.00015547 -2.00000 10.20412 0.6655938029 2.3605909348    0.665 -0.167  3.7787  4.495    1  0.000  0.540     0.00     0.00 -1 -2.49e-25      0.00 8.463e-01 1.535e-01 1.916e-05 5.193e-06 4.726e-05 -1.000 1.413e-04 5.187 5.549 5.811 5.332 4.991 4.660 4.262 3.935 3.895
0.00015547 -2.00000 10.20412 0.6728683710 2.3644266129    0.672 -0.116  3.7830  4.466    1  0.000  0.540     0.00     0.00 -1 -7.77e-23      0.00 8.515e-01 1.484e-01 1.863e-05 5.051e-06 4.600e-05 -1.000 1.052e-04 5.060 5.400 5.666 5.202 4.869 4.546 4.157 3.836 3.799
0.00015547 -2.00000 10.20412 0.6801186800 2.3681554794    0.680 -0.061  3.7872  4.432    1  0.000  0.539     0.00     0.00 -1 -1.88e-20      0.00 8.565e-01 1.434e-01 1.812e-05 4.915e-06 4.477e-05 -1.000 1.128e-04 4.924 5.246 5.513 5.063 4.739 4.422 4.042 3.727 3.694
0.00015547 -2.00000 10.20412 0.6865841150 2.3714046478    0.686 -0.009  3.7907  4.398    1  0.000  0.539     0.00     0.00 -1 -7.37e-25      0.00 8.609e-01 1.390e-01 1.768e-05 4.799e-06 4.374e-05 -1.000 1.195e-04 4.792 5.100 5.367 4.929 4.612 4.301 3.929 3.620 3.589
0.00015547 -2.00000 10.20412 0.6928260922 2.3744752407    0.692  0.046  3.7940  4.360    1  0.000  0.538     0.00     0.00 -1 -2.15e-30      0.00 8.648e-01 1.351e-01 1.729e-05 4.698e-06 4.284e-05 -1.000 9.832e-05 4.654 4.951 5.216 4.789 4.478 4.173 3.808 3.504 3.476
0.00015547 -2.00000 10.20412 0.6985012293 2.3772125244    0.698  0.100  3.7968  4.321    1  0.000  0.538     0.00     0.00 -1    -1e-30      0.00 8.676e-01 1.323e-01 1.702e-05 4.627e-06 4.220e-05 -1.000 9.981e-05 4.520 4.808 5.070 4.652 4.347 4.047 3.688 3.389 3.363
0.00015547 -2.00000 10.20412 0.6999999881 2.3779268265    0.699  0.115  3.7975  4.309    1  0.000  0.538     0.00     0.00 -1    -1e-30      0.00 8.679e-01 1.320e-01 1.699e-05 4.620e-06 4.214e-05 -1.000 9.997e-05 4.482 4.768 5.029 4.613 4.310 4.011 3.653 3.356 3.330
0.00015547 -2.00000 10.20412 0.7041736841 2.3798975945    0.704  0.158  3.7993  4.277    1  0.000  0.537     0.00     0.00 -1 -3.09e-29      0.00 8.680e-01 1.319e-01 1.700e-05 4.627e-06 4.221e-05 -1.000 9.884e-05 4.375 4.655 4.913 4.504 4.204 3.909 3.555 3.261 3.236
0.00015547 -2.00000 10.20412 0.7090544105 2.3821685314    0.708  0.213  3.8010  4.231    1  0.000  0.536     0.00     0.00 -1 -1.71e-27      0.00 8.683e-01 1.316e-01 1.699e-05 4.630e-06 4.226e-05 -1.000 1.001e-04 4.237 4.514 4.766 4.363 4.067 3.776 3.425 3.135 3.111
0.00015547 -2.00000 10.20412 0.7132911682 2.3841109276    0.713  0.266  3.8019  4.184    1  0.000  0.535     0.00     0.00 -1 -5.62e-26      0.00 8.686e-01 1.313e-01 1.698e-05 4.634e-06 4.231e-05 -1.000 1.000e-04 4.104 4.381 4.628 4.228 3.935 3.645 3.297 3.008 2.985
0.00015547 -2.00000 10.20412 0.7142776847 2.3845593929    0.714  0.280  3.8020  4.172    1  0.000  0.535     0.00     0.00 -1 -1.27e-25      0.00 8.686e-01 1.313e-01 1.698e-05 4.635e-06 4.232e-05 -1.000 1.000e-04 4.071 4.349 4.594 4.195 3.902 3.612 3.264 2.976 2.952
0.00015547 -2.00000 10.20412 0.7156087756 2.3851623535    0.715  0.299  3.8018  4.152    1  0.000  0.535     0.00     0.00 -1 -3.82e-25      0.00 8.687e-01 1.312e-01 1.698e-05 4.637e-06 4.234e-05 -1.000 1.000e-04 4.022 4.302 4.545 4.146 3.853 3.563 3.215 2.926 2.903
0.00015547 -2.00000 10.20412 0.7192236185 2.3867864609    0.718  0.356  3.8001  4.091    1  0.000  0.534     0.00     0.00 -1  -7.7e-24      0.00 8.689e-01 1.310e-01 1.698e-05 4.641e-06 4.238e-05 -1.000 9.984e-05 3.881 4.167 4.406 4.005 3.709 3.417 3.064 2.773 2.749
0.00015547 -2.00000 10.20412 0.7217516303 2.3879113197    0.721  0.401  3.7974  4.036    1  0.000  0.534     0.00     0.00 -1 -6.42e-23      0.00 8.690e-01 1.309e-01 1.698e-05 4.643e-06 4.241e-05 -1.000 9.997e-05 3.767 4.065 4.301 3.892 3.592 3.296 2.937 2.641 2.616
0.00015547 -2.00000 10.20412 0.7222905755 2.3881499767    0.721  0.411  3.7966  4.023    1  0.000  0.534     0.00     0.00 -1 -1.01e-22      0.00 8.690e-01 1.309e-01 1.697e-05 4.644e-06 4.242e-05 -1.000 1.000e-04 3.742 4.042 4.278 3.867 3.566 3.269 2.908 2.610 2.584
0.00015547 -2.00000 10.20412 0.7232726216 2.3885836601    0.722  0.433  3.7943  3.993    2  0.000  0.533     0.00     0.00 -1 -2.34e-22      0.00 8.691e-01 1.308e-01 1.697e-05 4.645e-06 4.243e-05 -1.000 1.000e-04 3.688 3.997 4.231 3.815 3.509 3.209 2.843 2.541 2.514
0.00015547 -2.00000 10.20412 0.7248778939 2.3892898560    0.724  0.471  3.7894  3.936    2  0.000  0.533     0.00     0.00 -1 -9.28e-22      0.00 8.687e-01 1.312e-01 1.704e-05 4.666e-06 4.263e-05 -1.000 9.996e-05 3.592 3.920 4.151 3.722 3.408 3.099 2.722 2.411 2.381
0.00015547 -2.00000 10.20412 0.7261284590 2.3898372650    0.725  0.507  3.7834  3.877    2  0.000  0.533     0.00     0.00 -1 -2.77e-21      0.00 8.664e-01 1.335e-01 1.736e-05 4.752e-06 4.342e-05 -1.000 1.040e-04 3.503 3.857 4.084 3.638 3.313 2.995 2.604 2.283 2.249
0.00015547 -2.00000 10.20412 0.7271297574 2.3902742863    0.726  0.540  3.7768  3.818    2  0.000  0.533     0.00     0.00 -1 -6.77e-21      0.00 8.590e-01 1.408e-01 1.824e-05 4.993e-06 4.560e-05 -1.000 1.289e-04 3.420 3.804 4.025 3.560 3.223 2.894 2.489 2.156 2.118
0.00015547 -2.00000 10.20412 0.7279577255 2.3906345367    0.727  0.572  3.7701  3.760    2  0.000  0.534     0.00     0.00 -1 -1.44e-20      0.00 8.418e-01 1.581e-01 2.014e-05 5.508e-06 5.026e-05 -1.000 1.420e-04 3.340 3.759 3.972 3.486 3.137 2.797 2.377 2.033 1.991
0.00015547 -2.00000 10.20412 0.7286747098 2.3909456730    0.728  0.604  3.7634  3.702    2  0.000  0.536     0.00     0.00 -1  -2.8e-20      0.00 8.189e-01 1.809e-01 2.248e-05 6.138e-06 5.594e-05 -1.000 1.447e-04 3.261 3.717 3.921 3.414 3.053 2.703 2.267 1.912 1.865
0.00015547 -2.00000 10.20412 0.7293151021 2.3912229538    0.728  0.638  3.7569  3.642    2  0.000  0.537     0.00     0.00 -1 -5.15e-20      0.00 8.009e-01 1.989e-01 2.424e-05 6.609e-06 6.016e-05 -1.000 1.222e-04 3.176 3.672 3.865 3.337 2.964 2.603 2.152 1.786 1.734
0.00015547 -2.00000 10.20412 0.7298252583 2.3914434910    0.729  0.671  3.7519  3.589    2  0.000  0.538     0.00     0.00 -1 -8.52e-20      0.00 7.908e-01 2.091e-01 2.521e-05 6.870e-06 6.249e-05 -1.000 1.251e-04 3.093 3.622 3.805 3.261 2.879 2.509 2.047 1.672 1.617
0.00015547 -2.00000 10.20412 0.7303379178 2.3916647434    0.729  0.711  3.7474  3.532    2  0.000  0.538     0.00     0.00 -1 -1.44e-19      0.00 7.836e-01 2.162e-01 2.590e-05 7.055e-06 6.414e-05 -1.000 1.526e-04 2.993 3.553 3.726 3.167 2.776 2.400 1.927 1.545 1.486
0.00015547 -2.00000 10.20412 0.7307556868 2.3918447495    0.730  0.749  3.7444  3.482    2  0.000  0.539     0.00     0.00 -1 -2.23e-19      0.00 7.794e-01 2.204e-01 2.630e-05 7.162e-06 6.510e-05 -1.000 1.636e-04 2.898 3.480 3.646 3.078 2.681 2.299 1.819 1.432 1.371
0.00015547 -2.00000 10.20412 0.7309756875 2.3919396400    0.730  0.770  3.7429  3.454    2  0.000  0.539     0.00     0.00 -1 -2.83e-19      0.00 7.776e-01 2.222e-01 2.647e-05 7.208e-06 6.551e-05 -1.000 1.637e-04 2.844 3.437 3.599 3.026 2.627 2.242 1.758 1.369 1.306
0.00015547 -2.00000 10.20412 0.7312546968 2.3920595646    0.730  0.800  3.7414  3.419    3  0.000  0.539     0.00     0.00 -1 -3.82e-19      0.00 7.758e-01 2.241e-01 2.664e-05 7.253e-06 6.592e-05 -1.000 1.636e-04 2.770 3.375 3.532 2.955 2.553 2.166 1.678 1.286 1.223
0.00015547 -2.00000 10.20412 0.7316200733 2.3922166824    0.730  0.840  3.7396  3.372    3  0.000  0.539     0.00     0.00 -1 -5.67e-19      0.00 7.735e-01 2.263e-01 2.684e-05 7.306e-06 6.639e-05 -1.000 1.637e-04 2.671 3.289 3.441 2.858 2.453 2.063 1.570 1.174 1.110
0.00015547 -2.00000 10.20412 0.7319875956 2.3923742771    0.731  0.882  3.7379  3.323    3  0.000  0.539     0.00     0.00 -1 -8.53e-19      0.00 7.715e-01 2.283e-01 2.700e-05 7.351e-06 6.679e-05 -1.000 1.401e-04 2.564 3.198 3.343 2.755 2.347 1.954 1.456 1.057 0.991
0.00015547 -2.00000 10.20412 0.7323390841 2.3925251961    0.731  0.926  3.7365  3.274    3  0.000  0.539     0.00     0.00 -1 -1.27e-18      0.00 7.698e-01 2.300e-01 2.713e-05 7.386e-06 6.710e-05 -1.000 1.636e-04 2.456 3.102 3.242 2.650 2.239 1.844 1.342 0.939 0.873
0.00015547 -2.00000 10.20412 0.7327120900 2.3926849365    0.731  0.975  3.7350  3.220    3  0.000  0.539     0.00     0.00 -1 -1.96e-18      0.00 7.681e-01 2.317e-01 2.725e-05 7.418e-06 6.739e-05 -1.000 1.637e-04 2.334 2.992 3.127 2.530 2.117 1.720 1.213 0.806 0.739
0.00015547 -2.00000 10.20412 0.7330245972 2.3928184509    0.732  1.019  3.7337  3.170    3  0.000  0.539     0.00     0.00 -1 -2.83e-18      0.00 7.667e-01 2.331e-01 2.734e-05 7.442e-06 6.761e-05 -1.000 1.637e-04 2.223 2.893 3.023 2.423 2.007 1.608 1.097 0.687 0.619
0.00015547 -2.00000 10.20412 0.7333403826 2.3929533958    0.732  1.067  3.7324  3.117    3  0.000  0.539     0.00     0.00 -1 -4.17e-18      0.00 7.654e-01 2.344e-01 2.741e-05 7.464e-06 6.780e-05 -1.000 1.637e-04 2.103 2.784 2.909 2.304 1.887 1.485 0.970 0.556 0.489
0.00015547 -2.00000 10.20412 0.7336497903 2.3930857182    0.732  1.119  3.7309  3.059    3  0.000  0.539     0.00     0.00 -1 -6.16e-18      0.00 7.642e-01 2.357e-01 2.748e-05 7.484e-06 6.798e-05 -1.000 1.636e-04 1.973 2.666 2.786 2.178 1.758 1.354 0.834 0.417 0.348
0.00015547 -2.00000 10.20412 0.7338992357 2.3931920528    0.732  1.165  3.7296  3.008    3  0.000  0.539     0.00     0.00 -1 -8.54e-18      0.00 7.632e-01 2.366e-01 2.753e-05 7.498e-06 6.810e-05 -1.000 1.637e-04 1.858 2.562 2.678 2.065 1.643 1.237 0.714 0.293 0.224
0.00015547 -2.00000 10.20412 0.7341396213 2.3932945728    0.732  1.213  3.7283  2.955    3  0.000  0.539     0.00     0.00 -1 -1.18e-17      0.00 7.623e-01 2.375e-01 2.757e-05 7.511e-06 6.821e-05 -1.000 1.636e-04 1.737 2.455 2.564 1.947 1.523 1.115 0.587 0.163 0.093
0.00015547 -2.00000 10.20412 0.7343553901 2.3933863640    0.732  1.261  3.7269  2.902    3  0.000  0.539     0.00     0.00 -1 -1.61e-17      0.00 7.616e-01 2.383e-01 2.759e-05 7.522e-06 6.830e-05 -1.000 1.592e-04 1.618 2.349 2.452 1.831 1.404 0.994 0.463 0.035 -0.035
0.00015547 -2.00000 10.20412 0.7345506549 2.3934695721    0.732  1.308  3.7255  2.849    3  0.000  0.539     0.00     0.00 -1 -2.14e-17      0.00 7.609e-01 2.389e-01 2.761e-05 7.531e-06 6.837e-05 -1.000 1.377e-04 1.500 2.245 2.342 1.716 1.287 0.874 0.339 -0.092 -0.163
0.00015547 -2.00000 10.20412 0.7347252965 2.3935439587    0.733  1.354  3.7240  2.797    3  0.000  0.538     0.00     0.00 -1  -2.8e-17      0.00 7.604e-01 2.394e-01 2.762e-05 7.538e-06 6.842e-05 -1.000 1.493e-04 1.385 2.143 2.234 1.604 1.172 0.757 0.217 -0.217 -0.289
0.00015547 -2.00000 10.20412 0.7348904014 2.3936140537    0.733  1.402  3.7226  2.743    3  0.000  0.538     0.00     0.00 -1 -3.66e-17      0.00 7.599e-01 2.399e-01 2.763e-05 7.545e-06 6.847e-05 -1.000 1.636e-04 1.264 2.036 2.121 1.486 1.052 0.635 0.091 -0.347 -0.419
0.00015547 -2.00000 10.20412 0.7350369692 2.3936762810    0.733  1.449  3.7211  2.690    3  0.000  0.538     0.00     0.00 -1 -4.69e-17      0.00 7.596e-01 2.402e-01 2.764e-05 7.551e-06 6.850e-05 -1.000 1.637e-04 1.147 1.932 2.012 1.372 0.935 0.516 -0.033 -0.474 -0.547
0.00015547 -2.00000 10.20412 0.7351671457 2.3937315941    0.733  1.495  3.7195  2.638    3  0.000  0.538     0.00     0.00 -1 -5.92e-17      0.00 7.594e-01 2.405e-01 2.764e-05 7.555e-06 6.853e-05 -1.000 1.637e-04 1.033 1.832 1.906 1.261 0.822 0.400 -0.153 -0.599 -0.672
0.00015547 -2.00000 10.20412 0.7352849841 2.3937816620    0.732  1.540  3.7180  2.587    3  0.000  0.538     0.00     0.00 -1 -7.38e-17      0.00 7.592e-01 2.407e-01 2.764e-05 7.558e-06 6.854e-05 -1.000 1.377e-04 0.919 1.734 1.801 1.151 0.709 0.285 -0.273 -0.722 -0.796
0.00015547 -2.00000 10.20412 0.7353954315 2.3938286304    0.732  1.587  3.7165  2.534    3  0.000  0.538     0.00     0.00 -1 -9.18e-17      0.00 7.591e-01 2.408e-01 2.764e-05 7.560e-06 6.855e-05 -1.000 1.636e-04 0.803 1.633 1.694 1.039 0.594 0.167 -0.395 -0.848 -0.923
0.00015547 -2.00000 10.20412 0.7354928851 2.3938698769    0.732  1.632  3.7149  2.483    3  0.000  0.538     0.00     0.00 -1 -1.13e-16      0.00 7.590e-01 2.408e-01 2.764e-05 7.560e-06 6.856e-05 -1.000 1.637e-04 0.691 1.538 1.592 0.931 0.483 0.053 -0.514 -0.971 -1.046
0.00015547 -2.00000 10.20412 0.7355829477 2.3939082623    0.732  1.677  3.7133  2.431    3  0.000  0.538     0.00     0.00 -1 -1.37e-16      0.00 7.590e-01 2.408e-01 2.764e-05 7.561e-06 6.856e-05 -1.000 1.636e-04 0.578 1.445 1.488 0.821 0.370 -0.063 -0.634 -1.095 -1.170
0.00015547 -2.00000 10.20412 0.7356655598 2.3939433098    0.732  1.722  3.7117  2.379    3  0.000  0.538     0.00     0.00 -1 -1.66e-16      0.00 7.590e-01 2.408e-01 2.764e-05 7.561e-06 6.856e-05 -1.000 1.637e-04 0.464 1.351 1.385 0.711 0.257 -0.178 -0.754 -1.219 -1.295
0.00015547 -2.00000 10.20412 0.7357388735 2.3939743042    0.732  1.766  3.7101  2.329    3  0.000  0.538     0.00     0.00 -1 -1.06e-21      0.00 7.590e-01 2.408e-01 2.764e-05 7.561e-06 6.856e-05 -1.000 1.636e-04 0.354 1.261 1.286 0.605 0.148 -0.291 -0.871 -1.340 -1.417
0.00015547 -2.00000 10.20412 0.7358067036 2.3940031528    0.732  1.810  3.7085  2.278    3  0.000  0.538     0.00     0.00 -1 -9.03e-25      0.00 7.590e-01 2.408e-01 2.764e-05 7.561e-06 6.856e-05 -1.000 1.637e-04 0.244 1.173 1.187 0.499 0.038 -0.403 -0.988 -1.461 -1.539
0.00015547 -2.00000 10.20412 0.7358718514 2.3940305710    0.732  1.856  3.7068  2.225    3  0.000  0.538     0.00     0.00 -1 -1.85e-25      0.00 7.590e-01 2.408e-01 2.764e-05 7.561e-06 6.856e-05 -1.000 1.637e-04 0.129 1.081 1.084 0.389 -0.076 -0.520 -1.110 -1.587 -1.666
0.00015547 -2.00000 10.20412 0.7359275818 2.3940541744    0.732  1.899  3.7051  2.175    3  0.000  0.538     0.00     0.00 -1 -1.97e-25      0.00 7.590e-01 2.408e-01 2.764e-05 7.561e-06 6.856e-05 -1.000 1.636e-04 0.022 0.996 0.989 0.286 -0.182 -0.629 -1.225 -1.706 -1.785
0.00015547 -2.00000 10.20412 0.7359790206 2.3940761089    0.732  1.942  3.7034  2.126    3  0.000  0.538     0.00     0.00 -1 -2.09e-25      0.00 7.590e-01 2.409e-01 2.764e-05 7.561e-06 6.856e-05 -1.000 1.637e-04 -0.086 0.911 0.894 0.183 -0.289 -0.739 -1.339 -1.825 -1.905
0.00015547 -2.00000 10.20412 0.7360282540 2.3940968513    0.732  1.987  3.7017  2.074    3  0.000  0.538     0.00     0.00 -1 -2.22e-25      0.00 7.590e-01 2.409e-01 2.764e-05 7.561e-06 6.856e-05 -1.000 1.637e-04 -0.197 0.823 0.796 0.077 -0.399 -0.852 -1.458 -1.947 -2.028
0.00015547 -2.00000 10.20412 0.7360712290 2.3941152096    0.731  2.028  3.7000  2.026    3  0.000  0.538     0.00     0.00 -1 -2.34e-25      0.00 7.590e-01 2.409e-01 2.764e-05 7.562e-06 6.856e-05 -1.000 1.636e-04 -0.301 0.741 0.705 -0.022 -0.501 -0.958 -1.569 -2.063 -2.145
0.00015547 -2.00000 10.20412 0.7361114621 2.3941321373    0.731  2.070  3.6983  1.978    3  0.000  0.538     0.00     0.00 -1 -2.48e-25      0.00 7.590e-01 2.409e-01 2.764e-05 7.562e-06 6.857e-05 -1.000 1.637e-04 -0.404 0.665 0.616 -0.120 -0.603 -1.062 -1.679 -2.177 -2.260
0.00015547 -2.00000 10.20412 0.7361533046 2.3941497803    0.731  2.113  3.6967  1.928    3  0.000  0.538     0.00     0.00 -1 -2.62e-25      0.00 7.590e-01 2.409e-01 2.764e-05 7.562e-06 6.857e-05 -1.000 1.637e-04 -0.512 0.585 0.521 -0.222 -0.710 -1.172 -1.794 -2.297 -2.380
0.00015547 -2.00000 10.20412 0.7361996770 2.3941695690    0.731  2.149  3.6952  1.885    3  0.000  0.538     0.00     0.00 -1 -2.75e-25      0.00 7.590e-01 2.409e-01 2.764e-05 7.562e-06 6.857e-05 -1.000 1.636e-04 -0.603 0.519 0.443 -0.309 -0.800 -1.265 -1.892 -2.398 -2.482
0.00015547 -2.00000 10.20412 0.7362133265 2.3941752911    0.731  2.149  3.6953  1.887    3  0.000  0.538     0.00     0.00 -1 -2.76e-25      0.00 7.590e-01 2.409e-01 2.764e-05 7.562e-06 6.857e-05 -1.000 1.637e-04 -0.602 0.518 0.444 -0.308 -0.798 -1.263 -1.889 -2.395 -2.479
0.00015547 -2.00000 10.20412 0.7362162471 2.3941764832    0.731  2.152  3.6952  1.883    3  0.000  0.538     0.00     0.00 -1 -2.77e-25      0.00 7.590e-01 2.409e-01 2.764e-05 7.562e-06 6.857e-05 -1.000 1.636e-04 -0.609 0.513 0.437 -0.315 -0.806 -1.272 -1.898 -2.404 -2.488
0.00015547 -2.00000 10.20412 0.7362799048 2.3942034245    0.731  2.234  3.6917  1.786    3  0.000  0.538     0.00     0.00 -1 -3.08e-25      0.00 7.590e-01 2.409e-01 2.764e-05 7.562e-06 6.857e-05 -1.000 1.637e-04 -0.816 0.364 0.261 -0.510 -1.010 -1.482 -2.119 -2.634 -2.720
0.00015547 -2.00000 10.20412 0.7363047004 2.3942139149    0.730  2.273  3.6899  1.740    3  0.000  0.538     0.00     0.00 -1 -3.23e-25      0.00 7.590e-01 2.409e-01 2.764e-05 7.562e-06 6.857e-05 -1.000 1.636e-04 -0.914 0.296 0.179 -0.602 -1.106 -1.581 -2.224 -2.744 -2.830
0.00015547 -2.00000 10.20412 0.7363280654 2.3942239285    0.730  2.315  3.6881  1.691    3  0.000  0.538     0.00     0.00 -1 -3.39e-25      0.00 7.590e-01 2.409e-01 2.764e-05 7.562e-06 6.857e-05 -1.000 1.637e-04 -1.017 0.227 0.094 -0.698 -1.207 -1.686 -2.335 -2.860 -2.947
0.00015547 -2.00000 10.20412 0.7363496423 2.3942329884    0.730  2.356  3.6863  1.643    3  0.000  0.538     0.00     0.00 -1 -3.55e-25      0.00 7.590e-01 2.409e-01 2.764e-05 7.562e-06 6.857e-05 -1.000 1.636e-04 -1.119 0.158 0.009 -0.793 -1.307 -1.790 -2.445 -2.974 -3.062
0.00015547 -2.00000 10.20412 0.7363693714 2.3942413330    0.730  2.396  3.6844  1.595    3  0.000  0.538     0.00     0.00 -1 -3.71e-25      0.00 7.590e-01 2.409e-01 2.764e-05 7.562e-06 6.857e-05 -1.000 1.636e-04 -1.220 0.146 -0.058 -0.890 -1.411 -1.897 -2.558 -3.093 -3.178
0.00015547 -2.00000 10.20412 0.7363886833 2.3942494392    0.730  2.439  3.6824  1.544    3  0.000  0.538     0.00     0.00 -1 -3.88e-25      0.00 7.589e-01 2.409e-01 2.764e-05 7.562e-06 6.857e-05 -1.000 1.637e-04 -1.327 0.116 -0.133 -0.991 -1.520 -2.009 -2.676 -3.216 -3.300
0.00015547 -2.00000 10.20412 0.7364062071 2.3942568302    0.729  2.480  3.6804  1.494    3  0.000  0.538     0.00     0.00 -1 -4.06e-25      0.00 7.589e-01 2.409e-01 2.764e-05 7.562e-06 6.857e-05 -1.000 1.637e-04 -1.431 0.015 -0.226 -1.084 -1.616 -2.111 -2.784 -3.331 -3.418
0.00015547 -2.00000 10.20412 0.7364218831 2.3942635059    0.729  2.520  3.6785  1.447    3  0.000  0.538     0.00     0.00 -1 -4.24e-25      0.00 7.589e-01 2.409e-01 2.764e-05 7.562e-06 6.857e-05 -1.000 1.636e-04 -1.531 -0.017 -0.294 -1.175 -1.714 -2.214 -2.893 -3.444 -3.531
0.00015547 -2.00000 10.20412 0.7364374995 2.3942701817    0.729  2.563  3.6764  1.395    3  0.000  0.538     0.00     0.00 -1 -4.43e-25      0.00 7.589e-01 2.409e-01 2.764e-05 7.562e-06 6.857e-05 -1.000 1.636e-04 -1.637 -0.044 -0.365 -1.271 -1.819 -2.324 -3.010 -3.567 -3.653
0.00015547 -2.00000 10.20412 0.7364513278 2.3942761421    0.728  2.603  3.6744  1.347    3  0.000  0.538     0.00     0.00 -1 -4.62e-25      0.00 7.589e-01 2.409e-01 2.764e-05 7.562e-06 6.857e-05 -1.000 1.637e-04 -1.738 -0.063 -0.428 -1.361 -1.919 -2.428 -3.121 -3.683 -3.769
0.00015547 -2.00000 10.20412 0.7364645004 2.3942816257    0.728  2.645  3.6723  1.297    3  0.000  0.538     0.00     0.00 -1 -4.82e-25      0.00 7.589e-01 2.409e-01 2.764e-05 7.562e-06 6.857e-05 -1.000 1.637e-04 -1.842 -0.079 -0.491 -1.453 -2.020 -2.535 -3.236 -3.803 -3.888
0.00015547 -2.00000 10.20412 0.7364764810 2.3942866325    0.728  2.685  3.6702  1.248    3  0.000  0.538     0.00     0.00 -1 -5.02e-25      0.00 7.589e-01 2.409e-01 2.764e-05 7.562e-06 6.857e-05 -1.000 1.637e-04 -1.943 -0.085 -0.548 -1.541 -2.119 -2.640 -3.348 -3.920 -4.005
0.00015547 -2.00000 10.20412 0.7364882827 2.3942916393    0.727  2.727  3.6681  1.197    3  0.000  0.538     0.00     0.00 -1 -5.24e-25      0.00 7.589e-01 2.409e-01 2.764e-05 7.562e-06 6.857e-05 -1.000 1.637e-04 -2.048 -0.087 -0.605 -1.631 -2.221 -2.748 -3.463 -4.042 -4.126
0.00015547 -2.00000 10.20412 0.7364986539 2.3942961693    0.727  2.768  3.6659  1.147    3  0.000  0.538     0.00     0.00 -1 -5.46e-25      0.00 7.589e-01 2.409e-01 2.764e-05 7.562e-06 6.857e-05 -1.000 1.636e-04 -2.149 -0.078 -0.655 -1.716 -2.318 -2.852 -3.575 -4.159 -4.243
0.00015547 -2.00000 10.20412 0.7365084887 2.3943002224    0.726  2.808  3.6637  1.098    3  0.000  0.538     0.00     0.00 -1 -5.68e-25      0.00 7.589e-01 2.409e-01 2.764e-05 7.562e-06 6.857e-05 -1.000 1.636e-04 -2.251 -0.062 -0.701 -1.801 -2.416 -2.957 -3.688 -4.278 -4.361
0.00015547 -2.00000 10.20412 0.7365174890 2.3943040371    0.726  2.848  3.6616  1.049    3  0.000  0.538     0.00     0.00 -1 -5.91e-25      0.00 7.589e-01 2.409e-01 2.764e-05 7.562e-06 6.857e-05 -1.000 1.637e-04 -2.350 -0.039 -0.743 -1.882 -2.511 -3.060 -3.799 -4.394 -4.477
0.00015547 -2.00000 10.20412 0.7365258932 2.3943076134    0.725  2.888  3.6593  1.000    3  0.000  0.538     0.00     0.00 -1 -6.14e-25      0.00 7.589e-01 2.409e-01 2.764e-05 7.562e-06 6.857e-05 -1.000 1.637e-04 -2.450 0.002 -0.776 -1.961 -2.606 -3.162 -3.910 -4.512 -4.594
0.00015547 -2.00000 10.20412 0.7365333438 2.3943107128    0.725  2.925  3.6573  0.954    3  0.000  0.538     0.00     0.00 -1 -6.37e-25      0.00 7.589e-01 2.409e-01 2.764e-05 7.562e-06 6.857e-05 -1.000 1.637e-04 -2.543 0.031 -0.808 -2.032 -2.692 -3.257 -4.014 -4.621 -4.702
0.00015547 -2.00000 10.20412 0.7365401387 2.3943135738    0.724  2.962  3.6551  0.908    3  0.000  0.538     0.00     0.00 -1 -6.59e-25      0.00 7.589e-01 2.409e-01 2.764e-05 7.562e-06 6.857e-05 -1.000 1.637e-04 -2.635 0.038 -0.845 -2.101 -2.775 -3.348 -4.114 -4.727 -4.809
0.00015547 -2.00000 10.20412 0.7365463972 2.3943161964    0.723  2.997  3.6531  0.864    3  0.000  0.538     0.00     0.00 -1 -6.81e-25      0.00 7.589e-01 2.409e-01 2.764e-05 7.562e-06 6.857e-05 -1.000 1.637e-04 -2.723 0.045 -0.882 -2.168 -2.855 -3.437 -4.211 -4.830 -4.913
0.00015547 -2.00000 10.20412 0.7365525365 2.3943188190    0.723  3.034  3.6509  0.819    3  0.000  0.538     0.00     0.00 -1 -7.05e-25      0.00 7.589e-01 2.409e-01 2.764e-05 7.562e-06 6.857e-05 -1.000 1.637e-04 -2.816 0.054 -0.919 -2.237 -2.938 -3.528 -4.312 -4.937 -5.020
0.00015547 -2.00000 10.20412 0.7365582585 2.3943212032    0.722  3.070  3.6487  0.773    3  0.000  0.538     0.00     0.00 -1 -7.29e-25      0.00 7.589e-01 2.409e-01 2.764e-05 7.562e-06 6.857e-05 -1.000 1.637e-04 -2.906 0.065 -0.954 -2.303 -3.018 -3.617 -4.411 -5.042 -5.126
0.00015547 -2.00000 10.20412 0.7365630269 2.3943233490    0.721  3.103  3.6468  0.733    3  0.000  0.538     0.00     0.00 -1 -7.51e-25      0.00 7.589e-01 2.409e-01 2.764e-05 7.562e-06 6.857e-05 -1.000 1.637e-04 -2.987 0.074 -0.987 -2.363 -3.090 -3.697 -4.499 -5.136 -5.221
0.00015547 -2.00000 10.20412 0.7365677357 2.3943252563    0.721  3.135  3.6448  0.692    3  0.000  0.538     0.00     0.00 -1 -7.74e-25      0.00 7.589e-01 2.409e-01 2.764e-05 7.562e-06 6.857e-05 -1.000 1.637e-04 -3.068 0.084 -1.019 -2.423 -3.162 -3.777 -4.588 -5.230 -5.317
0.00015547 -2.00000 10.20412 0.7365723848 2.3943271637    0.720  3.170  3.6427  0.648    3  0.000  0.538     0.00     0.00 -1 -7.98e-25      0.00 7.589e-01 2.409e-01 2.764e-05 7.562e-06 6.857e-05 -1.000 1.637e-04 -3.155 0.098 -1.050 -2.485 -3.238 -3.861 -4.683 -5.331 -5.418
0.00015547 -2.00000 10.20412 0.7365765572 2.3943290710    0.719  3.202  3.6408  0.608    3  0.000  0.538     0.00     0.00 -1 -8.21e-25      0.00 7.589e-01 2.409e-01 2.764e-05 7.562e-06 6.857e-05 -1.000 1.637e-04 -3.235 0.112 -1.078 -2.542 -3.308 -3.940 -4.770 -5.425 -5.513
0.00015547 -2.00000 10.20412 0.7365803719 2.3943305016    0.718  3.232  3.6390  0.570    3  0.000  0.538     0.00     0.00 -1 -8.43e-25      0.00 7.589e-01 2.409e-01 2.764e-05 7.562e-06 6.857e-05 -1.000 1.637e-04 -3.310 0.128 -1.102 -2.593 -3.373 -4.013 -4.852 -5.512 -5.601
0.00015547 -2.00000 10.20412 0.7365841269 2.3943321705    0.718  3.262  3.6372  0.533    3  0.000  0.538     0.00     0.00 -1 -8.66e-25      0.00 7.589e-01 2.409e-01 2.764e-05 7.562e-06 6.857e-05 -1.000 1.636e-04 -3.385 0.143 -1.125 -2.644 -3.437 -4.084 -4.932 -5.598 -5.688
0.00015547 -2.00000 10.20412 0.7365857363 2.3943328857    0.717  3.274  3.6366  0.518    3  0.000  0.538     0.00     0.00 -1 -8.76e-25      0.00 7.589e-01 2.409e-01 2.764e-05 7.562e-06 6.857e-05 -1.000 1.637e-04 -3.415 0.149 -1.136 -2.665 -3.463 -4.114 -4.966 -5.633 -5.723
0.00015547 -2.00000 10.20412 0.7365857363 2.3943328857    0.671  1.589  4.0229  3.719    4  0.000  0.532     0.00     0.00 -1    -1e-30      0.00 7.549e-01 2.450e-01 2.759e-05 7.739e-06 6.924e-05 -1.000 1.637e-04 0.797 0.996 1.157 1.215 1.234 1.255 1.308 1.323 1.337
0.00015547 -2.00000 10.20412 0.7365878820 2.3943338394    0.671  1.603  4.0159  3.677    4  0.000  0.532     0.00     0.00 -1    -1e-30      0.00 7.549e-01 2.450e-01 2.759e-05 7.739e-06 6.924e-05 -1.000 1.637e-04 0.762 0.949 1.091 1.144 1.162 1.179 1.224 1.237 1.249
0.00015547 -2.00000 10.20412 0.7366337180 2.3943531513    0.671  1.614  4.0110  3.646    4  0.000  0.532     0.00     0.00 -1    -1e-30      0.00 7.549e-01 2.450e-01 2.759e-05 7.739e-06 6.924e-05 -1.000 1.637e-04 0.734 0.912 1.041 1.092 1.107 1.122 1.162 1.173 1.184
0.00015547 -2.00000 10.20412 0.7366797328 2.3943727016    0.671  1.615  4.0104  3.644    4  0.000  0.532     0.00     0.00 -1    -1e-30      0.00 7.549e-01 2.450e-01 2.759e-05 7.739e-06 6.924e-05 -1.000 1.637e-04 0.734 0.911 1.038 1.088 1.103 1.118 1.157 1.168 1.179
0.00015547 -2.00000 10.20412 0.7367261052 2.3943922520    0.671  1.615  4.0097  3.641    4  0.000  0.532     0.00     0.00 -1    -1e-30      0.00 7.549e-01 2.450e-01 2.759e-05 7.739e-06 6.924e-05 -1.000 1.636e-04 0.734 0.910 1.035 1.085 1.100 1.114 1.152 1.163 1.174
0.00015547 -2.00000 10.20412 0.7367729545 2.3944120407    0.671  1.615  4.0088  3.637    4  0.000  0.532     0.00     0.00 -1    -1e-30      0.00 7.549e-01 2.450e-01 2.759e-05 7.739e-06 6.924e-05 -1.000 1.637e-04 0.733 0.908 1.031 1.079 1.094 1.108 1.145 1.156 1.166
0.00015547 -2.00000 10.20412 0.7368201017 2.3944320679    0.671  1.615  4.0075  3.631    4  0.000  0.532     0.00     0.00 -1    -1e-30      0.00 7.549e-01 2.450e-01 2.759e-05 7.739e-06 6.924e-05 -1.000 1.636e-04 0.732 0.905 1.023 1.071 1.086 1.099 1.134 1.145 1.155
0.00015547 -2.00000 10.20412 0.7368690968 2.3944525719    0.671  1.616  4.0057  3.623    4  0.000  0.532     0.00     0.00 -1    -1e-30      0.00 7.549e-01 2.450e-01 2.759e-05 7.739e-06 6.924e-05 -1.000 1.637e-04 0.729 0.900 1.014 1.060 1.074 1.086 1.120 1.129 1.139
0.00015547 -2.00000 10.20412 0.7369171977 2.3944730759    0.671  1.618  4.0035  3.613    4  0.000  0.532     0.00     0.00 -1    -1e-30      0.00 7.549e-01 2.450e-01 2.759e-05 7.739e-06 6.924e-05 -1.000 1.637e-04 0.726 0.894 1.001 1.046 1.059 1.071 1.101 1.110 1.119
0.00015547 -2.00000 10.20412 0.7369664311 2.3944938183    0.672  1.619  4.0011  3.602    4  0.000  0.532     0.00     0.00 -1    -1e-30      0.00 7.549e-01 2.450e-01 2.759e-05 7.739e-06 6.924e-05 -1.000 1.637e-04 0.722 0.887 0.987 1.031 1.042 1.053 1.081 1.089 1.097
0.00015547 -2.00000 10.20412 0.7370137572 2.3945138454    0.672  1.621  3.9984  3.589    4  0.000  0.532     0.00     0.00 -1    -1e-30      0.00 7.549e-01 2.450e-01 2.759e-05 7.739e-06 6.924e-05 -1.000 1.637e-04 0.717 0.878 0.971 1.012 1.023 1.032 1.056 1.064 1.071
0.00015547 -2.00000 10.20412 0.7370598316 2.3945331573    0.672  1.624  3.9954  3.575    4  0.000  0.532     0.00     0.00 -1    -1e-30      0.00 7.549e-01 2.450e-01 2.759e-05 7.739e-06 6.924e-05 -1.000 1.637e-04 0.711 0.869 0.953 0.992 1.002 1.009 1.030 1.036 1.043
0.00015547 -2.00000 10.20412 0.7371051311 2.3945522308    0.672  1.626  3.9919  3.558    4  0.000  0.532     0.00     0.00 -1    -1e-30      0.00 7.549e-01 2.450e-01 2.759e-05 7.739e-06 6.924e-05 -1.000 1.637e-04 0.704 0.858 0.932 0.969 0.977 0.982 0.999 1.003 1.009
0.00015547 -2.00000 10.20412 0.7371542454 2.3945729733    0.672  1.630  3.9877  3.538    4  0.000  0.532     0.00     0.00 -1    -1e-30      0.00 7.549e-01 2.450e-01 2.759e-05 7.739e-06 6.924e-05 -1.000 1.637e-04 0.695 0.846 0.907 0.940 0.947 0.949 0.961 0.964 0.969
0.00015547 -2.00000 10.20412 0.7371960282 2.3945906162    0.672  1.633  3.9839  3.520    4  0.000  0.532     0.00     0.00 -1    -1e-30      0.00 7.549e-01 2.450e-01 2.759e-05 7.739e-06 6.924e-05 -1.000 1.637e-04 0.687 0.835 0.886 0.915 0.920 0.920 0.927 0.929 0.933
0.00015547 -2.00000 10.20412 0.7372013330 2.3945930004    0.672  1.634  3.9833  3.517    4  0.000  0.532     0.00     0.00 -1    -1e-30      0.00 7.549e-01 2.450e-01 2.759e-05 7.739e-06 6.924e-05 -1.000 1.637e-04 0.686 0.833 0.883 0.912 0.916 0.916 0.922 0.924 0.927
0.00015547 -2.00000 10.20412 0.7372516394 2.3946142197    0.672  1.638  3.9781  3.492    4  0.000  0.532     0.00     0.00 -1    -1e-30      0.00 7.549e-01 2.450e-01 2.759e-05 7.739e-06 6.924e-05 -1.000 1.636e-04 0.675 0.819 0.853 0.877 0.879 0.876 0.876 0.874 0.877
0.00015547 -2.00000 10.20412 0.7373008132 2.3946349621    0.672  1.643  3.9725  3.465    4  0.000  0.532     0.00     0.00 -1    -1e-30      0.00 7.549e-01 2.450e-01 2.759e-05 7.739e-06 6.924e-05 -1.000 1.636e-04 0.663 0.805 0.823 0.842 0.840 0.834 0.826 0.822 0.823
0.00015547 -2.00000 10.20412 0.7373505235 2.3946559429    0.672  1.648  3.9665  3.435    4  0.000  0.532     0.00     0.00 -1    -1e-30      0.00 7.549e-01 2.450e-01 2.759e-05 7.739e-06 6.924e-05 -1.000 1.636e-04 0.650 0.790 0.793 0.805 0.800 0.789 0.773 0.766 0.765
0.00015547 -2.00000 10.20412 0.7373991609 2.3946764469    0.672  1.653  3.9602  3.405    4  0.000  0.532     0.00     0.00 -1    -1e-30      0.00 7.549e-01 2.450e-01 2.759e-05 7.739e-06 6.924e-05 -1.000 1.637e-04 0.637 0.776 0.762 0.766 0.758 0.742 0.717 0.707 0.705
0.00015547 -2.00000 10.20412 0.7374464273 2.3946964741    0.672  1.659  3.9536  3.373    4  0.000  0.532     0.00     0.00 -1    -1e-30      0.00 7.549e-01 2.450e-01 2.759e-05 7.739e-06 6.924e-05 -1.000 1.637e-04 0.623 0.762 0.732 0.729 0.716 0.694 0.660 0.645 0.642
0.00015547 -2.00000 10.20412 0.7374933362 2.3947162628    0.672  1.665  3.9467  3.339    4  0.000  0.532     0.00     0.00 -1    -1e-30      0.00 7.549e-01 2.450e-01 2.759e-05 7.739e-06 6.924e-05 -1.000 1.637e-04 0.608 0.749 0.703 0.691 0.672 0.644 0.600 0.580 0.575
0.00015547 -2.00000 10.20412 0.7375267148 2.3947303295    0.672  1.669  3.9414  3.314    4  0.000  0.532     0.00     0.00 -1    -1e-30      0.00 7.549e-01 2.450e-01 2.759e-05 7.739e-06 6.924e-05 -1.000 1.637e-04 0.596 0.739 0.682 0.664 0.640 0.606 0.554 0.531 0.525
0.00015547 -2.00000 10.20412 0.7375457883 2.3947381973    0.672  1.672  3.9386  3.300    4  0.000  0.532     0.00     0.00 -1    -1e-30      0.00 7.549e-01 2.450e-01 2.759e-05 7.739e-06 6.924e-05 -1.000 1.637e-04 0.590 0.734 0.672 0.649 0.623 0.587 0.530 0.504 0.498
0.00015547 -2.00000 10.20412 0.7375941277 2.3947587013    0.672  1.678  3.9315  3.265    4  0.000  0.532     0.00     0.00 -1    -1e-30      0.00 7.549e-01 2.450e-01 2.759e-05 7.739e-06 6.924e-05 -1.000 1.637e-04 0.575 0.723 0.648 0.615 0.581 0.537 0.469 0.437 0.429
0.00015547 -2.00000 10.20412 0.7376402617 2.3947780132    0.672  1.684  3.9242  3.230    4  0.000  0.532     0.00     0.00 -1    -1e-30      0.00 7.549e-01 2.450e-01 2.759e-05 7.739e-06 6.924e-05 -1.000 1.636e-04 0.559 0.713 0.628 0.583 0.542 0.488 0.408 0.369 0.359
0.00015547 -2.00000 10.20412 0.7376855016 2.3947970867    0.672  1.691  3.9167  3.194    4  0.000  0.532     0.00     0.00 -1    -1e-30      0.00 7.549e-01 2.450e-01 2.759e-05 7.739e-06 6.924e-05 -1.000 1.637e-04 0.543 0.702 0.610 0.553 0.502 0.438 0.345 0.297 0.287
0.00015547 -2.00000 10.20412 0.7377319336 2.3948166370    0.672  1.698  3.9088  3.155    4  0.000  0.532     0.00     0.00 -1    -1e-30      0.00 7.549e-01 2.450e-01 2.759e-05 7.739e-06 6.924e-05 -1.000 1.637e-04 0.525 0.692 0.595 0.523 0.461 0.386 0.279 0.222 0.210
0.00015547 -2.00000 10.20412 0.7377775908 2.3948359489    0.672  1.705  3.9007  3.116    4  0.000  0.532     0.00     0.00 -1    -1e-30      0.00 7.549e-01 2.450e-01 2.759e-05 7.739e-06 6.924e-05 -1.000 1.637e-04 0.508 0.683 0.585 0.496 0.421 0.334 0.212 0.145 0.131
0.00015547 -2.00000 10.20412 0.7378230095 2.3948550224    0.672  1.712  3.8933  3.079    4  0.000  0.532     0.00     0.00 -1    -1e-30      0.00 7.549e-01 2.450e-01 2.759e-05 7.739e-06 6.924e-05 -1.000 1.637e-04 0.491 0.675 0.580 0.473 0.386 0.287 0.150 0.073 0.058
0.00015547 -2.00000 10.20412 0.7378693819 2.3948745728    0.672  1.718  3.8863  3.044    4  0.000  0.532     0.00     0.00 -1    -1e-30      0.00 7.549e-01 2.450e-01 2.759e-05 7.739e-06 6.924e-05 -1.000 1.636e-04 0.474 0.668 0.579 0.453 0.353 0.242 0.092 0.004 -0.011
0.00015547 -2.00000 10.20412 0.7379155159 2.3948941231    0.673  1.725  3.8793  3.010    4  0.000  0.532     0.00     0.00 -1    -1e-30      0.00 7.549e-01 2.450e-01 2.759e-05 7.739e-06 6.924e-05 -1.000 1.637e-04 0.457 0.661 0.581 0.435 0.322 0.199 0.035 -0.065 -0.081
0.00015547 -2.00000 10.20412 0.7379608154 2.3949131966    0.673  1.732  3.8726  2.976    4  0.000  0.532     0.00     0.00 -1    -1e-30      0.00 7.549e-01 2.450e-01 2.759e-05 7.739e-06 6.924e-05 -1.000 1.637e-04 0.440 0.653 0.583 0.418 0.293 0.157 -0.021 -0.133 -0.149
0.00015547 -2.00000 10.20412 0.7380085588 2.3949332237    0.673  1.742  3.8640  2.932    4  0.000  0.532     0.00     0.00 -1    -1e-30      0.00 7.549e-01 2.450e-01 2.759e-05 7.739e-06 6.924e-05 -1.000 1.637e-04 0.416 0.641 0.586 0.398 0.256 0.104 -0.092 -0.220 -0.237
0.00015547 -2.00000 10.20412 0.7380551696 2.3949527740    0.673  1.752  3.8545  2.884    4  0.000  0.532     0.00     0.00 -1    -1e-30      0.00 7.549e-01 2.450e-01 2.759e-05 7.739e-06 6.924e-05 -1.000 1.636e-04 0.390 0.630 0.591 0.379 0.218 0.048 -0.169 -0.316 -0.334
0.00015547 -2.00000 10.20412 0.7380930781 2.3949687481    0.673  1.766  3.8440  2.828    4  0.000  0.532     0.00     0.00 -1    -1e-30      0.00 7.549e-01 2.450e-01 2.759e-05 7.739e-06 6.924e-05 -1.000 1.637e-04 0.356 0.614 0.593 0.355 0.173 -0.017 -0.259 -0.427 -0.447
0.00015547 -2.00000 10.20412 0.7381169200 2.3949787617    0.673  1.782  3.8330  2.767    4  0.000  0.532     0.00     0.00 -1    -1e-30      0.00 7.549e-01 2.450e-01 2.759e-05 7.739e-06 6.924e-05 -1.000 1.637e-04 0.314 0.594 0.591 0.325 0.120 -0.091 -0.358 -0.550 -0.571
0.00015547 -2.00000 10.20412 0.7381296754 2.3949842453    0.673  1.796  3.8238  2.717    4  0.000  0.532     0.00     0.00 -1    -1e-30      0.00 7.549e-01 2.450e-01 2.759e-05 7.739e-06 6.924e-05 -1.000 1.637e-04 0.280 0.581 0.593 0.302 0.079 -0.149 -0.438 -0.650 -0.673
0.00015547 -2.00000 10.20412 0.7381365895 2.3949871063    0.673  1.806  3.8160  2.676    4  0.000  0.532     0.00     0.00 -1    -1e-30      0.00 7.549e-01 2.450e-01 2.759e-05 7.739e-06 6.924e-05 -1.000 1.636e-04 0.254 0.573 0.597 0.286 0.047 -0.196 -0.503 -0.733 -0.757
0.00015547 -2.00000 10.20412 0.7381410003 2.3949890137    0.673  1.817  3.8080  2.633    4  0.000  0.532     0.00     0.00 -1    -1e-30      0.00 7.549e-01 2.450e-01 2.759e-05 7.739e-06 6.924e-05 -1.000 1.637e-04 0.228 0.568 0.606 0.272 0.017 -0.241 -0.568 -0.816 -0.842
0.00015547 -2.00000 10.20412 0.7381436229 2.3949899673    0.673  1.825  3.8017  2.600    4  0.000  0.532     0.00     0.00 -1    -1e-30      0.00 7.549e-01 2.450e-01 2.759e-05 7.739e-06 6.924e-05 -1.000 1.637e-04 0.208 0.567 0.616 0.263 -0.006 -0.276 -0.618 -0.881 -0.909
0.00015547 -2.00000 10.20412 0.7381461263 2.3949911594    0.673  1.834  3.7936  2.558    4  0.000  0.532     0.00     0.00 -1    -1e-30      0.00 7.549e-01 2.450e-01 2.759e-05 7.739e-06 6.924e-05 -1.000 1.637e-04 0.185 0.569 0.632 0.253 -0.032 -0.317 -0.680 -0.961 -0.992
0.00015547 -2.00000 10.20412 0.7381480336 2.3949918747    0.673  1.843  3.7856  2.517    4  0.000  0.532     0.00     0.00 -1    -1e-30      0.00 7.549e-01 2.450e-01 2.759e-05 7.739e-06 6.924e-05 -1.000 1.637e-04 0.163 0.574 0.649 0.246 -0.056 -0.356 -0.739 -1.039 -1.073
0.00015547 -2.00000 10.20412 0.7381499410 2.3949928284    0.673  1.855  3.7763  2.468    4  0.000  0.532     0.00     0.00 -1    -1e-30      0.00 7.549e-01 2.450e-01 2.759e-05 7.739e-06 6.924e-05 -1.000 1.637e-04 0.131 0.580 0.665 0.232 -0.089 -0.405 -0.813 -1.135 -1.172
0.00015547 -2.00000 10.20412 0.7381517887 2.3949935436    0.673  1.871  3.7664  2.412    4  0.000  0.532     0.00     0.00 -1    -1e-30      0.00 7.549e-01 2.450e-01 2.759e-05 7.739e-06 6.924e-05 -1.000 1.637e-04 0.092 0.587 0.676 0.211 -0.129 -0.465 -0.898 -1.245 -1.286
0.00015547 -2.00000 10.20412 0.7381535769 2.3949942589    0.673  1.894  3.7552  2.345    4  0.000  0.532     0.00     0.00 -1    -1e-30      0.00 7.549e-01 2.450e-01 2.759e-05 7.739e-06 6.924e-05 -1.000 1.636e-04 0.036 0.589 0.681 0.178 -0.185 -0.540 -1.003 -1.375 -1.423
0.00015547 -2.00000 10.20412 0.7381548882 2.3949947357    0.673  1.918  3.7454  2.281    4  0.000  0.532     0.00     0.00 -1    -1e-30      0.00 7.549e-01 2.450e-01 2.759e-05 7.739e-06 6.924e-05 -1.000 1.637e-04 -0.026 0.585 0.674 0.137 -0.246 -0.619 -1.106 -1.501 -1.554
0.00015547 -2.00000 10.20412 0.7381559610 2.3949952126    0.673  1.947  3.7381  2.224    4  0.000  0.532     0.00     0.00 -1    -1e-30      0.00 7.549e-01 2.450e-01 2.759e-05 7.739e-06 6.924e-05 -1.000 1.637e-04 -0.097 0.564 0.644 0.082 -0.315 -0.701 -1.208 -1.618 -1.675
0.00015547 -2.00000 10.20412 0.7381560206 2.3949952126    0.673  1.949  3.7375  2.219    4  0.000  0.532     0.00     0.00 -1    -1e-30      0.00 7.549e-01 2.450e-01 2.759e-05 7.739e-06 6.924e-05 -1.000 1.637e-04 -0.104 0.562 0.641 0.076 -0.322 -0.709 -1.217 -1.629 -1.686
0.00015547 -2.00000 10.20412 0.7381560802 2.3949952126    0.673  1.950  3.7375  2.218    7  0.000  0.532     0.00     0.00 -1    -1e-30      0.00 7.549e-01 2.450e-01 2.759e-05 7.739e-06 6.924e-05 -1.000 1.637e-04 -0.105 0.562 0.640 0.075 -0.324 -0.710 -1.219 -1.630 -1.688
0.00015547 -2.00000 10.20412 0.7381564975 2.3949954510    0.673  1.968  3.7344  2.187    7  0.000  0.532     0.00     0.00 -1    -1e-30      0.00 7.549e-01 2.450e-01 2.759e-05 7.739e-06 6.924e-05 -1.000 1.637e-04 -0.150 0.542 0.612 0.036 -0.369 -0.761 -1.277 -1.696 -1.755
0.00015547 -2.00000 10.20412 0.7381573915 2.3949959278    0.673  2.005  3.7292  2.129    7  0.000  0.532     0.00     0.00 -1    -1e-30      0.00 7.549e-01 2.450e-01 2.759e-05 7.739e-06 6.924e-05 -1.000 1.637e-04 -0.243 0.494 0.551 -0.045 -0.461 -0.863 -1.393 -1.823 -1.886
0.00015547 -2.00000 10.20412 0.7381581664 2.3949961662    0.673  2.038  3.7254  2.082    7  0.000  0.532     0.00     0.00 -1    -1e-30      0.00 7.549e-01 2.450e-01 2.759e-05 7.739e-06 6.924e-05 -1.000 1.637e-04 -0.324 0.449 0.494 -0.117 -0.541 -0.949 -1.490 -1.928 -1.993
0.00015547 -2.00000 10.20412 0.7381590009 2.3949966431    0.673  2.063  3.7228  2.046    7  0.000  0.532     0.00     0.00 -1    -1e-30      0.00 7.549e-01 2.450e-01 2.759e-05 7.739e-06 6.924e-05 -1.000 1.636e-04 -0.387 0.411 0.447 -0.175 -0.603 -1.016 -1.564 -2.008 -2.074
0.00015547 -2.00000 10.20412 0.7381598949 2.3949968815    0.673  2.078  3.7215  2.026    7  0.000  0.532     0.00     0.00 -1    -1e-30      0.00 7.549e-01 2.450e-01 2.759e-05 7.739e-06 6.924e-05 -1.000 1.637e-04 -0.425 0.385 0.417 -0.210 -0.641 -1.056 -1.607 -2.055 -2.121
0.00015547 -2.00000 10.20412 0.7381619215 2.3949978352    0.673  2.091  3.7205  2.009    7  0.000  0.532     0.00     0.00 -1    -1e-30      0.00 7.549e-01 2.450e-01 2.759e-05 7.739e-06 6.924e-05 -1.000 1.637e-04 -0.457 0.364 0.392 -0.239 -0.672 -1.089 -1.643 -2.093 -2.160
0.00015547 -2.00000 10.20412 0.7381638885 2.3949985504    0.673  2.090  3.7205  2.010    7  0.000  0.532     0.00     0.00 -1    -1e-30      0.00 7.549e-01 2.450e-01 2.759e-05 7.739e-06 6.924e-05 -1.000 1.637e-04 -0.456 0.364 0.393 -0.238 -0.671 -1.088 -1.642 -2.092 -2.159
0.00015547 -2.00000 10.20412 0.7381820083 2.3950061798    0.673  2.099  3.7189  1.994    7  0.000  0.532     0.00     0.00 -1    -1e-30      0.00 7.549e-01 2.450e-01 2.759e-05 7.739e-06 6.924e-05 -1.000 1.637e-04 -0.478 0.359 0.382 -0.256 -0.693 -1.112 -1.671 -2.124 -2.192
0.00015547 -2.00000 10.20412 0.7381979227 2.3950128555    0.673  2.126  3.7161  1.956    7  0.000  0.532     0.00     0.00 -1    -1e-30      0.00 7.549e-01 2.450e-01 2.759e-05 7.739e-06 6.924e-05 -1.000 1.637e-04 -0.545 0.325 0.335 -0.316 -0.759 -1.184 -1.750 -2.209 -2.279
0.00015547 -2.00000 10.20412 0.7382177711 2.3950212002    0.673  2.179  3.7116  1.885    7  0.000  0.532     0.00     0.00 -1    -1e-30      0.00 7.549e-01 2.450e-01 2.759e-05 7.739e-06 6.924e-05 -1.000 1.637e-04 -0.677 0.249 0.236 -0.436 -0.889 -1.323 -1.902 -2.371 -2.444
0.00015547 -2.00000 10.20412 0.7382361889 2.3950290680    0.673  2.223  3.7082  1.827    7  0.000  0.532     0.00     0.00 -1    -1e-30      0.00 7.549e-01 2.450e-01 2.759e-05 7.739e-06 6.924e-05 -1.000 1.637e-04 -0.789 0.181 0.150 -0.538 -0.999 -1.439 -2.028 -2.505 -2.579
0.00015547 -2.00000 10.20412 0.7382532358 2.3950362206    0.673  2.266  3.7053  1.773    7  0.000  0.532     0.00     0.00 -1    -1e-30      0.00 7.549e-01 2.450e-01 2.759e-05 7.739e-06 6.924e-05 -1.000 1.637e-04 -0.895 0.116 0.067 -0.636 -1.104 -1.549 -2.147 -2.631 -2.707
0.00015547 -2.00000 10.20412 0.7382683754 2.3950426579    0.673  2.308  3.7025  1.720    7  0.000  0.532     0.00     0.00 -1    -1e-30      0.00 7.549e-01 2.450e-01 2.759e-05 7.739e-06 6.924e-05 -1.000 1.636e-04 -1.001 0.050 -0.016 -0.733 -1.208 -1.659 -2.264 -2.755 -2.832
0.00015547 -2.00000 10.20412 0.7382816672 2.3950481415    0.673  2.350  3.6998  1.667    7  0.000  0.531     0.00     0.00 -1    -1e-30      0.00 7.549e-01 2.449e-01 2.758e-05 7.741e-06 6.924e-05 -1.000 1.637e-04 -1.105 -0.016 -0.099 -0.830 -1.310 -1.767 -2.380 -2.877 -2.956
0.00015547 -2.00000 10.20412 0.7382934093 2.3950531483    0.673  2.392  3.6972  1.615    7  0.000  0.531     0.00     0.00 -1    -1e-30      0.00 7.549e-01 2.449e-01 2.754e-05 7.755e-06 6.924e-05 -1.000 1.637e-04 -1.209 -0.078 -0.179 -0.924 -1.412 -1.873 -2.494 -2.998 -3.078
0.00015547 -2.00000 10.20412 0.7383038402 2.3950574398    0.673  2.433  3.6947  1.564    7  0.000  0.528     0.00     0.00 -1    -1e-30      0.00 7.549e-01 2.449e-01 2.739e-05 7.837e-06 6.924e-05 -1.000 1.552e-04 -1.312 -0.141 -0.260 -1.019 -1.512 -1.979 -2.608 -3.118 -3.200
0.00015547 -2.00000 10.20412 0.7383131981 2.3950614929    0.673  2.474  3.6922  1.513    7  0.000  0.520     0.00     0.00 -1    -1e-30      0.00 7.549e-01 2.449e-01 2.700e-05 8.158e-06 6.924e-05 -1.000 1.356e-04 -1.416 -0.205 -0.341 -1.114 -1.614 -2.085 -2.722 -3.239 -3.321
0.00015547 -2.00000 10.20412 0.7383217812 2.3950650692    0.673  2.516  3.6897  1.461    7  0.000  0.505     0.00     0.00 -1    -1e-30      0.00 7.549e-01 2.450e-01 2.626e-05 8.929e-06 6.924e-05 -1.000 1.377e-04 -1.520 -0.267 -0.422 -1.209 -1.715 -2.191 -2.836 -3.359 -3.443
0.00015547 -2.00000 10.20412 0.7383297086 2.3950684071    0.673  2.557  3.6873  1.410    7  0.000  0.487     0.00     0.00 -1    -1e-30      0.00 7.548e-01 2.450e-01 2.531e-05 1.005e-05 6.924e-05 -1.000 1.636e-04 -1.623 -0.325 -0.500 -1.302 -1.815 -2.297 -2.949 -3.479 -3.564
0.00015547 -2.00000 10.20412 0.7383371592 2.3950715065    0.673  2.599  3.6848  1.358    7  0.000  0.469     0.00     0.00 -1    -1e-30      0.00 7.547e-01 2.451e-01 2.441e-05 1.115e-05 6.924e-05 -1.000 1.637e-04 -1.727 -0.370 -0.574 -1.396 -1.916 -2.403 -3.064 -3.600 -3.686
0.00015547 -2.00000 10.20412 0.7383441925 2.3950743675    0.673  2.640  3.6823  1.307    7  0.000  0.454     0.00     0.00 -1    -1e-30      0.00 7.546e-01 2.452e-01 2.363e-05 1.210e-05 6.924e-05 -1.000 1.637e-04 -1.831 -0.394 -0.640 -1.490 -2.019 -2.511 -3.180 -3.722 -3.807
0.00015547 -2.00000 10.20412 0.7383509278 2.3950772285    0.673  2.682  3.6798  1.256    7  0.000  0.441     0.00     0.00 -1    -1e-30      0.00 7.544e-01 2.454e-01 2.297e-05 1.291e-05 6.924e-05 -1.000 1.637e-04 -1.934 -0.411 -0.704 -1.582 -2.121 -2.620 -3.296 -3.844 -3.929
0.00015547 -2.00000 10.20412 0.7383573055 2.3950800896    0.673  2.723  3.6773  1.204    7  0.000  0.430     0.00     0.00 -1    -1e-30      0.00 7.543e-01 2.456e-01 2.241e-05 1.361e-05 6.923e-05 -1.000 1.637e-04 -2.038 -0.418 -0.763 -1.673 -2.223 -2.728 -3.412 -3.966 -4.051
0.00015547 -2.00000 10.20412 0.7383632064 2.3950824738    0.673  2.765  3.6748  1.152    7  0.000  0.421     0.00     0.00 -1    -1e-30      0.00 7.541e-01 2.458e-01 2.192e-05 1.422e-05 6.921e-05 -1.000 1.637e-04 -2.143 -0.417 -0.818 -1.764 -2.326 -2.837 -3.530 -4.090 -4.175
0.00015547 -2.00000 10.20412 0.7383680940 2.3950846195    0.673  2.806  3.6723  1.101    7  0.000  0.413     0.00     0.00 -1    -1e-30      0.00 7.539e-01 2.460e-01 2.149e-05 1.474e-05 6.918e-05 -1.000 1.483e-04 -2.245 -0.409 -0.869 -1.851 -2.425 -2.944 -3.645 -4.211 -4.295
0.00015547 -2.00000 10.20412 0.7383721471 2.3950862885    0.673  2.847  3.6697  1.050    7  0.000  0.406     0.00     0.00 -1    -1e-30      0.00 7.536e-01 2.462e-01 2.113e-05 1.519e-05 6.913e-05 -1.000 1.527e-04 -2.348 -0.390 -0.914 -1.937 -2.525 -3.051 -3.761 -4.333 -4.417
0.00015547 -2.00000 10.20412 0.7383756042 2.3950877190    0.673  2.888  3.6672  0.999    7  0.000  0.401     0.00     0.00 -1    -1e-30      0.00 7.534e-01 2.464e-01 2.082e-05 1.558e-05 6.904e-05 -1.000 1.636e-04 -2.450 -0.359 -0.954 -2.020 -2.623 -3.157 -3.876 -4.455 -4.538
0.00015547 -2.00000 10.20412 0.7383788824 2.3950891495    0.673  2.930  3.6645  0.947    7  0.000  0.397     0.00     0.00 -1    -1e-30      0.00 7.532e-01 2.466e-01 2.057e-05 1.591e-05 6.894e-05 -1.000 1.637e-04 -2.554 -0.310 -0.985 -2.101 -2.722 -3.266 -3.994 -4.580 -4.662
0.00015547 -2.00000 10.20412 0.7383819818 2.3950903416    0.673  2.973  3.6617  0.892    7  0.000  0.394     0.00     0.00 -1    -1e-30      0.00 7.530e-01 2.468e-01 2.038e-05 1.620e-05 6.882e-05 -1.000 1.636e-04 -2.663 -0.244 -1.008 -2.182 -2.825 -3.379 -4.119 -4.711 -4.792
0.00015547 -2.00000 10.20412 0.7383854985 2.3950917721    0.673  3.096  3.6533  0.735    7  0.000  0.387     0.00     0.00 -1    -1e-30      0.00 7.523e-01 2.476e-01 1.981e-05 1.742e-05 6.803e-05 -1.000 1.638e-04 -2.971 -0.096 -1.080 -2.401 -3.102 -3.690 -4.465 -5.080 -5.162
0.00015547 -2.00000 10.20412 0.7383857369 2.3950920105    0.673  3.119  3.6517  0.706    7  0.000  0.386     0.00     0.00 -1    -1e-30      0.00 7.521e-01 2.478e-01 1.970e-05 1.771e-05 6.783e-05 -1.000 1.630e-04 -3.027 -0.083 -1.098 -2.441 -3.152 -3.746 -4.528 -5.147 -5.230
0.00015547 -2.00000 10.20412 0.7383860946 2.3950920105    0.673  3.148  3.6497  0.669    7  0.549  0.384     0.00     0.00 -1    -1e-30      0.00 7.518e-01 2.481e-01 1.951e-05 1.817e-05 6.752e-05 -1.000 1.623e-04 -3.100 -0.065 -1.121 -2.492 -3.215 -3.818 -4.608 -5.233 -5.316
0.00015547 -2.00000 10.20412 0.7383863926 2.3950922489    0.673  3.240  3.6369  0.526    8  0.549  0.384    55.71    26.79  1 -8.57e-07      0.00 7.451e-01 2.547e-01 3.209e-05 3.034e-05 1.105e-04 -1.000 2.228e-04 -3.330 0.217 -1.059 -2.583 -3.379 -4.028 -4.879 -5.545 -5.635
0.00015547 -2.00000 10.20412 0.7383863926 2.3950922489    0.673  3.112  3.6311  0.631    8  0.549  0.461    44.44    22.03  1 -4.83e-07      0.00 7.092e-01 2.900e-01 7.792e-04 4.241e-04 2.256e-03 -1.000 8.028e-04 -3.010 0.599 -0.695 -2.228 -3.032 -3.690 -4.565 -5.256 -5.350
0.00015547 -2.00000 10.20412 0.7383863926 2.3950922489    0.673  2.962  3.6448  0.835    8  0.549  0.460    28.61    15.06  1  -2.3e-07      0.00 7.104e-01 2.888e-01 7.471e-04 4.075e-04 2.164e-03 -1.000 7.806e-04 -2.636 0.385 -0.650 -2.011 -2.732 -3.338 -4.148 -4.794 -4.881
0.00015547 -2.00000 10.20412 0.7383863926 2.3950922489    0.673  2.760  3.6632  1.111    8  0.549  0.460    15.77     9.00  1 -8.01e-08      0.00 7.128e-01 2.865e-01 6.847e-04 3.752e-04 1.986e-03 -1.000 7.377e-04 -2.130 0.073 -0.573 -1.678 -2.294 -2.836 -3.569 -4.161 -4.244
0.00015547 -2.00000 10.20412 0.7383863926 2.3950922489    0.673  2.771  3.6623  1.097    8  0.549  0.459    16.26     9.24  1 -8.42e-08      0.00 7.157e-01 2.836e-01 6.041e-04 3.334e-04 1.755e-03 -1.000 6.826e-04 -2.156 0.096 -0.576 -1.696 -2.319 -2.864 -3.600 -4.194 -4.277
0.00015547 -2.00000 10.20412 0.7383863926 2.3950922489    0.673  2.859  3.6542  0.976    8  0.549  0.458    21.11    11.58  1 -1.33e-07      0.00 7.191e-01 2.803e-01 5.102e-04 2.849e-04 1.487e-03 -1.000 6.193e-04 -2.378 0.259 -0.604 -1.846 -2.515 -3.087 -3.856 -4.474 -4.557
0.00015547 -2.00000 10.20412 0.7383863926 2.3950922489    0.673  3.023  3.6392  0.752    8  0.549  0.455    34.20    17.57  1 -3.01e-07      0.00 7.226e-01 2.769e-01 4.088e-04 2.326e-04 1.197e-03 -1.000 5.521e-04 -2.788 0.463 -0.676 -2.104 -2.857 -3.483 -4.318 -4.982 -5.071
0.00015547 -2.00000 10.20412 0.7383863926 2.3950922489    0.673  3.171  3.6258  0.550    8  0.549  0.451    52.87    25.60  1 -6.08e-07      0.00 7.259e-01 2.736e-01 3.068e-04 1.802e-04 9.060e-04 -1.000 4.863e-04 -3.158 0.695 -0.700 -2.304 -3.144 -3.825 -4.728 -5.438 -5.536
0.00015547 -2.00000 10.20412 0.7383864522 2.3950922489    0.673  3.275  3.6163  0.409    8  0.549  0.445    71.74    33.33  1 -9.76e-07      0.00 7.286e-01 2.709e-01 2.120e-04 1.318e-04 6.358e-04 -1.000 4.278e-04 -3.417 0.874 -0.687 -2.418 -3.330 -4.056 -5.013 -5.757 -5.861
0.00015547 -2.00000 10.20412 0.7383864522 2.3950922489    0.673  3.339  3.6104  0.321    8  0.549  0.431    86.74    39.28  1  -1.3e-06      0.00 7.304e-01 2.692e-01 1.332e-04 9.196e-05 4.119e-04 -1.000 3.837e-04 -3.578 0.988 -0.673 -2.482 -3.442 -4.198 -5.189 -5.955 -6.064
0.00015547 -2.00000 10.20412 0.7383864522 2.3950922489    0.673  3.381  3.6067  0.264    8  0.549  0.408    97.99    43.64  1 -1.54e-06      0.00 7.307e-01 2.690e-01 8.024e-05 6.593e-05 2.623e-04 -1.000 3.613e-04 -3.682 1.065 -0.657 -2.517 -3.509 -4.287 -5.301 -6.081 -6.195
0.00015547 -2.00000 10.20412 0.7383864522 2.3950922489    0.673  3.414  3.6091  0.240    8  0.549  0.390   103.17    45.63  1 -1.76e-06      0.00 7.290e-01 2.706e-01 6.375e-05 5.931e-05 2.177e-04 -1.000 3.690e-04 -3.766 0.934 -0.772 -2.624 -3.610 -4.382 -5.385 -6.153 -6.264
0.00015547 -2.00000 10.20412 0.7383864522 2.3950922489    0.673  3.322  3.6120  0.344    8  0.549  0.390    82.54    37.62  1 -1.16e-06      0.00 7.290e-01 2.706e-01 6.375e-05 5.931e-05 2.177e-04 -1.000 3.690e-04 -3.536 0.958 -0.677 -2.465 -3.413 -4.161 -5.143 -5.903 -6.011
0.00015547 -2.00000 10.20412 0.7383865714 2.3950922489    0.673  3.134  3.6292  0.601    8  0.549  0.390    47.36    23.27  1 -4.81e-07      0.00 7.290e-01 2.706e-01 6.375e-05 5.931e-05 2.177e-04 -1.000 3.690e-04 -3.064 0.634 -0.697 -2.257 -3.073 -3.740 -4.625 -5.323 -5.418
0.00015547 -2.00000 10.20412 0.7383866906 2.3950922489    0.673  2.927  3.6480  0.883    8  0.549  0.390    25.79    13.76  1 -1.75e-07      0.00 7.290e-01 2.706e-01 6.375e-05 5.931e-05 2.177e-04 -1.000 3.690e-04 -2.548 0.342 -0.634 -1.955 -2.659 -3.253 -4.049 -4.685 -4.771
0.00015547 -2.00000 10.20412 0.7383868694 2.3950924873    0.673  2.932  3.6475  0.876    8  0.549  0.390    26.19    13.94  1  -1.8e-07      0.00 7.290e-01 2.706e-01 6.375e-05 5.931e-05 2.177e-04 -1.000 3.690e-04 -2.561 0.349 -0.636 -1.963 -2.669 -3.265 -4.063 -4.701 -4.786
0.00015547 -2.00000 10.20412 0.7383871078 2.3950924873    0.673  3.014  3.6401  0.765    8  0.550  0.390    33.31    17.15  1  -2.7e-07      0.00 7.290e-01 2.706e-01 6.375e-05 5.931e-05 2.177e-04 -1.000 3.690e-04 -2.765 0.450 -0.672 -2.090 -2.838 -3.461 -4.292 -4.953 -5.042
0.00015547 -2.00000 10.20412 0.7383874059 2.3950927258    0.673  3.168  3.6260  0.554    8  0.550  0.390    52.51    25.41  1 -5.68e-07      0.00 7.290e-01 2.706e-01 6.375e-05 5.931e-05 2.177e-04 -1.000 3.690e-04 -3.151 0.691 -0.699 -2.300 -3.138 -3.819 -4.720 -5.430 -5.527
0.00015547 -2.00000 10.20412 0.7383877039 2.3950927258    0.673  3.305  3.6135  0.367    8  0.550  0.390    78.49    35.95  1 -1.07e-06      0.00 7.290e-01 2.706e-01 6.375e-05 5.931e-05 2.177e-04 -1.000 3.690e-04 -3.492 0.928 -0.680 -2.448 -3.382 -4.122 -5.095 -5.849 -5.956
0.00015547 -2.00000 10.20412 0.7383881211 2.3950929642    0.673  3.395  3.6053  0.244    8  0.551  0.390   102.51    45.25  1 -1.63e-06      0.00 7.290e-01 2.706e-01 6.375e-05 5.931e-05 2.177e-04 -1.000 3.690e-04 -3.718 1.094 -0.650 -2.528 -3.532 -4.318 -5.341 -6.126 -6.241
0.00015547 -2.00000 10.20412 0.7383885384 2.3950932026    0.673  3.445  3.6007  0.176    8  0.551  0.390   118.78    51.37  0 -2.04e-06      0.00 7.290e-01 2.706e-01 6.375e-05 5.931e-05 2.177e-04 -1.000 3.690e-04 -3.843 1.190 -0.627 -2.566 -3.611 -4.423 -5.475 -6.278 -6.398
0.00015547 -2.00000 10.20412 0.7383889556 2.3950932026    0.673  3.471  3.5984  0.141    8  0.552  0.390   128.14    54.81  0 -2.29e-06      0.00 7.290e-01 2.706e-01 6.375e-05 5.931e-05 2.177e-04 -1.000 3.690e-04 -3.907 1.241 -0.615 -2.585 -3.651 -4.477 -5.544 -6.356 -6.478
0.00015547 -2.00000 10.20412 0.7383894920 2.3950934410    0.673  3.487  3.5984  0.124    8  0.552  0.390   132.84    56.49  0 -2.46e-06      0.00 7.290e-01 2.706e-01 6.375e-05 5.931e-05 2.177e-04 -1.000 3.690e-04 -3.948 1.220 -0.642 -2.620 -3.689 -4.518 -5.586 -6.398 -6.520
0.00015547 -2.00000 10.20412 0.7383914590 2.3950943947    0.554 -9.999  4.0000  1.705    9  0.554  0.000     0.00     0.00 -1    -1e-30      0.00 7.290e-01 2.706e-01 6.375e-05 5.931e-05 2.177e-04 -1.000 3.690e-04 29.767 29.804 30.050 30.100 30.093 30.084 30.127 30.123 30.138
#isochrone terminated
