# File generated by CMD 3.3 (http://stev.oapd.inaf.it/cmd) on Wed May 20 14:58:42 CEST 2020
# isochrones based on PARSEC release v1.2S +  COLIBRI S_35
# Basic references: Bressan et al. (2012), MNRAS, 427, 127 + Chen et al. (2014, 2015), MNRAS, 444, 2525 + MNRAS, 452, 1068 + Tang et al. (2014), MNRAS, 445, 4287 + Marigo et al. (2017), ApJ, 835, 77 + Pastorelli al. (2019), MNRAS in press
# Thermal pulse cycles included 
# On RGB, assumed Reimers mass loss with efficiency eta=0.2
# Photometric system: <i>UBVRIJHK</i> (cf. Maiz-Apellaniz 2006 + Bessell 1990)
# Using YBC version of bolometric corrections as in Chen et al. (2019)
# O-rich circumstellar dpmod60alox40 dust from Groenewegen (2006)
# C-rich circumstellar AMCSIC15 dust from Groenewegen (2006)
# IMF: Kroupa (2001, 2002) + Kroupa et al. (2013) canonical two-part-power law IMF corrected for unresolved binaries 
# Kind of output: isochrone tables
# Zini     MH   logAge Mini        int_IMF         Mass   logL    logTe  logg  label   McoreTP C_O  period0 period1 pmode  Mloss  tau1m   X   Y   Xc  Xn  Xo  Cexcess  Z 	 mbolmag  Umag    Bmag    Vmag    Rmag    Imag    Jmag    Hmag    Kmag
0.00039019 -1.60000 10.10380 0.0900000036 1.0816895962    0.090 -3.187  3.4785  5.445    1  0.000  0.545     0.00     0.00 -1 -5.17e-17      0.00 7.479e-01 2.516e-01 7.531e-05 2.032e-05 1.843e-04 -1.000 4.188e-04 12.737 20.067 17.308 15.302 13.624 12.037 10.754 10.468 10.375
0.00039019 -1.60000 10.10380 0.0990950465 1.1635022163    0.099 -2.901  3.5197  5.365    1  0.000  0.545     0.00     0.00 -1 -1.04e-16      0.00 7.460e-01 2.536e-01 7.531e-05 2.032e-05 1.843e-04 -1.000 4.187e-04 12.022 17.512 15.595 13.756 12.492 11.320 10.182 9.734 9.601
0.00039019 -1.60000 10.10380 0.1000000015 1.1711064577    0.100 -2.874  3.5236  5.358    1  0.000  0.545     0.00     0.00 -1 -1.11e-16      0.00 7.458e-01 2.538e-01 7.531e-05 2.032e-05 1.843e-04 -1.000 4.188e-04 11.954 17.301 15.445 13.632 12.392 11.252 10.127 9.669 9.533
0.00039019 -1.60000 10.10380 0.1107958853 1.2554408312    0.111 -2.712  3.5410  5.310    1  0.000  0.545     0.00     0.00 -1 -1.62e-16      0.00 7.441e-01 2.554e-01 7.531e-05 2.032e-05 1.843e-04 -1.000 4.187e-04 11.549 16.278 14.678 12.992 11.849 10.845 9.780 9.282 9.132
0.00039019 -1.60000 10.10380 0.1200000048 1.3193155527    0.120 -2.586  3.5546  5.273    1  0.000  0.545     0.00     0.00 -1 -2.18e-16      0.00 7.428e-01 2.568e-01 7.531e-05 2.032e-05 1.843e-04 -1.000 4.187e-04 11.234 15.531 14.103 12.520 11.440 10.528 9.509 8.988 8.828
0.00039019 -1.60000 10.10380 0.1267127842 1.3620139360    0.127 -2.521  3.5599  5.253    1  0.000  0.545     0.00     0.00 -1 -2.51e-16      0.00 7.421e-01 2.575e-01 7.531e-05 2.032e-05 1.843e-04 -1.000 4.188e-04 11.073 15.205 13.842 12.301 11.244 10.366 9.365 8.836 8.672
0.00039019 -1.60000 10.10380 0.1400000006 1.4384527206    0.140 -2.403  3.5698  5.218    1  0.000  0.545     0.00     0.00 -1 -3.27e-16      0.00 7.407e-01 2.589e-01 7.531e-05 2.032e-05 1.843e-04 -1.000 4.189e-04 10.777 14.620 13.373 11.906 10.893 10.071 9.102 8.560 8.388
0.00039019 -1.60000 10.10380 0.1599999964 1.5372931957    0.160 -2.259  3.5798  5.173    1  0.000  0.545     0.00     0.00 -1 -4.48e-16      0.00 7.393e-01 2.603e-01 7.531e-05 2.032e-05 1.843e-04 -1.000 4.188e-04 10.419 13.994 12.850 11.455 10.486 9.711 8.775 8.223 8.044
0.00039019 -1.60000 10.10380 0.2000000179 1.6938792467    0.200 -2.038  3.5927  5.100    1  0.000  0.545     0.00     0.00 -1 -7.26e-16      0.00 7.382e-01 2.614e-01 7.531e-05 2.032e-05 1.843e-04 -1.000 4.188e-04 9.865 13.108 12.096 10.791 9.882 9.157 8.260 7.701 7.514
0.00039019 -1.60000 10.10380 0.2500000298 1.8403259516    0.250 -1.835  3.6038  5.038    1  0.000  0.545     0.00     0.00 -1  -1.5e-16      0.00 7.383e-01 2.613e-01 7.530e-05 2.032e-05 1.843e-04 -1.000 4.188e-04 9.358 12.345 11.431 10.196 9.337 8.647 7.785 7.222 7.036
0.00039019 -1.60000 10.10380 0.3000000417 1.9529141188    0.300 -1.681  3.6125  4.997    1  0.000  0.545     0.00     0.00 -1 -8.04e-16      0.00 7.385e-01 2.611e-01 7.529e-05 2.032e-05 1.843e-04 -1.000 4.188e-04 8.972 11.772 10.927 9.745 8.923 8.258 7.422 6.859 6.678
0.00039019 -1.60000 10.10380 0.3099397421 1.9724016190    0.310 -1.654  3.6141  4.992    1  0.000  0.545     0.00     0.00 -1  -1.6e-15      0.00 7.385e-01 2.611e-01 7.528e-05 2.032e-05 1.843e-04 -1.000 4.188e-04 8.905 11.673 10.840 9.667 8.852 8.191 7.360 6.797 6.617
0.00039019 -1.60000 10.10380 0.3500000238 2.0434176922    0.350 -1.555  3.6201  4.969    1  0.000  0.544     0.00     0.00 -1 -1.94e-15      0.00 7.384e-01 2.612e-01 7.526e-05 2.032e-05 1.843e-04 -1.000 4.188e-04 8.657 11.305 10.516 9.376 8.586 7.942 7.128 6.565 6.391
0.00039019 -1.60000 10.10380 0.4000000358 2.1185026169    0.400 -1.415  3.6309  4.931    1  0.000  0.545     0.00     0.00 -1 -2.62e-15      0.00 7.503e-01 2.493e-01 7.531e-05 2.032e-05 1.843e-04 -1.000 4.188e-04 8.307 10.745 10.034 8.952 8.205 7.591 6.807 6.247 6.085
0.00039019 -1.60000 10.10380 0.4271196127 2.1543018818    0.427 -1.320  3.6410  4.904    1  0.000  0.545     0.00     0.00 -1 -3.25e-15      0.00 7.504e-01 2.492e-01 7.531e-05 2.032e-05 1.843e-04 -1.000 4.188e-04 8.069 10.320 9.680 8.648 7.941 7.353 6.597 6.042 5.892
0.00039019 -1.60000 10.10380 0.4499999881 2.1822810173    0.450 -1.244  3.6490  4.883    1  0.000  0.545     0.00     0.00 -1 -3.87e-15      0.00 7.505e-01 2.491e-01 7.531e-05 2.032e-05 1.843e-04 -1.000 4.188e-04 7.880 9.983 9.402 8.409 7.731 7.164 6.430 5.883 5.742
0.00039019 -1.60000 10.10380 0.5000000000 2.2374541759    0.500 -1.052  3.6734  4.834    1  0.000  0.545     0.00     0.00 -1 -6.04e-15      0.00 7.505e-01 2.491e-01 7.531e-05 2.032e-05 1.843e-04 -1.000 4.188e-04 7.399 9.060 8.674 7.791 7.199 6.689 6.024 5.513 5.396
0.00039019 -1.60000 10.10380 0.5500000715 2.2836585045    0.550 -0.836  3.6975  4.756    1  0.000  0.544     0.00     0.00 -1 -1.04e-14      0.00 7.868e-01 2.129e-01 6.505e-05 1.756e-05 1.593e-04 -1.000 3.357e-04 6.860 8.112 7.931 7.143 6.625 6.163 5.570 5.110 5.011
0.00039019 -1.60000 10.10380 0.6000000238 2.3211214542    0.600 -0.622  3.7252  4.691    1  0.000  0.544     0.00     0.00 -1 -1.74e-14      0.00 7.986e-01 2.010e-01 6.190e-05 1.672e-05 1.519e-04 -1.000 3.361e-04 6.326 7.194 7.209 6.526 6.075 5.660 5.145 4.742 4.661
0.00039019 -1.60000 10.10380 0.6003964543 2.3213899136    0.600 -0.621  3.7255  4.691    1  0.000  0.543     0.00     0.00 -1 -1.75e-14      0.00 7.987e-01 2.009e-01 6.187e-05 1.671e-05 1.518e-04 -1.000 3.363e-04 6.321 7.187 7.203 6.521 6.071 5.656 5.142 4.739 4.658
0.00039019 -1.60000 10.10380 0.6113427877 2.3286454678    0.611 -0.571  3.7323  4.677    1  0.000  0.543     0.00     0.00 -1 -1.98e-14      0.00 8.018e-01 1.979e-01 6.107e-05 1.650e-05 1.498e-04 -1.000 3.430e-04 6.198 6.983 7.039 6.383 5.947 5.544 5.047 4.658 4.581
0.00039019 -1.60000 10.10380 0.6219319701 2.3353855610    0.622 -0.523  3.7388  4.662    1  0.000  0.543     0.00     0.00 -1 -2.22e-14      0.00 8.049e-01 1.947e-01 6.026e-05 1.628e-05 1.479e-04 -1.000 3.444e-04 6.079 6.792 6.883 6.250 5.828 5.435 4.955 4.577 4.505
0.00039019 -1.60000 10.10380 0.6317725182 2.3414168358    0.631 -0.479  3.7448  4.648    1  0.000  0.543     0.00     0.00 -1 -1.17e-19      0.00 8.079e-01 1.917e-01 5.948e-05 1.608e-05 1.460e-04 -1.000 3.419e-04 5.967 6.622 6.741 6.129 5.719 5.336 4.869 4.500 4.433
0.00039019 -1.60000 10.10380 0.6409184337 2.3468315601    0.641 -0.437  3.7503  4.634    1  0.000  0.543     0.00     0.00 -1 -3.75e-17      0.00 8.108e-01 1.888e-01 5.871e-05 1.587e-05 1.442e-04 -1.000 3.308e-04 5.861 6.465 6.608 6.016 5.617 5.243 4.789 4.427 4.364
0.00039019 -1.60000 10.10380 0.6498295069 2.3519392014    0.650 -0.395  3.7555  4.620    1  0.000  0.543     0.00     0.00 -1 -2.71e-14      0.00 8.138e-01 1.859e-01 5.795e-05 1.567e-05 1.424e-04 -1.000 3.322e-04 5.758 6.315 6.479 5.906 5.518 5.153 4.710 4.356 4.297
0.00039019 -1.60000 10.10380 0.6499999762 2.3520355225    0.650 -0.394  3.7556  4.619    1  0.000  0.543     0.00     0.00 -1 -3.07e-14      0.00 8.138e-01 1.858e-01 5.793e-05 1.567e-05 1.424e-04 -1.000 3.449e-04 5.756 6.312 6.476 5.903 5.516 5.151 4.709 4.354 4.296
0.00039019 -1.60000 10.10380 0.6594785452 2.3572912216    0.659 -0.349  3.7607  4.601    1  0.000  0.542     0.00     0.00 -1 -3.45e-14      0.00 8.178e-01 1.819e-01 5.691e-05 1.539e-05 1.399e-04 -1.000 3.416e-04 5.644 6.154 6.339 5.786 5.409 5.052 4.622 4.275 4.221
0.00039019 -1.60000 10.10380 0.6703900695 2.3631305695    0.670 -0.297  3.7665  4.579    1  0.000  0.542     0.00     0.00 -1 -3.48e-14      0.00 8.226e-01 1.770e-01 5.566e-05 1.506e-05 1.369e-04 -1.000 3.249e-04 5.512 5.979 6.181 5.649 5.284 4.936 4.518 4.178 4.129
0.00039019 -1.60000 10.10380 0.6807937026 2.3684980869    0.681 -0.245  3.7719  4.555    1  0.000  0.542     0.00     0.00 -1 -1.87e-14      0.00 8.276e-01 1.721e-01 5.439e-05 1.472e-05 1.339e-04 -1.000 2.815e-04 5.382 5.811 6.028 5.516 5.161 4.822 4.415 4.082 4.038
0.00039019 -1.60000 10.10380 0.6904865503 2.3733317852    0.690 -0.195  3.7769  4.531    1  0.000  0.541     0.00     0.00 -1 -5.03e-17      0.00 8.324e-01 1.673e-01 5.314e-05 1.439e-05 1.309e-04 -1.000 2.800e-04 5.257 5.653 5.883 5.388 5.042 4.712 4.315 3.989 3.949
0.00039019 -1.60000 10.10380 0.6994962096 2.3776869774    0.699 -0.146  3.7814  4.507    1  0.000  0.541     0.00     0.00 -1 -4.11e-14      0.00 8.372e-01 1.625e-01 5.192e-05 1.407e-05 1.280e-04 -1.000 2.735e-04 5.136 5.505 5.743 5.264 4.928 4.605 4.217 3.898 3.861
0.00039019 -1.60000 10.10380 0.6999999881 2.3779268265    0.700 -0.144  3.7817  4.505    1  0.000  0.541     0.00     0.00 -1    -6e-14      0.00 8.375e-01 1.623e-01 5.185e-05 1.405e-05 1.278e-04 -1.000 2.729e-04 5.129 5.497 5.735 5.257 4.921 4.599 4.212 3.892 3.856
0.00039019 -1.60000 10.10380 0.7010067701 2.3784046173    0.701 -0.138  3.7822  4.502    1  0.000  0.540     0.00     0.00 -1 -6.09e-14      0.00 8.381e-01 1.617e-01 5.168e-05 1.401e-05 1.275e-04 -1.000 2.723e-04 5.116 5.481 5.720 5.243 4.908 4.587 4.200 3.882 3.846
0.00039019 -1.60000 10.10380 0.7093389630 2.3822999001    0.709 -0.091  3.7861  4.476    1  0.000  0.539     0.00     0.00 -1 -6.97e-14      0.00 8.430e-01 1.567e-01 5.029e-05 1.367e-05 1.244e-04 -1.000 2.677e-04 4.997 5.343 5.585 5.122 4.795 4.480 4.102 3.789 3.756
0.00039019 -1.60000 10.10380 0.7175658941 2.3860440254    0.717 -0.041  3.7899  4.446    1  0.000  0.537     0.00     0.00 -1 -8.03e-14      0.00 8.477e-01 1.520e-01 4.898e-05 1.334e-05 1.216e-04 -1.000 2.864e-04 4.873 5.201 5.446 4.996 4.676 4.367 3.997 3.691 3.660
0.00039019 -1.60000 10.10380 0.7246314883 2.3891816139    0.724  0.004  3.7931  4.418    1  0.000  0.535     0.00     0.00 -1 -9.15e-14      0.00 8.515e-01 1.482e-01 4.793e-05 1.309e-05 1.193e-04 -1.000 2.823e-04 4.761 5.076 5.321 4.881 4.568 4.265 3.901 3.600 3.571
0.00039019 -1.60000 10.10380 0.7314764261 2.3921549320    0.731  0.050  3.7960  4.388    1  0.000  0.534     0.00     0.00 -1 -2.74e-16      0.00 8.550e-01 1.447e-01 4.699e-05 1.286e-05 1.173e-04 -1.000 2.735e-04 4.646 4.951 5.194 4.764 4.457 4.159 3.802 3.505 3.478
0.00039019 -1.60000 10.10380 0.7383217216 2.3950650692    0.738  0.098  3.7988  4.355    1  0.000  0.532     0.00     0.00 -1 -1.66e-17      0.00 8.583e-01 1.414e-01 4.613e-05 1.265e-05 1.155e-04 -1.000 2.749e-04 4.524 4.819 5.060 4.640 4.338 4.045 3.694 3.402 3.377
0.00039019 -1.60000 10.10380 0.7462310791 2.3983511925    0.746  0.159  3.8017  4.311    1  0.000  0.531     0.00     0.00 -1 -8.28e-15      0.00 8.617e-01 1.380e-01 4.524e-05 1.244e-05 1.136e-04 -1.000 2.605e-04 4.373 4.660 4.896 4.486 4.190 3.902 3.557 3.271 3.248
0.00039019 -1.60000 10.10380 0.7500000000 2.3998889923    0.749  0.189  3.8030  4.287    1  0.000  0.530     0.00     0.00 -1  -1.6e-13      0.00 8.633e-01 1.365e-01 4.485e-05 1.234e-05 1.128e-04 -1.000 2.458e-04 4.297 4.581 4.814 4.408 4.115 3.829 3.487 3.204 3.181
0.00039019 -1.60000 10.10380 0.7553118467 2.4020266533    0.754  0.235  3.8047  4.251    1  0.000  0.529     0.00     0.00 -1 -1.85e-13      0.00 8.643e-01 1.355e-01 4.473e-05 1.232e-05 1.126e-04 -1.000 2.501e-04 4.182 4.463 4.691 4.291 4.002 3.719 3.381 3.101 3.079
0.00039019 -1.60000 10.10380 0.7608112693 2.4042034149    0.760  0.285  3.8061  4.209    1  0.000  0.529     0.00     0.00 -1 -2.17e-13      0.00 8.639e-01 1.358e-01 4.494e-05 1.238e-05 1.132e-04 -1.000 2.600e-04 4.056 4.335 4.558 4.163 3.877 3.597 3.262 2.985 2.964
0.00039019 -1.60000 10.10380 0.7645790577 2.4056739807    0.764  0.322  3.8066  4.177    1  0.000  0.529     0.00     0.00 -1 -2.45e-13      0.00 8.634e-01 1.364e-01 4.517e-05 1.244e-05 1.138e-04 -1.000 2.676e-04 3.965 4.243 4.462 4.070 3.785 3.506 3.173 2.897 2.877
0.00039019 -1.60000 10.10380 0.7659162283 2.4061920643    0.765  0.337  3.8066  4.163    1  0.000  0.529     0.00     0.00 -1 -2.57e-13      0.00 8.631e-01 1.366e-01 4.525e-05 1.246e-05 1.140e-04 -1.000 2.696e-04 3.929 4.208 4.426 4.034 3.749 3.470 3.137 2.861 2.840
0.00039019 -1.60000 10.10380 0.7711149454 2.4081859589    0.770  0.396  3.8053  4.102    1  0.000  0.529     0.00     0.00 -1 -3.14e-13      0.00 8.623e-01 1.374e-01 4.558e-05 1.255e-05 1.148e-04 -1.000 2.772e-04 3.780 4.066 4.279 3.885 3.598 3.318 2.981 2.704 2.682
0.00039019 -1.60000 10.10380 0.7750682831 2.4096817970    0.774  0.448  3.8024  4.041    1  0.000  0.529     0.00     0.00 -1 -3.79e-13      0.00 8.617e-01 1.381e-01 4.582e-05 1.262e-05 1.155e-04 -1.000 2.830e-04 3.651 3.948 4.157 3.757 3.465 3.181 2.838 2.555 2.532
0.00039019 -1.60000 10.10380 0.7757422328 2.4099349976    0.774  0.457  3.8016  4.028    1  0.000  0.529     0.00     0.00 -1 -3.95e-13      0.00 8.616e-01 1.382e-01 4.587e-05 1.263e-05 1.156e-04 -1.000 2.840e-04 3.627 3.926 4.135 3.733 3.440 3.155 2.810 2.526 2.502
0.00039019 -1.60000 10.10380 0.7764143348 2.4101870060    0.775  0.468  3.8006  4.014    1  0.000  0.529     0.00     0.00 -1 -4.11e-13      0.00 8.614e-01 1.383e-01 4.591e-05 1.265e-05 1.157e-04 -1.000 2.849e-04 3.600 3.904 4.112 3.707 3.413 3.125 2.778 2.492 2.468
0.00039019 -1.60000 10.10380 0.7786694169 2.4110291004    0.777  0.506  3.7958  3.958    2  0.000  0.529     0.00     0.00 -1 -4.76e-13      0.00 8.611e-01 1.386e-01 4.605e-05 1.268e-05 1.160e-04 -1.000 2.882e-04 3.505 3.827 4.032 3.614 3.312 3.017 2.659 2.364 2.338
0.00039019 -1.60000 10.10380 0.7803897858 2.4116678238    0.779  0.539  3.7902  3.903    2  0.000  0.529     0.00     0.00 -1 -5.46e-13      0.00 8.600e-01 1.397e-01 4.645e-05 1.279e-05 1.170e-04 -1.000 2.908e-04 3.421 3.766 3.968 3.535 3.223 2.919 2.548 2.243 2.214
0.00039019 -1.60000 10.10380 0.7817341089 2.4121644497    0.780  0.570  3.7835  3.847    2  0.000  0.529     0.00     0.00 -1 -6.24e-13      0.00 8.567e-01 1.430e-01 4.756e-05 1.310e-05 1.198e-04 -1.000 2.979e-04 3.346 3.720 3.918 3.465 3.141 2.826 2.439 2.123 2.089
0.00039019 -1.60000 10.10380 0.7828159928 2.4125628471    0.781  0.596  3.7766  3.793    2  0.000  0.530     0.00     0.00 -1 -7.06e-13      0.00 8.426e-01 1.571e-01 5.187e-05 1.427e-05 1.304e-04 -1.000 3.043e-04 3.279 3.688 3.880 3.405 3.068 2.742 2.340 2.010 1.973
0.00039019 -1.60000 10.10380 0.7837222815 2.4128956795    0.782  0.621  3.7694  3.740    2  0.000  0.532     0.00     0.00 -1 -7.94e-13      0.00 8.219e-01 1.777e-01 5.730e-05 1.574e-05 1.436e-04 -1.000 3.243e-04 3.218 3.666 3.848 3.351 3.000 2.663 2.244 1.902 1.860
0.00039019 -1.60000 10.10380 0.7845208049 2.4131879807    0.783  0.646  3.7624  3.687    2  0.000  0.534     0.00     0.00 -1 -3.14e-15      0.00 8.019e-01 1.978e-01 6.193e-05 1.698e-05 1.546e-04 -1.000 3.465e-04 3.155 3.645 3.816 3.295 2.932 2.583 2.148 1.794 1.747
0.00039019 -1.60000 10.10380 0.7852283716 2.4134466648    0.784  0.674  3.7560  3.634    2  0.000  0.535     0.00     0.00 -1  -1.7e-16      0.00 7.881e-01 2.116e-01 6.511e-05 1.783e-05 1.622e-04 -1.000 3.486e-04 3.085 3.618 3.777 3.235 2.859 2.500 2.049 1.684 1.632
0.00039019 -1.60000 10.10380 0.7859283686 2.4137017727    0.784  0.710  3.7500  3.575    2  0.000  0.536     0.00     0.00 -1  -2.9e-16      0.00 7.790e-01 2.206e-01 6.721e-05 1.839e-05 1.672e-04 -1.000 3.692e-04 2.995 3.570 3.716 3.154 2.767 2.398 1.933 1.557 1.501
0.00039019 -1.60000 10.10380 0.7864804268 2.4139027596    0.785  0.746  3.7459  3.522    2  0.000  0.536     0.00     0.00 -1 -4.52e-16      0.00 7.743e-01 2.254e-01 6.833e-05 1.869e-05 1.699e-04 -1.000 3.774e-04 2.905 3.510 3.646 3.070 2.675 2.299 1.825 1.442 1.383
0.00039019 -1.60000 10.10380 0.7868574262 2.4140398502    0.785  0.774  3.7435  3.485    2  0.000  0.536     0.00     0.00 -1 -6.19e-16      0.00 7.717e-01 2.279e-01 6.892e-05 1.884e-05 1.713e-04 -1.000 3.458e-04 2.835 3.459 3.588 3.004 2.605 2.225 1.745 1.357 1.296
0.00039019 -1.60000 10.10380 0.7870297432 2.4141025543    0.785  0.789  3.7425  3.466    2  0.000  0.536     0.00     0.00 -1 -7.18e-16      0.00 7.708e-01 2.289e-01 6.912e-05 1.890e-05 1.718e-04 -1.000 3.503e-04 2.798 3.429 3.556 2.969 2.568 2.187 1.704 1.314 1.253
0.00039019 -1.60000 10.10380 0.7874922752 2.4142704010    0.786  0.830  3.7403  3.416    3  0.000  0.537     0.00     0.00 -1 -1.07e-15      0.00 7.683e-01 2.313e-01 6.962e-05 1.903e-05 1.730e-04 -1.000 4.117e-04 2.695 3.344 3.464 2.870 2.465 2.080 1.591 1.197 1.135
0.00039019 -1.60000 10.10380 0.7879984379 2.4144537449    0.786  0.879  3.7380  3.359    3  0.000  0.537     0.00     0.00 -1 -1.68e-15      0.00 7.660e-01 2.336e-01 7.007e-05 1.915e-05 1.741e-04 -1.000 3.832e-04 2.574 3.243 3.354 2.753 2.344 1.955 1.459 1.060 0.997
0.00039019 -1.60000 10.10380 0.7884284854 2.4146094322    0.787  0.923  3.7363  3.308    3  0.000  0.537     0.00     0.00 -1 -2.49e-15      0.00 7.641e-01 2.355e-01 7.038e-05 1.924e-05 1.748e-04 -1.000 3.802e-04 2.462 3.147 3.252 2.645 2.233 1.841 1.340 0.937 0.873
0.00039019 -1.60000 10.10380 0.7888396382 2.4147579670    0.787  0.969  3.7347  3.256    3  0.000  0.537     0.00     0.00 -1 -3.67e-15      0.00 7.624e-01 2.372e-01 7.064e-05 1.931e-05 1.755e-04 -1.000 4.156e-04 2.348 3.048 3.146 2.534 2.119 1.725 1.219 0.812 0.747
0.00039019 -1.60000 10.10380 0.7892575264 2.4149088860    0.787  1.019  3.7331  3.200    3  0.000  0.537     0.00     0.00 -1 -5.51e-15      0.00 7.606e-01 2.389e-01 7.086e-05 1.937e-05 1.760e-04 -1.000 4.156e-04 2.224 2.938 3.030 2.413 1.995 1.599 1.088 0.676 0.611
0.00039019 -1.60000 10.10380 0.7896417379 2.4150474072    0.788  1.068  3.7316  3.145    3  0.000  0.537     0.00     0.00 -1  -8.1e-15      0.00 7.591e-01 2.405e-01 7.101e-05 1.943e-05 1.765e-04 -1.000 4.044e-04 2.100 2.827 2.914 2.292 1.872 1.473 0.958 0.542 0.476
0.00039019 -1.60000 10.10380 0.7899867892 2.4151716232    0.788  1.116  3.7301  3.091    3  0.000  0.536     0.00     0.00 -1 -1.16e-14      0.00 7.577e-01 2.419e-01 7.110e-05 1.948e-05 1.768e-04 -1.000 3.828e-04 1.979 2.720 2.801 2.175 1.752 1.351 0.831 0.411 0.344
0.00039019 -1.60000 10.10380 0.7902886271 2.4152801037    0.788  1.162  3.7287  3.040    3  0.000  0.536     0.00     0.00 -1 -1.61e-14      0.00 7.564e-01 2.432e-01 7.112e-05 1.953e-05 1.771e-04 -1.000 3.759e-04 1.866 2.619 2.695 2.064 1.639 1.236 0.711 0.288 0.221
0.00039019 -1.60000 10.10380 0.7905827761 2.4153859615    0.788  1.210  3.7273  2.985    3  0.000  0.535     0.00     0.00 -1 -2.24e-14      0.00 7.552e-01 2.444e-01 7.108e-05 1.960e-05 1.773e-04 -1.000 4.170e-04 1.744 2.512 2.582 1.946 1.519 1.113 0.584 0.157 0.089
0.00039019 -1.60000 10.10380 0.7908650637 2.4154872894    0.788  1.261  3.7257  2.928    3  0.000  0.533     0.00     0.00 -1 -3.13e-14      0.00 7.542e-01 2.454e-01 7.097e-05 1.970e-05 1.775e-04 -1.000 3.948e-04 1.617 2.401 2.463 1.822 1.392 0.984 0.450 0.019 -0.049
0.00039019 -1.60000 10.10380 0.7911018133 2.4155724049    0.789  1.308  3.7242  2.876    3  0.000  0.532     0.00     0.00 -1 -4.21e-14      0.00 7.534e-01 2.462e-01 7.084e-05 1.982e-05 1.777e-04 -1.000 3.687e-04 1.501 2.299 2.355 1.709 1.277 0.866 0.328 -0.107 -0.176
0.00039019 -1.60000 10.10380 0.7913178205 2.4156498909    0.789  1.354  3.7227  2.824    3  0.000  0.531     0.00     0.00 -1 -5.57e-14      0.00 7.527e-01 2.469e-01 7.070e-05 1.995e-05 1.778e-04 -1.000 4.102e-04 1.385 2.198 2.247 1.596 1.162 0.748 0.206 -0.233 -0.303
0.00039019 -1.60000 10.10380 0.7915210128 2.4157226086    0.789  1.401  3.7212  2.770    3  0.000  0.529     0.00     0.00 -1 -7.35e-14      0.00 7.522e-01 2.474e-01 7.054e-05 2.009e-05 1.779e-04 -1.000 4.188e-04 1.266 2.095 2.138 1.481 1.044 0.628 0.081 -0.362 -0.432
0.00039019 -1.60000 10.10380 0.7917007208 2.4157869816    0.789  1.447  3.7196  2.718    3  0.000  0.528     0.00     0.00 -1 -9.52e-14      0.00 7.518e-01 2.478e-01 7.042e-05 2.021e-05 1.779e-04 -1.000 4.188e-04 1.152 1.996 2.032 1.370 0.930 0.512 -0.040 -0.487 -0.558
0.00039019 -1.60000 10.10380 0.7918716073 2.4158482552    0.789  1.495  3.7179  2.664    3  0.000  0.527     0.00     0.00 -1 -1.23e-13      0.00 7.515e-01 2.481e-01 7.032e-05 2.031e-05 1.780e-04 -1.000 4.187e-04 1.032 1.895 1.923 1.255 0.812 0.391 -0.166 -0.618 -0.689
0.00039019 -1.60000 10.10380 0.7920222878 2.4159021378    0.789  1.541  3.7163  2.611    3  0.000  0.527     0.00     0.00 -1 -1.58e-13      0.00 7.513e-01 2.482e-01 7.027e-05 2.037e-05 1.780e-04 -1.000 4.183e-04 0.917 1.797 1.818 1.144 0.698 0.274 -0.288 -0.744 -0.816
0.00039019 -1.60000 10.10380 0.7921563983 2.4159502983    0.789  1.586  3.7146  2.559    3  0.000  0.527     0.00     0.00 -1 -1.98e-13      0.00 7.512e-01 2.483e-01 7.024e-05 2.040e-05 1.780e-04 -1.000 4.142e-04 0.805 1.703 1.717 1.037 0.588 0.161 -0.407 -0.867 -0.940
0.00039019 -1.60000 10.10380 0.7922842503 2.4159958363    0.789  1.632  3.7129  2.506    3  0.000  0.527     0.00     0.00 -1  -2.5e-13      0.00 7.512e-01 2.484e-01 7.023e-05 2.042e-05 1.780e-04 -1.000 4.079e-04 0.689 1.604 1.612 0.925 0.473 0.043 -0.530 -0.995 -1.068
0.00039019 -1.60000 10.10380 0.7923999429 2.4160373211    0.788  1.678  3.7111  2.453    3  0.000  0.527     0.00     0.00 -1 -3.12e-13      0.00 7.512e-01 2.484e-01 7.022e-05 2.042e-05 1.780e-04 -1.000 4.081e-04 0.575 1.512 1.509 0.815 0.359 -0.074 -0.652 -1.121 -1.195
0.00039019 -1.60000 10.10380 0.7925018668 2.4160737991    0.788  1.722  3.7094  2.402    3  0.000  0.527     0.00     0.00 -1 -3.84e-13      0.00 7.512e-01 2.484e-01 7.022e-05 2.042e-05 1.780e-04 -1.000 4.081e-04 0.465 1.425 1.411 0.709 0.249 -0.186 -0.769 -1.242 -1.317
0.00039019 -1.60000 10.10380 0.7925954461 2.4161071777    0.788  1.766  3.7076  2.351    3  0.000  0.527     0.00     0.00 -1 -1.38e-13      0.00 7.512e-01 2.484e-01 7.022e-05 2.042e-05 1.780e-04 -1.000 4.083e-04 0.355 1.340 1.314 0.604 0.141 -0.298 -0.886 -1.363 -1.439
0.00039019 -1.60000 10.10380 0.7926861048 2.4161396027    0.788  1.812  3.7057  2.298    3  0.000  0.527     0.00     0.00 -1 -9.95e-14      0.00 7.512e-01 2.484e-01 7.022e-05 2.042e-05 1.780e-04 -1.000 4.084e-04 0.240 1.251 1.213 0.495 0.027 -0.415 -1.009 -1.491 -1.567
0.00039019 -1.60000 10.10380 0.7927654386 2.4161679745    0.788  1.856  3.7039  2.246    3  0.000  0.527     0.00     0.00 -1 -1.22e-13      0.00 7.512e-01 2.484e-01 7.022e-05 2.043e-05 1.780e-04 -1.000 4.085e-04 0.131 1.168 1.117 0.391 -0.081 -0.526 -1.125 -1.612 -1.689
0.00039019 -1.60000 10.10380 0.7928383946 2.4161939621    0.788  1.899  3.7020  2.196    3  0.000  0.526     0.00     0.00 -1  -1.5e-13      0.00 7.512e-01 2.484e-01 7.022e-05 2.043e-05 1.780e-04 -1.000 4.087e-04 0.023 1.085 1.023 0.288 -0.188 -0.636 -1.241 -1.732 -1.810
0.00039019 -1.60000 10.10380 0.7929074764 2.4162185192    0.787  1.943  3.7002  2.144    3  0.000  0.526     0.00     0.00 -1 -1.83e-13      0.00 7.512e-01 2.484e-01 7.022e-05 2.043e-05 1.780e-04 -1.000 4.088e-04 -0.087 1.001 0.928 0.184 -0.296 -0.748 -1.359 -1.855 -1.933
0.00039019 -1.60000 10.10380 0.7929683328 2.4162402153    0.787  1.984  3.6983  2.095    3  0.000  0.526     0.00     0.00 -1  -2.2e-13      0.00 7.512e-01 2.484e-01 7.022e-05 2.043e-05 1.780e-04 -1.000 4.088e-04 -0.190 0.927 0.840 0.087 -0.397 -0.853 -1.469 -1.970 -2.049
0.00039019 -1.60000 10.10380 0.7930269241 2.4162611961    0.787  2.024  3.6965  2.048    3  0.000  0.526     0.00     0.00 -1 -2.63e-13      0.00 7.512e-01 2.484e-01 7.022e-05 2.043e-05 1.780e-04 -1.000 4.089e-04 -0.290 0.853 0.755 -0.007 -0.495 -0.954 -1.576 -2.082 -2.161
0.00039019 -1.60000 10.10380 0.7930877209 2.4162828922    0.786  2.062  3.6948  2.003    3  0.000  0.526     0.00     0.00 -1 -3.13e-13      0.00 7.512e-01 2.484e-01 7.022e-05 2.043e-05 1.780e-04 -1.000 4.090e-04 -0.385 0.784 0.675 -0.096 -0.588 -1.050 -1.677 -2.188 -2.268
0.00039019 -1.60000 10.10380 0.7931421399 2.4163024426    0.786  2.087  3.6937  1.973    3  0.000  0.526     0.00     0.00 -1 -3.56e-13      0.00 7.512e-01 2.484e-01 7.022e-05 2.043e-05 1.780e-04 -1.000 4.091e-04 -0.447 0.741 0.622 -0.155 -0.650 -1.114 -1.744 -2.258 -2.339
0.00039019 -1.60000 10.10380 0.7931848168 2.4163174629    0.786  2.074  3.6946  1.989    3  0.000  0.526     0.00     0.00 -1 -3.58e-13      0.00 7.512e-01 2.484e-01 7.022e-05 2.043e-05 1.780e-04 -1.000 4.091e-04 -0.415 0.758 0.645 -0.126 -0.619 -1.081 -1.709 -2.220 -2.300
0.00039019 -1.60000 10.10380 0.7931933999 2.4163205624    0.786  2.082  3.6942  1.980    3  0.000  0.526     0.00     0.00 -1 -3.69e-13      0.00 7.512e-01 2.484e-01 7.022e-05 2.043e-05 1.780e-04 -1.000 4.091e-04 -0.435 0.745 0.629 -0.145 -0.638 -1.101 -1.730 -2.242 -2.323
0.00039019 -1.60000 10.10380 0.7932375669 2.4163362980    0.785  2.125  3.6922  1.929    3  0.000  0.526     0.00     0.00 -1 -4.37e-13      0.00 7.512e-01 2.484e-01 7.022e-05 2.043e-05 1.781e-04 -1.000 4.092e-04 -0.542 0.674 0.541 -0.244 -0.743 -1.210 -1.845 -2.363 -2.444
0.00039019 -1.60000 10.10380 0.7932783961 2.4163508415    0.785  2.167  3.6901  1.879    3  0.000  0.526     0.00     0.00 -1 -5.18e-13      0.00 7.511e-01 2.484e-01 7.022e-05 2.044e-05 1.781e-04 -1.000 4.093e-04 -0.646 0.605 0.455 -0.342 -0.845 -1.316 -1.959 -2.482 -2.564
0.00039019 -1.60000 10.10380 0.7933176160 2.4163649082    0.784  2.210  3.6880  1.827    3  0.000  0.526     0.00     0.00 -1 -6.17e-13      0.00 7.511e-01 2.484e-01 7.022e-05 2.044e-05 1.781e-04 -1.000 4.094e-04 -0.755 0.537 0.367 -0.441 -0.950 -1.425 -2.075 -2.605 -2.688
0.00039019 -1.60000 10.10380 0.7933507562 2.4163768291    0.784  2.249  3.6859  1.779    3  0.000  0.526     0.00     0.00 -1 -7.23e-13      0.00 7.511e-01 2.484e-01 7.021e-05 2.044e-05 1.781e-04 -1.000 4.093e-04 -0.853 0.477 0.289 -0.531 -1.045 -1.524 -2.182 -2.718 -2.802
0.00039019 -1.60000 10.10380 0.7933826447 2.4163880348    0.784  2.290  3.6839  1.729    3  0.000  0.526     0.00     0.00 -1  -8.5e-13      0.00 7.511e-01 2.485e-01 7.021e-05 2.044e-05 1.781e-04 -1.000 4.094e-04 -0.955 0.454 0.218 -0.629 -1.150 -1.632 -2.296 -2.838 -2.920
0.00039019 -1.60000 10.10380 0.7934110165 2.4163982868    0.783  2.329  3.6817  1.682    3  0.000  0.526     0.00     0.00 -1  -9.9e-13      0.00 7.511e-01 2.485e-01 7.021e-05 2.044e-05 1.781e-04 -1.000 4.095e-04 -1.053 0.423 0.151 -0.720 -1.248 -1.733 -2.404 -2.952 -3.033
0.00039019 -1.60000 10.10380 0.7934376001 2.4164075851    0.782  2.368  3.6796  1.634    3  0.000  0.526     0.00     0.00 -1 -1.15e-12      0.00 7.511e-01 2.485e-01 7.021e-05 2.044e-05 1.781e-04 -1.000 4.095e-04 -1.150 0.393 0.083 -0.810 -1.345 -1.834 -2.512 -3.066 -3.145
0.00039019 -1.60000 10.10380 0.7934624553 2.4164166451    0.782  2.407  3.6775  1.586    3  0.000  0.526     0.00     0.00 -1 -1.34e-12      0.00 7.511e-01 2.485e-01 7.021e-05 2.044e-05 1.781e-04 -1.000 4.096e-04 -1.247 0.367 0.018 -0.898 -1.441 -1.934 -2.619 -3.179 -3.258
0.00039019 -1.60000 10.10380 0.7934899330 2.4164264202    0.781  2.454  3.6749  1.528    3  0.000  0.526     0.00     0.00 -1  -1.6e-12      0.00 7.511e-01 2.485e-01 7.021e-05 2.044e-05 1.781e-04 -1.000 4.096e-04 -1.364 0.343 -0.056 -1.003 -1.556 -2.055 -2.748 -3.316 -3.393
0.00039019 -1.60000 10.10380 0.7935107350 2.4164338112    0.780  2.491  3.6727  1.482    3  0.000  0.526     0.00     0.00 -1 -1.84e-12      0.00 7.511e-01 2.485e-01 7.021e-05 2.044e-05 1.781e-04 -1.000 4.096e-04 -1.459 0.266 -0.134 -1.084 -1.641 -2.146 -2.848 -3.423 -3.503
0.00039019 -1.60000 10.10380 0.7935336828 2.4164419174    0.779  2.536  3.6701  1.426    3  0.000  0.526     0.00     0.00 -1 -2.18e-12      0.00 7.511e-01 2.485e-01 7.021e-05 2.044e-05 1.781e-04 -1.000 4.096e-04 -1.571 0.252 -0.200 -1.182 -1.750 -2.261 -2.972 -3.554 -3.633
0.00039019 -1.60000 10.10380 0.7935549617 2.4164495468    0.778  2.581  3.6675  1.370    3  0.000  0.526     0.00     0.00 -1 -2.58e-12      0.00 7.511e-01 2.485e-01 7.021e-05 2.044e-05 1.781e-04 -1.000 4.097e-04 -1.683 0.246 -0.262 -1.279 -1.859 -2.376 -3.096 -3.685 -3.764
0.00039019 -1.60000 10.10380 0.7935752869 2.4164566994    0.777  2.627  3.6647  1.312    3  0.000  0.526     0.00     0.00 -1 -3.06e-12      0.00 7.511e-01 2.485e-01 7.021e-05 2.044e-05 1.781e-04 -1.000 4.097e-04 -1.799 0.247 -0.324 -1.377 -1.970 -2.494 -3.224 -3.820 -3.899
0.00039019 -1.60000 10.10380 0.7935921550 2.4164626598    0.776  2.669  3.6621  1.259    3  0.000  0.526     0.00     0.00 -1 -3.56e-12      0.00 7.511e-01 2.485e-01 7.021e-05 2.044e-05 1.781e-04 -1.000 4.097e-04 -1.902 0.260 -0.372 -1.463 -2.069 -2.600 -3.340 -3.943 -4.021
0.00039019 -1.60000 10.10380 0.7936089635 2.4164688587    0.775  2.713  3.6593  1.203    3  0.000  0.526     0.00     0.00 -1 -4.19e-12      0.00 7.511e-01 2.485e-01 7.021e-05 2.044e-05 1.781e-04 -1.000 4.098e-04 -2.013 0.281 -0.421 -1.554 -2.174 -2.713 -3.464 -4.074 -4.152
0.00039019 -1.60000 10.10380 0.7936237454 2.4164741039    0.773  2.755  3.6566  1.149    3  0.000  0.526     0.00     0.00 -1 -4.88e-12      0.00 7.511e-01 2.485e-01 7.021e-05 2.044e-05 1.781e-04 -1.000 4.098e-04 -2.118 0.292 -0.470 -1.638 -2.271 -2.818 -3.579 -4.198 -4.276
0.00039019 -1.60000 10.10380 0.7936375141 2.4164788723    0.772  2.797  3.6539  1.096    3  0.000  0.526     0.00     0.00 -1 -5.69e-12      0.00 7.511e-01 2.485e-01 7.021e-05 2.044e-05 1.781e-04 -1.000 4.098e-04 -2.223 0.288 -0.523 -1.721 -2.366 -2.920 -3.693 -4.320 -4.400
0.00039019 -1.60000 10.10380 0.7936503291 2.4164834023    0.770  2.839  3.6512  1.042    3  0.000  0.526     0.00     0.00 -1 -6.62e-12      0.00 7.511e-01 2.485e-01 7.021e-05 2.044e-05 1.781e-04 -1.000 4.098e-04 -2.328 0.284 -0.576 -1.803 -2.460 -3.023 -3.807 -4.443 -4.524
0.00039019 -1.60000 10.10380 0.7936616540 2.4164874554    0.768  2.879  3.6485  0.991    3  0.000  0.526     0.00     0.00 -1 -7.63e-12      0.00 7.511e-01 2.485e-01 7.021e-05 2.044e-05 1.781e-04 -1.000 4.098e-04 -2.426 0.286 -0.623 -1.879 -2.549 -3.119 -3.915 -4.559 -4.641
0.00039019 -1.60000 10.10380 0.7936726809 2.4164915085    0.766  2.920  3.6458  0.938    3  0.000  0.526     0.00     0.00 -1 -8.85e-12      0.00 7.511e-01 2.485e-01 7.021e-05 2.044e-05 1.781e-04 -1.000 4.098e-04 -2.529 0.301 -0.665 -1.954 -2.639 -3.219 -4.027 -4.680 -4.763
0.00039019 -1.60000 10.10380 0.7936823964 2.4164948463    0.764  2.958  3.6431  0.888    3  0.000  0.526     0.00     0.00 -1 -1.02e-11      0.00 7.511e-01 2.485e-01 7.021e-05 2.044e-05 1.781e-04 -1.000 4.099e-04 -2.626 0.317 -0.702 -2.024 -2.723 -3.312 -4.133 -4.794 -4.879
0.00039019 -1.60000 10.10380 0.7936914563 2.4164981842    0.762  2.996  3.6406  0.838    3  0.000  0.526     0.00     0.00 -1 -1.17e-11      0.00 7.511e-01 2.485e-01 7.021e-05 2.044e-05 1.781e-04 -1.000 4.099e-04 -2.721 0.335 -0.738 -2.092 -2.806 -3.404 -4.237 -4.906 -4.992
0.00039019 -1.60000 10.10380 0.7937003970 2.4165012836    0.760  3.037  3.6377  0.785    3  0.000  0.526     0.00     0.00 -1 -1.35e-11      0.00 7.511e-01 2.485e-01 7.021e-05 2.044e-05 1.781e-04 -1.000 4.098e-04 -2.822 0.360 -0.772 -2.161 -2.891 -3.500 -4.346 -5.024 -5.113
0.00039019 -1.60000 10.10380 0.7937079668 2.4165039062    0.757  3.072  3.6352  0.738    3  0.000  0.526     0.00     0.00 -1 -1.53e-11      0.00 7.511e-01 2.485e-01 7.021e-05 2.044e-05 1.781e-04 -1.000 4.099e-04 -2.911 0.383 -0.803 -2.222 -2.967 -3.585 -4.443 -5.130 -5.220
0.00039019 -1.60000 10.10380 0.7937157750 2.4165067673    0.754  3.112  3.6325  0.686    3  0.000  0.526     0.00     0.00 -1 -1.76e-11      0.00 7.511e-01 2.485e-01 7.021e-05 2.044e-05 1.781e-04 -1.000 4.099e-04 -3.009 0.408 -0.836 -2.289 -3.050 -3.678 -4.549 -5.245 -5.337
0.00039019 -1.60000 10.10380 0.7937227488 2.4165093899    0.751  3.149  3.6298  0.636    3  0.000  0.526     0.00     0.00 -1 -2.02e-11      0.00 7.511e-01 2.485e-01 7.021e-05 2.044e-05 1.781e-04 -1.000 4.099e-04 -3.102 0.438 -0.863 -2.351 -3.127 -3.766 -4.650 -5.355 -5.449
0.00039019 -1.60000 10.10380 0.7937293649 2.4165115356    0.748  3.186  3.6272  0.587    3  0.000  0.526     0.00     0.00 -1  -2.3e-11      0.00 7.511e-01 2.485e-01 7.021e-05 2.044e-05 1.781e-04 -1.000 4.100e-04 -3.194 0.464 -0.892 -2.411 -3.203 -3.852 -4.750 -5.463 -5.559
0.00039019 -1.60000 10.10380 0.7937356830 2.4165139198    0.744  3.223  3.6246  0.537    3  0.000  0.526     0.00     0.00 -1 -2.63e-11      0.00 7.511e-01 2.485e-01 7.021e-05 2.044e-05 1.781e-04 -1.000 4.100e-04 -3.287 0.496 -0.917 -2.471 -3.279 -3.938 -4.850 -5.573 -5.671
0.00039019 -1.60000 10.10380 0.7937414646 2.4165158272    0.740  3.259  3.6220  0.489    3  0.000  0.526     0.00     0.00 -1 -2.99e-11      0.00 7.511e-01 2.485e-01 7.021e-05 2.044e-05 1.781e-04 -1.000 4.100e-04 -3.377 0.530 -0.939 -2.526 -3.351 -4.021 -4.946 -5.679 -5.778
0.00039019 -1.60000 10.10380 0.7937479019 2.4165182114    0.735  3.297  3.6194  0.437    3  0.000  0.526     0.00     0.00 -1 -3.45e-11      0.00 7.511e-01 2.485e-01 7.021e-05 2.044e-05 1.781e-04 -1.000 4.099e-04 -3.472 0.571 -0.955 -2.580 -3.426 -4.109 -5.049 -5.790 -5.892
0.00039019 -1.60000 10.10380 0.7937479019 2.4165182114    0.727  1.702  3.8111  2.794    4  0.000  0.526     0.00     0.00 -1    -1e-30      0.00 7.453e-01 2.543e-01 7.186e-05 2.103e-05 1.824e-04 -1.000 4.188e-04 0.516 0.855 0.889 0.552 0.299 0.047 -0.270 -0.511 -0.536
0.00039019 -1.60000 10.10380 0.7937510014 2.4165194035    0.727  1.716  3.8065  2.761    4  0.000  0.526     0.00     0.00 -1    -1e-30      0.00 7.453e-01 2.543e-01 7.186e-05 2.103e-05 1.824e-04 -1.000 4.188e-04 0.480 0.832 0.873 0.522 0.261 0.000 -0.328 -0.579 -0.605
0.00039019 -1.60000 10.10380 0.7938027382 2.4165377617    0.727  1.721  3.8054  2.752    4  0.000  0.526     0.00     0.00 -1    -1e-30      0.00 7.453e-01 2.543e-01 7.186e-05 2.103e-05 1.824e-04 -1.000 4.188e-04 0.469 0.824 0.866 0.512 0.248 -0.014 -0.345 -0.598 -0.625
0.00039019 -1.60000 10.10380 0.7938550711 2.4165563583    0.727  1.722  3.8061  2.754    4  0.000  0.526     0.00     0.00 -1    -1e-30      0.00 7.453e-01 2.543e-01 7.186e-05 2.103e-05 1.824e-04 -1.000 4.189e-04 0.466 0.820 0.860 0.509 0.246 -0.015 -0.344 -0.596 -0.622
0.00039019 -1.60000 10.10380 0.7939085960 2.4165754318    0.727  1.722  3.8072  2.758    4  0.000  0.526     0.00     0.00 -1    -1e-30      0.00 7.453e-01 2.543e-01 7.186e-05 2.103e-05 1.824e-04 -1.000 4.188e-04 0.465 0.816 0.854 0.506 0.246 -0.013 -0.339 -0.589 -0.615
0.00039019 -1.60000 10.10380 0.7939616442 2.4165942669    0.727  1.722  3.8088  2.765    4  0.000  0.526     0.00     0.00 -1    -1e-30      0.00 7.453e-01 2.543e-01 7.186e-05 2.103e-05 1.824e-04 -1.000 4.188e-04 0.466 0.811 0.847 0.504 0.247 -0.009 -0.331 -0.577 -0.602
0.00039019 -1.60000 10.10380 0.7940114737 2.4166121483    0.727  1.721  3.8106  2.773    4  0.000  0.526     0.00     0.00 -1    -1e-30      0.00 7.453e-01 2.543e-01 7.186e-05 2.103e-05 1.824e-04 -1.000 4.188e-04 0.467 0.807 0.840 0.502 0.249 -0.004 -0.321 -0.563 -0.588
0.00039019 -1.60000 10.10380 0.7940604687 2.4166295528    0.727  1.721  3.8127  2.782    4  0.000  0.526     0.00     0.00 -1    -1e-30      0.00 7.453e-01 2.543e-01 7.186e-05 2.103e-05 1.824e-04 -1.000 4.188e-04 0.468 0.804 0.832 0.501 0.252 0.003 -0.310 -0.547 -0.571
0.00039019 -1.60000 10.10380 0.7941100597 2.4166471958    0.727  1.720  3.8150  2.792    4  0.000  0.526     0.00     0.00 -1    -1e-30      0.00 7.453e-01 2.543e-01 7.186e-05 2.103e-05 1.824e-04 -1.000 4.188e-04 0.471 0.799 0.824 0.500 0.256 0.011 -0.296 -0.528 -0.552
0.00039019 -1.60000 10.10380 0.7941619158 2.4166655540    0.727  1.719  3.8176  2.803    4  0.000  0.526     0.00     0.00 -1    -1e-30      0.00 7.453e-01 2.543e-01 7.186e-05 2.103e-05 1.824e-04 -1.000 4.188e-04 0.473 0.795 0.816 0.498 0.260 0.020 -0.281 -0.507 -0.531
0.00039019 -1.60000 10.10380 0.7942130566 2.4166836739    0.727  1.718  3.8199  2.813    4  0.000  0.526     0.00     0.00 -1    -1e-30      0.00 7.453e-01 2.543e-01 7.186e-05 2.103e-05 1.824e-04 -1.000 4.189e-04 0.474 0.790 0.808 0.497 0.263 0.028 -0.268 -0.488 -0.511
0.00039019 -1.60000 10.10380 0.7942656279 2.4167025089    0.727  1.718  3.8221  2.822    4  0.000  0.526     0.00     0.00 -1    -1e-30      0.00 7.453e-01 2.543e-01 7.186e-05 2.103e-05 1.824e-04 -1.000 4.188e-04 0.476 0.786 0.801 0.496 0.266 0.035 -0.256 -0.471 -0.494
0.00039019 -1.60000 10.10380 0.7943178415 2.4167211056    0.727  1.717  3.8238  2.830    4  0.000  0.526     0.00     0.00 -1    -1e-30      0.00 7.453e-01 2.543e-01 7.186e-05 2.103e-05 1.824e-04 -1.000 4.189e-04 0.477 0.783 0.795 0.494 0.268 0.040 -0.246 -0.458 -0.480
0.00039019 -1.60000 10.10380 0.7943693995 2.4167394638    0.727  1.717  3.8250  2.834    4  0.000  0.526     0.00     0.00 -1    -1e-30      0.00 7.453e-01 2.543e-01 7.186e-05 2.103e-05 1.824e-04 -1.000 4.188e-04 0.477 0.780 0.791 0.493 0.269 0.044 -0.240 -0.449 -0.472
0.00039019 -1.60000 10.10380 0.7944193482 2.4167571068    0.727  1.717  3.8253  2.835    4  0.000  0.526     0.00     0.00 -1    -1e-30      0.00 7.453e-01 2.543e-01 7.186e-05 2.103e-05 1.824e-04 -1.000 4.188e-04 0.476 0.779 0.789 0.492 0.269 0.044 -0.239 -0.448 -0.470
0.00039019 -1.60000 10.10380 0.7944411635 2.4167647362    0.727  1.717  3.8256  2.837    4  0.000  0.526     0.00     0.00 -1    -1e-30      0.00 7.453e-01 2.543e-01 7.186e-05 2.103e-05 1.824e-04 -1.000 4.188e-04 0.476 0.778 0.787 0.492 0.269 0.044 -0.238 -0.446 -0.468
0.00039019 -1.60000 10.10380 0.7944526672 2.4167690277    0.727  1.718  3.8254  2.836    4  0.000  0.526     0.00     0.00 -1    -1e-30      0.00 7.453e-01 2.543e-01 7.186e-05 2.103e-05 1.824e-04 -1.000 4.189e-04 0.476 0.778 0.788 0.491 0.269 0.044 -0.239 -0.447 -0.469
0.00039019 -1.60000 10.10380 0.7945027947 2.4167866707    0.727  1.718  3.8248  2.832    4  0.000  0.526     0.00     0.00 -1    -1e-30      0.00 7.453e-01 2.543e-01 7.186e-05 2.103e-05 1.824e-04 -1.000 4.189e-04 0.474 0.778 0.788 0.490 0.266 0.040 -0.244 -0.454 -0.476
0.00039019 -1.60000 10.10380 0.7945536375 2.4168047905    0.728  1.720  3.8234  2.826    4  0.000  0.526     0.00     0.00 -1    -1e-30      0.00 7.453e-01 2.543e-01 7.186e-05 2.103e-05 1.824e-04 -1.000 4.189e-04 0.471 0.778 0.790 0.489 0.262 0.033 -0.254 -0.467 -0.489
0.00039019 -1.60000 10.10380 0.7946035862 2.4168226719    0.728  1.721  3.8214  2.816    4  0.000  0.526     0.00     0.00 -1    -1e-30      0.00 7.453e-01 2.543e-01 7.186e-05 2.103e-05 1.824e-04 -1.000 4.188e-04 0.467 0.779 0.794 0.487 0.256 0.024 -0.268 -0.486 -0.508
0.00039019 -1.60000 10.10380 0.7946527600 2.4168400764    0.728  1.723  3.8187  2.803    4  0.000  0.526     0.00     0.00 -1    -1e-30      0.00 7.453e-01 2.543e-01 7.186e-05 2.103e-05 1.824e-04 -1.000 4.188e-04 0.462 0.781 0.800 0.486 0.249 0.012 -0.286 -0.510 -0.533
0.00039019 -1.60000 10.10380 0.7947017550 2.4168574810    0.728  1.726  3.8153  2.787    4  0.000  0.526     0.00     0.00 -1    -1e-30      0.00 7.453e-01 2.543e-01 7.186e-05 2.103e-05 1.824e-04 -1.000 4.188e-04 0.456 0.784 0.808 0.484 0.241 -0.003 -0.310 -0.541 -0.565
0.00039019 -1.60000 10.10380 0.7947503924 2.4168746471    0.728  1.729  3.8113  2.769    4  0.000  0.526     0.00     0.00 -1    -1e-30      0.00 7.453e-01 2.543e-01 7.186e-05 2.103e-05 1.824e-04 -1.000 4.188e-04 0.449 0.788 0.818 0.482 0.231 -0.020 -0.336 -0.576 -0.601
0.00039019 -1.60000 10.10380 0.7947991490 2.4168920517    0.728  1.732  3.8068  2.748    4  0.000  0.526     0.00     0.00 -1    -1e-30      0.00 7.453e-01 2.543e-01 7.186e-05 2.103e-05 1.824e-04 -1.000 4.188e-04 0.440 0.792 0.830 0.481 0.221 -0.039 -0.366 -0.616 -0.642
0.00039019 -1.60000 10.10380 0.7948037386 2.4168937206    0.728  1.732  3.8064  2.745    4  0.000  0.526     0.00     0.00 -1    -1e-30      0.00 7.453e-01 2.543e-01 7.186e-05 2.103e-05 1.824e-04 -1.000 4.188e-04 0.440 0.793 0.831 0.481 0.220 -0.041 -0.369 -0.620 -0.646
0.00039019 -1.60000 10.10380 0.7948117852 2.4168965816    0.728  1.733  3.8056  2.742    4  0.000  0.526     0.00     0.00 -1    -1e-30      0.00 7.453e-01 2.543e-01 7.186e-05 2.103e-05 1.824e-04 -1.000 4.189e-04 0.438 0.794 0.833 0.481 0.218 -0.044 -0.374 -0.627 -0.653
0.00039019 -1.60000 10.10380 0.7948595285 2.4169135094    0.728  1.737  3.8010  2.719    4  0.000  0.526     0.00     0.00 -1    -1e-30      0.00 7.453e-01 2.543e-01 7.186e-05 2.103e-05 1.824e-04 -1.000 4.188e-04 0.429 0.798 0.845 0.479 0.206 -0.064 -0.406 -0.669 -0.697
0.00039019 -1.60000 10.10380 0.7949060202 2.4169299603    0.728  1.741  3.7964  2.697    4  0.000  0.526     0.00     0.00 -1    -1e-30      0.00 7.453e-01 2.543e-01 7.186e-05 2.103e-05 1.824e-04 -1.000 4.189e-04 0.419 0.804 0.857 0.477 0.194 -0.084 -0.438 -0.711 -0.741
0.00039019 -1.60000 10.10380 0.7949557304 2.4169476032    0.728  1.745  3.7914  2.673    4  0.000  0.526     0.00     0.00 -1    -1e-30      0.00 7.453e-01 2.543e-01 7.186e-05 2.103e-05 1.824e-04 -1.000 4.189e-04 0.407 0.809 0.870 0.473 0.181 -0.107 -0.473 -0.758 -0.789
0.00039019 -1.60000 10.10380 0.7950030565 2.4169642925    0.728  1.750  3.7867  2.649    4  0.000  0.526     0.00     0.00 -1    -1e-30      0.00 7.453e-01 2.543e-01 7.186e-05 2.103e-05 1.824e-04 -1.000 4.188e-04 0.395 0.814 0.880 0.469 0.167 -0.129 -0.507 -0.803 -0.836
0.00039019 -1.60000 10.10380 0.7950484157 2.4169805050    0.728  1.755  3.7825  2.627    4  0.000  0.526     0.00     0.00 -1    -1e-30      0.00 7.453e-01 2.543e-01 7.186e-05 2.103e-05 1.824e-04 -1.000 4.189e-04 0.382 0.817 0.889 0.464 0.154 -0.151 -0.539 -0.845 -0.879
0.00039019 -1.60000 10.10380 0.7950952053 2.4169969559    0.728  1.761  3.7781  2.604    4  0.000  0.526     0.00     0.00 -1    -1e-30      0.00 7.453e-01 2.543e-01 7.186e-05 2.103e-05 1.824e-04 -1.000 4.188e-04 0.368 0.822 0.896 0.458 0.138 -0.174 -0.573 -0.889 -0.926
0.00039019 -1.60000 10.10380 0.7951411009 2.4170134068    0.728  1.767  3.7742  2.582    4  0.000  0.526     0.00     0.00 -1    -1e-30      0.00 7.453e-01 2.543e-01 7.186e-05 2.103e-05 1.824e-04 -1.000 4.188e-04 0.353 0.827 0.902 0.451 0.123 -0.196 -0.606 -0.932 -0.970
0.00039019 -1.60000 10.10380 0.7951874733 2.4170298576    0.728  1.773  3.7708  2.563    4  0.000  0.526     0.00     0.00 -1    -1e-30      0.00 7.453e-01 2.543e-01 7.186e-05 2.103e-05 1.824e-04 -1.000 4.188e-04 0.339 0.830 0.906 0.443 0.108 -0.217 -0.637 -0.972 -1.011
0.00039019 -1.60000 10.10380 0.7952339053 2.4170463085    0.728  1.779  3.7675  2.543    4  0.000  0.526     0.00     0.00 -1    -1e-30      0.00 7.453e-01 2.543e-01 7.186e-05 2.103e-05 1.824e-04 -1.000 4.188e-04 0.323 0.830 0.907 0.433 0.092 -0.240 -0.667 -1.010 -1.051
0.00039019 -1.60000 10.10380 0.7952806354 2.4170627594    0.728  1.787  3.7641  2.522    4  0.000  0.526     0.00     0.00 -1    -1e-30      0.00 7.453e-01 2.543e-01 7.186e-05 2.103e-05 1.824e-04 -1.000 4.189e-04 0.303 0.828 0.905 0.420 0.072 -0.266 -0.703 -1.054 -1.096
0.00039019 -1.60000 10.10380 0.7952899337 2.4170660973    0.728  1.787  3.7639  2.521    4  0.000  0.526     0.00     0.00 -1    -1e-30      0.00 7.453e-01 2.543e-01 7.186e-05 2.103e-05 1.824e-04 -1.000 4.188e-04 0.302 0.828 0.905 0.419 0.071 -0.267 -0.704 -1.055 -1.097
0.00039019 -1.60000 10.10380 0.7953379154 2.4170830250    0.728  1.798  3.7599  2.494    4  0.000  0.526     0.00     0.00 -1    -1e-30      0.00 7.453e-01 2.543e-01 7.186e-05 2.103e-05 1.824e-04 -1.000 4.188e-04 0.276 0.821 0.900 0.401 0.045 -0.301 -0.748 -1.109 -1.153
0.00039019 -1.60000 10.10380 0.7953850627 2.4170999527    0.728  1.812  3.7555  2.462    4  0.000  0.526     0.00     0.00 -1    -1e-30      0.00 7.453e-01 2.543e-01 7.186e-05 2.103e-05 1.824e-04 -1.000 4.188e-04 0.239 0.812 0.889 0.373 0.008 -0.345 -0.804 -1.174 -1.221
0.00039019 -1.60000 10.10380 0.7954248190 2.4171140194    0.728  1.843  3.7483  2.403    4  0.000  0.526     0.00     0.00 -1    -1e-30      0.00 7.453e-01 2.543e-01 7.186e-05 2.103e-05 1.824e-04 -1.000 4.188e-04 0.163 0.781 0.853 0.311 -0.068 -0.434 -0.912 -1.298 -1.349
0.00039019 -1.60000 10.10380 0.7954463363 2.4171216488    0.729  1.882  3.7405  2.332    4  0.000  0.526     0.00     0.00 -1    -1e-30      0.00 7.453e-01 2.543e-01 7.186e-05 2.103e-05 1.824e-04 -1.000 4.188e-04 0.065 0.737 0.799 0.229 -0.166 -0.545 -1.042 -1.444 -1.500
0.00039019 -1.60000 10.10380 0.7954560518 2.4171249866    0.729  1.923  3.7334  2.263    4  0.000  0.526     0.00     0.00 -1    -1e-30      0.00 7.453e-01 2.543e-01 7.186e-05 2.103e-05 1.824e-04 -1.000 4.188e-04 -0.038 0.697 0.738 0.141 -0.268 -0.660 -1.176 -1.594 -1.653
0.00039019 -1.60000 10.10380 0.7954604030 2.4171264172    0.729  1.964  3.7274  2.198    4  0.000  0.526     0.00     0.00 -1    -1e-30      0.00 7.453e-01 2.543e-01 7.186e-05 2.103e-05 1.824e-04 -1.000 4.188e-04 -0.141 0.651 0.673 0.051 -0.370 -0.772 -1.304 -1.736 -1.798
0.00039019 -1.60000 10.10380 0.7954624295 2.4171271324    0.729  2.003  3.7225  2.139    4  0.000  0.526     0.00     0.00 -1    -1e-30      0.00 7.453e-01 2.543e-01 7.186e-05 2.103e-05 1.824e-04 -1.000 4.188e-04 -0.238 0.603 0.608 -0.035 -0.466 -0.876 -1.422 -1.864 -1.929
0.00039019 -1.60000 10.10380 0.7954633236 2.4171276093    0.729  2.028  3.7198  2.104    7  0.000  0.526     0.00     0.00 -1    -1e-30      0.00 7.453e-01 2.543e-01 7.186e-05 2.103e-05 1.824e-04 -1.000 4.188e-04 -0.299 0.571 0.565 -0.089 -0.526 -0.941 -1.494 -1.943 -2.010
0.00039019 -1.60000 10.10380 0.7954643369 2.4171278477    0.729  2.068  3.7160  2.048    7  0.000  0.526     0.00     0.00 -1    -1e-30      0.00 7.453e-01 2.543e-01 7.186e-05 2.103e-05 1.824e-04 -1.000 4.188e-04 -0.401 0.513 0.491 -0.181 -0.626 -1.048 -1.612 -2.069 -2.138
0.00039019 -1.60000 10.10380 0.7954652309 2.4171283245    0.729  2.105  3.7128  1.998    7  0.000  0.526     0.00     0.00 -1    -1e-30      0.00 7.453e-01 2.543e-01 7.186e-05 2.103e-05 1.824e-04 -1.000 4.188e-04 -0.493 0.459 0.422 -0.264 -0.716 -1.144 -1.717 -2.182 -2.252
0.00039019 -1.60000 10.10380 0.7954661250 2.4171285629    0.729  2.130  3.7108  1.965    7  0.000  0.526     0.00     0.00 -1    -1e-30      0.00 7.453e-01 2.543e-01 7.186e-05 2.103e-05 1.824e-04 -1.000 4.187e-04 -0.555 0.423 0.375 -0.321 -0.777 -1.209 -1.788 -2.258 -2.329
0.00039019 -1.60000 10.10380 0.7954670191 2.4171288013    0.729  2.150  3.7093  1.940    7  0.000  0.526     0.00     0.00 -1    -1e-30      0.00 7.453e-01 2.543e-01 7.186e-05 2.103e-05 1.824e-04 -1.000 4.188e-04 -0.605 0.395 0.337 -0.366 -0.826 -1.260 -1.844 -2.317 -2.389
0.00039019 -1.60000 10.10380 0.7954683900 2.4171292782    0.729  2.162  3.7084  1.924    7  0.000  0.526     0.00     0.00 -1    -1e-30      0.00 7.453e-01 2.543e-01 7.186e-05 2.103e-05 1.824e-04 -1.000 4.188e-04 -0.636 0.377 0.313 -0.394 -0.856 -1.292 -1.878 -2.354 -2.426
0.00039019 -1.60000 10.10380 0.7954708934 2.4171302319    0.729  2.154  3.7091  1.935    7  0.000  0.526     0.00     0.00 -1    -1e-30      0.00 7.453e-01 2.543e-01 7.186e-05 2.103e-05 1.824e-04 -1.000 4.189e-04 -0.614 0.388 0.329 -0.375 -0.835 -1.270 -1.854 -2.328 -2.400
0.00039019 -1.60000 10.10380 0.7954750657 2.4171316624    0.729  2.141  3.7100  1.951    7  0.000  0.526     0.00     0.00 -1    -1e-30      0.00 7.453e-01 2.543e-01 7.186e-05 2.103e-05 1.824e-04 -1.000 4.188e-04 -0.583 0.405 0.353 -0.347 -0.805 -1.238 -1.819 -2.291 -2.362
0.00039019 -1.60000 10.10380 0.7955003977 2.4171407223    0.729  2.155  3.7087  1.932    7  0.000  0.526     0.00     0.00 -1    -1e-30      0.00 7.453e-01 2.543e-01 7.186e-05 2.103e-05 1.824e-04 -1.000 4.188e-04 -0.617 0.390 0.329 -0.377 -0.838 -1.274 -1.859 -2.334 -2.406
0.00039019 -1.60000 10.10380 0.7955157757 2.4171462059    0.729  2.174  3.7070  1.906    7  0.000  0.526     0.00     0.00 -1    -1e-30      0.00 7.453e-01 2.543e-01 7.186e-05 2.103e-05 1.824e-04 -1.000 4.189e-04 -0.666 0.366 0.294 -0.420 -0.885 -1.324 -1.914 -2.394 -2.467
0.00039019 -1.60000 10.10380 0.7955344915 2.4171528816    0.729  2.215  3.7037  1.852    7  0.000  0.526     0.00     0.00 -1    -1e-30      0.00 7.453e-01 2.543e-01 7.186e-05 2.103e-05 1.824e-04 -1.000 4.188e-04 -0.769 0.311 0.219 -0.513 -0.985 -1.431 -2.031 -2.519 -2.594
0.00039019 -1.60000 10.10380 0.7955535054 2.4171595573    0.729  2.259  3.7004  1.796    7  0.000  0.526     0.00     0.00 -1    -1e-30      0.00 7.453e-01 2.543e-01 7.186e-05 2.103e-05 1.824e-04 -1.000 4.189e-04 -0.877 0.252 0.139 -0.610 -1.091 -1.542 -2.153 -2.650 -2.725
0.00039019 -1.60000 10.10380 0.7955706120 2.4171655178    0.729  2.301  3.6973  1.740    7  0.000  0.526     0.00     0.00 -1    -1e-30      0.00 7.453e-01 2.543e-01 7.186e-05 2.103e-05 1.824e-04 -1.000 4.189e-04 -0.983 0.196 0.060 -0.706 -1.194 -1.651 -2.272 -2.777 -2.855
0.00039019 -1.60000 10.10380 0.7955857515 2.4171710014    0.729  2.343  3.6942  1.686    7  0.000  0.526     0.00     0.00 -1    -1e-30      0.00 7.453e-01 2.543e-01 7.186e-05 2.103e-05 1.824e-04 -1.000 4.160e-04 -1.088 0.141 -0.017 -0.800 -1.295 -1.759 -2.390 -2.903 -2.982
0.00039019 -1.60000 10.10380 0.7955992222 2.4171757698    0.729  2.385  3.6912  1.632    7  0.000  0.526     0.00     0.00 -1    -1e-30      0.00 7.453e-01 2.543e-01 7.185e-05 2.103e-05 1.824e-04 -1.000 4.152e-04 -1.193 0.086 -0.094 -0.894 -1.397 -1.866 -2.507 -3.029 -3.109
0.00039019 -1.60000 10.10380 0.7956109643 2.4171798229    0.729  2.427  3.6883  1.579    7  0.000  0.526     0.00     0.00 -1    -1e-30      0.00 7.453e-01 2.543e-01 7.179e-05 2.104e-05 1.824e-04 -1.000 4.151e-04 -1.297 0.034 -0.169 -0.986 -1.496 -1.971 -2.622 -3.153 -3.234
0.00039019 -1.60000 10.10380 0.7956213951 2.4171836376    0.729  2.468  3.6853  1.526    7  0.000  0.523     0.00     0.00 -1    -1e-30      0.00 7.453e-01 2.543e-01 7.158e-05 2.115e-05 1.824e-04 -1.000 4.154e-04 -1.401 0.012 -0.236 -1.080 -1.599 -2.079 -2.740 -3.279 -3.359
0.00039019 -1.60000 10.10380 0.7956308722 2.4171869755    0.729  2.510  3.6823  1.472    7  0.000  0.518     0.00     0.00 -1    -1e-30      0.00 7.453e-01 2.543e-01 7.098e-05 2.162e-05 1.824e-04 -1.000 4.188e-04 -1.506 -0.034 -0.308 -1.172 -1.699 -2.186 -2.856 -3.405 -3.486
0.00039019 -1.60000 10.10380 0.7956395149 2.4171900749    0.729  2.552  3.6793  1.418    7  0.000  0.508     0.00     0.00 -1    -1e-30      0.00 7.453e-01 2.543e-01 6.979e-05 2.280e-05 1.824e-04 -1.000 4.188e-04 -1.611 -0.048 -0.371 -1.264 -1.802 -2.295 -2.975 -3.531 -3.612
0.00039019 -1.60000 10.10380 0.7956476212 2.4171929359    0.729  2.595  3.6763  1.363    7  0.000  0.495     0.00     0.00 -1    -1e-30      0.00 7.452e-01 2.543e-01 6.809e-05 2.476e-05 1.824e-04 -1.000 4.188e-04 -1.717 -0.052 -0.429 -1.356 -1.905 -2.404 -3.095 -3.659 -3.739
0.00039019 -1.60000 10.10380 0.7956551313 2.4171955585    0.729  2.637  3.6731  1.308    7  0.000  0.483     0.00     0.00 -1    -1e-30      0.00 7.452e-01 2.544e-01 6.633e-05 2.690e-05 1.824e-04 -1.000 3.988e-04 -1.823 -0.046 -0.482 -1.447 -2.008 -2.515 -3.216 -3.788 -3.867
0.00039019 -1.60000 10.10380 0.7956623435 2.4171981812    0.729  2.680  3.6700  1.252    7  0.000  0.471     0.00     0.00 -1    -1e-30      0.00 7.451e-01 2.545e-01 6.474e-05 2.885e-05 1.823e-04 -1.000 4.188e-04 -1.931 -0.032 -0.532 -1.537 -2.113 -2.627 -3.338 -3.918 -3.997
0.00039019 -1.60000 10.10380 0.7956691980 2.4172005653    0.729  2.723  3.6668  1.197    7  0.000  0.461     0.00     0.00 -1    -1e-30      0.00 7.450e-01 2.546e-01 6.339e-05 3.051e-05 1.823e-04 -1.000 4.188e-04 -2.037 -0.007 -0.577 -1.624 -2.214 -2.736 -3.459 -4.047 -4.126
0.00039019 -1.60000 10.10380 0.7956757545 2.4172027111    0.729  2.765  3.6636  1.142    7  0.000  0.453     0.00     0.00 -1    -1e-30      0.00 7.449e-01 2.547e-01 6.225e-05 3.190e-05 1.823e-04 -1.000 4.187e-04 -2.143 0.027 -0.617 -1.709 -2.314 -2.845 -3.579 -4.176 -4.254
0.00039019 -1.60000 10.10380 0.7956817150 2.4172048569    0.729  2.807  3.6605  1.087    7  0.000  0.446     0.00     0.00 -1    -1e-30      0.00 7.448e-01 2.548e-01 6.126e-05 3.312e-05 1.823e-04 -1.000 4.188e-04 -2.248 0.072 -0.651 -1.792 -2.413 -2.952 -3.699 -4.304 -4.381
0.00039019 -1.60000 10.10380 0.7956866622 2.4172067642    0.729  2.847  3.6574  1.035    7  0.000  0.440     0.00     0.00 -1    -1e-30      0.00 7.447e-01 2.549e-01 6.045e-05 3.411e-05 1.822e-04 -1.000 4.189e-04 -2.348 0.120 -0.680 -1.867 -2.505 -3.053 -3.812 -4.426 -4.503
0.00039019 -1.60000 10.10380 0.7956908345 2.4172081947    0.729  2.887  3.6543  0.983    7  0.000  0.435     0.00     0.00 -1    -1e-30      0.00 7.446e-01 2.550e-01 5.975e-05 3.497e-05 1.821e-04 -1.000 4.188e-04 -2.448 0.132 -0.722 -1.941 -2.593 -3.150 -3.922 -4.545 -4.624
0.00039019 -1.60000 10.10380 0.7956944108 2.4172093868    0.729  2.928  3.6511  0.930    7  0.000  0.431     0.00     0.00 -1    -1e-30      0.00 7.444e-01 2.552e-01 5.912e-05 3.576e-05 1.820e-04 -1.000 3.988e-04 -2.549 0.153 -0.758 -2.014 -2.682 -3.249 -4.035 -4.668 -4.748
0.00039019 -1.60000 10.10380 0.7956977487 2.4172105789    0.729  2.972  3.6477  0.872    7  0.000  0.427     0.00     0.00 -1    -1e-30      0.00 7.443e-01 2.553e-01 5.854e-05 3.651e-05 1.819e-04 -1.000 4.188e-04 -2.659 0.182 -0.795 -2.091 -2.777 -3.356 -4.156 -4.800 -4.882
0.00039019 -1.60000 10.10380 0.7957011461 2.4172117710    0.729  3.019  3.6439  0.809    7  0.000  0.425     0.00     0.00 -1    -1e-30      0.00 7.442e-01 2.554e-01 5.808e-05 3.712e-05 1.817e-04 -1.000 4.189e-04 -2.777 0.219 -0.832 -2.171 -2.877 -3.469 -4.287 -4.943 -5.027
0.00039019 -1.60000 10.10380 0.7957041860 2.4172129631    0.729  3.065  3.6402  0.749    7  0.000  0.423     0.00     0.00 -1    -1e-30      0.00 7.440e-01 2.556e-01 5.772e-05 3.765e-05 1.815e-04 -1.000 4.188e-04 -2.891 0.258 -0.865 -2.248 -2.973 -3.578 -4.413 -5.081 -5.167
0.00039019 -1.60000 10.10380 0.7957051992 2.4172132015    0.729  3.088  3.6382  0.717    7  0.000  0.422     0.00     0.00 -1    -1e-30      0.00 7.440e-01 2.556e-01 5.754e-05 3.792e-05 1.813e-04 -1.000 4.187e-04 -2.950 0.283 -0.879 -2.285 -3.021 -3.632 -4.477 -5.152 -5.240
0.00039019 -1.60000 10.10380 0.7957054377 2.4172134399    0.729  3.103  3.6370  0.698    7  0.000  0.421     0.00     0.00 -1    -1e-30      0.00 7.440e-01 2.556e-01 5.747e-05 3.804e-05 1.813e-04 -1.000 4.189e-04 -2.987 0.295 -0.890 -2.310 -3.052 -3.667 -4.518 -5.196 -5.285
0.00039019 -1.60000 10.10380 0.7957057357 2.4172134399    0.729  3.123  3.6354  0.671    7  0.000  0.420     0.00     0.00 -1    -1e-30      0.00 7.438e-01 2.557e-01 5.735e-05 3.833e-05 1.811e-04 -1.000 4.189e-04 -3.039 0.314 -0.904 -2.343 -3.095 -3.716 -4.574 -5.258 -5.348
0.00039019 -1.60000 10.10380 0.7957061529 2.4172136784    0.729  3.152  3.6330  0.633    7  0.000  0.419     0.00     0.00 -1    -1e-30      0.00 7.437e-01 2.559e-01 5.705e-05 3.891e-05 1.808e-04 -1.000 4.189e-04 -3.110 0.344 -0.921 -2.388 -3.153 -3.783 -4.652 -5.345 -5.436
0.00039019 -1.60000 10.10380 0.7957063913 2.4172136784    0.729  3.167  3.6317  0.612    7  0.549  0.418     0.00     0.00 -1    -1e-30      0.00 7.436e-01 2.560e-01 5.679e-05 3.939e-05 1.805e-04 -1.000 4.187e-04 -3.148 0.362 -0.929 -2.411 -3.183 -3.818 -4.694 -5.391 -5.483
0.00039019 -1.60000 10.10380 0.7957064509 2.4172136784    0.729  3.414  3.6091  0.275    8  0.549  0.390    94.64    44.62  1 -1.38e-06      0.00 7.290e-01 2.706e-01 6.375e-05 5.931e-05 2.177e-04 -1.000 3.690e-04 -3.766 0.771 -0.955 -2.713 -3.635 -4.368 -5.368 -6.146 -6.259
0.00039019 -1.60000 10.10380 0.7957065105 2.4172136784    0.729  3.272  3.6178  0.452    8  0.549  0.390    64.52    32.03  1 -7.17e-07      0.00 7.290e-01 2.706e-01 6.375e-05 5.931e-05 2.177e-04 -1.000 3.690e-04 -3.409 0.661 -0.875 -2.504 -3.354 -4.039 -4.987 -5.735 -5.839
0.00039019 -1.60000 10.10380 0.7957065701 2.4172136784    0.729  3.126  3.6311  0.651    8  0.549  0.390    42.07    22.13  1 -3.61e-07      0.00 7.290e-01 2.706e-01 6.375e-05 5.931e-05 2.177e-04 -1.000 3.690e-04 -3.045 0.445 -0.834 -2.308 -3.078 -3.712 -4.591 -5.291 -5.384
0.00039019 -1.60000 10.10380 0.7957066894 2.4172136784    0.728  2.931  3.6489  0.917    8  0.549  0.390    23.69    13.46  1 -1.39e-07      0.00 7.290e-01 2.706e-01 6.375e-05 5.931e-05 2.177e-04 -1.000 3.690e-04 -2.557 0.213 -0.729 -2.003 -2.680 -3.254 -4.049 -4.690 -4.771
0.00039019 -1.60000 10.10380 0.7957069278 2.4172139168    0.728  2.936  3.6483  0.909    8  0.549  0.390    24.09    13.66  1 -1.43e-07      0.00 7.290e-01 2.706e-01 6.375e-05 5.931e-05 2.177e-04 -1.000 3.690e-04 -2.571 0.220 -0.732 -2.012 -2.691 -3.267 -4.064 -4.707 -4.789
0.00039019 -1.60000 10.10380 0.7957071662 2.4172139168    0.727  3.031  3.6397  0.779    8  0.550  0.390    31.90    17.39  1 -2.29e-07      0.00 7.290e-01 2.706e-01 6.375e-05 5.931e-05 2.177e-04 -1.000 3.690e-04 -2.808 0.327 -0.786 -2.164 -2.888 -3.492 -4.329 -5.000 -5.087
0.00039019 -1.60000 10.10380 0.7957074642 2.4172141552    0.726  3.183  3.6258  0.572    8  0.550  0.390    49.90    25.58  1 -4.77e-07      0.00 7.290e-01 2.706e-01 6.375e-05 5.931e-05 2.177e-04 -1.000 3.690e-04 -3.187 0.526 -0.854 -2.388 -3.187 -3.840 -4.745 -5.464 -5.561
0.00039019 -1.60000 10.10380 0.7957078218 2.4172141552    0.725  3.313  3.6139  0.393    8  0.550  0.390    73.42    35.68  1 -8.83e-07      0.00 7.290e-01 2.706e-01 6.375e-05 5.931e-05 2.177e-04 -1.000 3.690e-04 -3.513 0.740 -0.871 -2.549 -3.427 -4.131 -5.101 -5.863 -5.971
0.00039019 -1.60000 10.10380 0.7957082391 2.4172143936    0.724  3.399  3.6060  0.275    8  0.551  0.390    94.78    44.44  1 -1.32e-06      0.00 7.290e-01 2.706e-01 6.375e-05 5.931e-05 2.177e-04 -1.000 3.690e-04 -3.728 0.897 -0.862 -2.639 -3.575 -4.318 -5.334 -6.124 -6.241
0.00039019 -1.60000 10.10380 0.7957087159 2.4172143936    0.723  3.447  3.6017  0.209    8  0.551  0.390   109.19    50.15  1 -1.64e-06      0.00 7.290e-01 2.706e-01 6.375e-05 5.931e-05 2.177e-04 -1.000 3.690e-04 -3.847 0.987 -0.853 -2.686 -3.654 -4.420 -5.460 -6.268 -6.389
0.00039019 -1.60000 10.10380 0.7957092524 2.4172146320    0.722  3.471  3.5994  0.175    8  0.552  0.390   117.63    53.41  0 -1.84e-06      0.00 7.290e-01 2.706e-01 6.375e-05 5.931e-05 2.177e-04 -1.000 3.690e-04 -3.908 1.037 -0.846 -2.707 -3.694 -4.471 -5.526 -6.342 -6.466
0.00039019 -1.60000 10.10380 0.7957097888 2.4172148705    0.721  3.487  3.5984  0.154    8  0.552  0.390   123.16    55.47  0 -1.99e-06      0.00 7.290e-01 2.706e-01 6.375e-05 5.931e-05 2.177e-04 -1.000 3.690e-04 -3.948 1.054 -0.850 -2.727 -3.724 -4.507 -5.568 -6.388 -6.514
0.00039019 -1.60000 10.10380 0.7957119346 2.4172155857    0.554 -9.999  4.0000  1.705    9  0.554  0.000     0.00     0.00 -1    -1e-30      0.00 7.290e-01 2.706e-01 6.375e-05 5.931e-05 2.177e-04 -1.000 3.690e-04 29.767 29.792 30.043 30.092 30.085 30.077 30.122 30.118 30.133
#isochrone terminated
