# File generated by CMD 3.3 (http://stev.oapd.inaf.it/cmd) on Wed May 20 16:13:41 CEST 2020
# isochrones based on PARSEC release v1.2S +  COLIBRI S_35
# Basic references: Bressan et al. (2012), MNRAS, 427, 127 + Chen et al. (2014, 2015), MNRAS, 444, 2525 + MNRAS, 452, 1068 + Tang et al. (2014), MNRAS, 445, 4287 + Marigo et al. (2017), ApJ, 835, 77 + Pastorelli al. (2019), MNRAS in press
# Thermal pulse cycles included 
# On RGB, assumed Reimers mass loss with efficiency eta=0.2
# Photometric system: <i>UBVRIJHK</i> (cf. Maiz-Apellaniz 2006 + Bessell 1990)
# Using YBC version of bolometric corrections as in Chen et al. (2019)
# O-rich circumstellar dpmod60alox40 dust from Groenewegen (2006)
# C-rich circumstellar AMCSIC15 dust from Groenewegen (2006)
# IMF: Kroupa (2001, 2002) + Kroupa et al. (2013) canonical two-part-power law IMF corrected for unresolved binaries 
# Kind of output: isochrone tables
# Zini     MH   logAge Mini        int_IMF         Mass   logL    logTe  logg  label   McoreTP C_O  period0 period1 pmode  Mloss  tau1m   X   Y   Xc  Xn  Xo  Cexcess  Z 	 mbolmag  Umag    Bmag    Vmag    Rmag    Imag    Jmag    Hmag    Kmag
0.00049103 -1.50000 10.17609 0.0900000036 1.0816895962    0.090 -3.180  3.4755  5.427    1  0.000  0.545     0.00     0.00 -1 -4.26e-22      0.00 7.474e-01 2.521e-01 8.884e-05 2.397e-05 2.174e-04 -1.000 4.941e-04 12.721 20.118 17.381 15.381 13.679 12.050 10.735 10.422 10.319
0.00049103 -1.50000 10.17609 0.0927737877 1.1077411175    0.093 -3.097  3.4874  5.404    1  0.000  0.545     0.00     0.00 -1 -1.19e-21      0.00 7.467e-01 2.528e-01 8.884e-05 2.397e-05 2.174e-04 -1.000 4.941e-04 12.513 19.336 16.857 14.881 13.332 11.835 10.568 10.203 10.088
0.00049103 -1.50000 10.17609 0.1000000015 1.1711064577    0.100 -2.891  3.5166  5.348    1  0.000  0.545     0.00     0.00 -1 -5.96e-20      0.00 7.451e-01 2.544e-01 8.884e-05 2.397e-05 2.174e-04 -1.000 4.940e-04 11.999 17.577 15.641 13.796 12.516 11.310 10.154 9.691 9.549
0.00049103 -1.50000 10.17609 0.1199999973 1.3193154335    0.120 -2.606  3.5477  5.266    1  0.000  0.545     0.00     0.00 -1 -1.24e-19      0.00 7.418e-01 2.577e-01 8.884e-05 2.397e-05 2.174e-04 -1.000 4.941e-04 11.284 15.779 14.283 12.654 11.547 10.585 9.540 9.016 8.851
0.00049103 -1.50000 10.17609 0.1400000006 1.4384527206    0.140 -2.423  3.5631  5.211    1  0.000  0.545     0.00     0.00 -1 -5.38e-21      0.00 7.394e-01 2.601e-01 8.884e-05 2.397e-05 2.174e-04 -1.000 4.941e-04 10.826 14.858 13.542 12.028 10.988 10.124 9.131 8.588 8.412
0.00049103 -1.50000 10.17609 0.1599999964 1.5372931957    0.160 -2.278  3.5732  5.165    1  0.000  0.545     0.00     0.00 -1 -4.98e-22      0.00 7.379e-01 2.616e-01 8.884e-05 2.397e-05 2.174e-04 -1.000 4.941e-04 10.465 14.214 13.008 11.567 10.571 9.762 8.803 8.249 8.066
0.00049103 -1.50000 10.17609 0.2000000179 1.6938792467    0.200 -2.056  3.5864  5.092    1  0.000  0.545     0.00     0.00 -1 -2.32e-21      0.00 7.368e-01 2.627e-01 8.884e-05 2.397e-05 2.174e-04 -1.000 4.941e-04 9.909 13.317 12.243 10.893 9.955 9.204 8.286 7.723 7.533
0.00049103 -1.50000 10.17609 0.2500000298 1.8403259516    0.250 -1.854  3.5975  5.031    1  0.000  0.545     0.00     0.00 -1 -1.18e-23      0.00 7.370e-01 2.625e-01 8.883e-05 2.397e-05 2.174e-04 -1.000 4.941e-04 9.404 12.549 11.574 10.297 9.408 8.696 7.813 7.246 7.055
0.00049103 -1.50000 10.17609 0.3000000417 1.9529141188    0.300 -1.700  3.6060  4.991    1  0.000  0.545     0.00     0.00 -1 -7.76e-24      0.00 7.372e-01 2.623e-01 8.881e-05 2.397e-05 2.174e-04 -1.000 4.941e-04 9.021 11.979 11.073 9.848 8.996 8.311 7.453 6.885 6.698
0.00049103 -1.50000 10.17609 0.3281392157 2.0060603619    0.328 -1.628  3.6103  4.975    1  0.000  0.545     0.00     0.00 -1 -5.08e-25      0.00 7.371e-01 2.624e-01 8.879e-05 2.397e-05 2.174e-04 -1.000 5.384e-04 8.840 11.708 10.834 9.635 8.801 8.128 7.284 6.714 6.531
0.00049103 -1.50000 10.17609 0.3500000238 2.0434176922    0.350 -1.576  3.6134  4.964    1  0.000  0.545     0.00     0.00 -1 -1.65e-24      0.00 7.370e-01 2.625e-01 8.878e-05 2.397e-05 2.174e-04 -1.000 5.533e-04 8.709 11.516 10.665 9.482 8.661 7.997 7.161 6.592 6.412
0.00049103 -1.50000 10.17609 0.3863433599 2.0992577076    0.386 -1.466  3.6221  4.932    1  0.000  0.545     0.00     0.00 -1 -2.45e-21      0.00 7.468e-01 2.527e-01 8.883e-05 2.397e-05 2.174e-04 -1.000 5.139e-04 8.436 11.075 10.283 9.148 8.362 7.722 6.911 6.341 6.171
0.00049103 -1.50000 10.17609 0.4000000358 2.1185026169    0.400 -1.428  3.6251  4.920    1  0.000  0.545     0.00     0.00 -1 -2.77e-20      0.00 7.503e-01 2.492e-01 8.884e-05 2.397e-05 2.174e-04 -1.000 4.940e-04 8.340 10.920 10.149 9.031 8.257 7.626 6.823 6.253 6.086
0.00049103 -1.50000 10.17609 0.4500000179 2.1822810173    0.450 -1.249  3.6447  4.870    1  0.000  0.545     0.00     0.00 -1  -6.1e-22      0.00 7.504e-01 2.491e-01 8.884e-05 2.397e-05 2.174e-04 -1.000 4.942e-04 7.892 10.111 9.473 8.456 7.757 7.179 6.428 5.868 5.725
0.00049103 -1.50000 10.17609 0.4601459801 2.1941025257    0.460 -1.206  3.6504  4.860    1  0.000  0.545     0.00     0.00 -1 -5.06e-22      0.00 7.504e-01 2.491e-01 8.884e-05 2.397e-05 2.174e-04 -1.000 4.942e-04 7.785 9.899 9.302 8.313 7.635 7.071 6.337 5.782 5.646
0.00049103 -1.50000 10.17609 0.5000000000 2.2374541759    0.500 -1.046  3.6719  4.822    1  0.000  0.545     0.00     0.00 -1 -2.12e-22      0.00 7.504e-01 2.491e-01 8.884e-05 2.397e-05 2.174e-04 -1.000 4.942e-04 7.385 9.104 8.679 7.788 7.188 6.676 6.003 5.481 5.365
0.00049103 -1.50000 10.17609 0.5500000715 2.2836585045    0.550 -0.817  3.6976  4.738    1  0.000  0.544     0.00     0.00 -1 -3.58e-27      0.00 7.933e-01 2.064e-01 7.460e-05 2.015e-05 1.828e-04 -1.000 3.943e-04 6.813 8.085 7.884 7.096 6.577 6.117 5.522 5.057 4.960
0.00049103 -1.50000 10.17609 0.6000000238 2.3211214542    0.600 -0.589  3.7281  4.669    1  0.000  0.543     0.00     0.00 -1 -3.13e-26      0.00 8.065e-01 1.931e-01 7.043e-05 1.903e-05 1.728e-04 -1.000 3.961e-04 6.243 7.093 7.109 6.434 5.989 5.581 5.072 4.672 4.595
0.00049103 -1.50000 10.17609 0.6025305390 2.3228282928    0.602 -0.577  3.7297  4.666    1  0.000  0.543     0.00     0.00 -1 -9.01e-30      0.00 8.072e-01 1.924e-01 7.018e-05 1.896e-05 1.722e-04 -1.000 3.961e-04 6.213 7.042 7.068 6.399 5.958 5.553 5.049 4.652 4.576
0.00049103 -1.50000 10.17609 0.6113017201 2.3286187649    0.611 -0.535  3.7355  4.652    1  0.000  0.543     0.00     0.00 -1 -6.89e-27      0.00 8.100e-01 1.896e-01 6.932e-05 1.873e-05 1.702e-04 -1.000 3.950e-04 6.106 6.873 6.930 6.282 5.853 5.456 4.967 4.580 4.507
0.00049103 -1.50000 10.17609 0.6198487282 2.3340804577    0.619 -0.493  3.7409  4.638    1  0.000  0.543     0.00     0.00 -1 -5.03e-24      0.00 8.127e-01 1.869e-01 6.844e-05 1.850e-05 1.681e-04 -1.000 3.944e-04 6.002 6.709 6.796 6.167 5.749 5.361 4.885 4.508 4.439
0.00049103 -1.50000 10.17609 0.6295676827 2.3400843143    0.629 -0.445  3.7470  4.621    1  0.000  0.543     0.00     0.00 -1 -8.29e-21      0.00 8.160e-01 1.836e-01 6.741e-05 1.823e-05 1.657e-04 -1.000 3.947e-04 5.881 6.529 6.644 6.037 5.631 5.253 4.792 4.424 4.360
0.00049103 -1.50000 10.17609 0.6389494538 2.3456809521    0.639 -0.397  3.7528  4.603    1  0.000  0.542     0.00     0.00 -1 -9.74e-18      0.00 8.193e-01 1.803e-01 6.638e-05 1.796e-05 1.632e-04 -1.000 3.777e-04 5.763 6.356 6.497 5.910 5.517 5.148 4.700 4.341 4.281
0.00049103 -1.50000 10.17609 0.6479100585 2.3508527279    0.648 -0.351  3.7581  4.585    1  0.000  0.542     0.00     0.00 -1 -1.11e-17      0.00 8.226e-01 1.771e-01 6.536e-05 1.768e-05 1.608e-04 -1.000 3.008e-04 5.647 6.191 6.354 5.788 5.406 5.047 4.611 4.260 4.204
0.00049103 -1.50000 10.17609 0.6499999762 2.3520355225    0.650 -0.340  3.7594  4.580    1  0.000  0.542     0.00     0.00 -1 -3.08e-14      0.00 8.233e-01 1.763e-01 6.511e-05 1.762e-05 1.601e-04 -1.000 3.955e-04 5.620 6.152 6.321 5.760 5.380 5.023 4.590 4.240 4.186
0.00049103 -1.50000 10.17609 0.6503010392 2.3522050381    0.650 -0.339  3.7595  4.580    1  0.000  0.542     0.00     0.00 -1 -3.08e-14      0.00 8.234e-01 1.762e-01 6.507e-05 1.760e-05 1.600e-04 -1.000 3.949e-04 5.616 6.146 6.316 5.756 5.376 5.019 4.586 4.237 4.183
0.00049103 -1.50000 10.17609 0.6595562696 2.3573336601    0.659 -0.288  3.7647  4.556    1  0.000  0.542     0.00     0.00 -1 -2.05e-27      0.00 8.277e-01 1.719e-01 6.371e-05 1.724e-05 1.568e-04 -1.000 3.752e-04 5.491 5.981 6.167 5.626 5.257 4.908 4.486 4.144 4.094
0.00049103 -1.50000 10.17609 0.6681588888 2.3619544506    0.668 -0.240  3.7694  4.532    1  0.000  0.541     0.00     0.00 -1 -1.72e-24      0.00 8.320e-01 1.677e-01 6.239e-05 1.689e-05 1.537e-04 -1.000 3.589e-04 5.370 5.825 6.026 5.501 5.142 4.801 4.388 4.052 4.006
0.00049103 -1.50000 10.17609 0.6765211821 2.3663167953    0.676 -0.191  3.7739  4.507    1  0.000  0.541     0.00     0.00 -1 -1.17e-21      0.00 8.363e-01 1.634e-01 6.104e-05 1.653e-05 1.504e-04 -1.000 2.979e-04 5.247 5.670 5.883 5.376 5.025 4.691 4.288 3.959 3.916
0.00049103 -1.50000 10.17609 0.6837078929 2.3699679375    0.683 -0.146  3.7778  4.482    1  0.000  0.541     0.00     0.00 -1 -3.07e-19      0.00 8.401e-01 1.595e-01 5.982e-05 1.621e-05 1.475e-04 -1.000 3.701e-04 5.136 5.533 5.755 5.261 4.918 4.591 4.196 3.872 3.833
0.00049103 -1.50000 10.17609 0.6907101274 2.3734414577    0.690 -0.100  3.7814  4.455    1  0.000  0.540     0.00     0.00 -1 -6.81e-17      0.00 8.440e-01 1.556e-01 5.858e-05 1.588e-05 1.446e-04 -1.000 3.909e-04 5.021 5.396 5.624 5.144 4.808 4.487 4.100 3.781 3.745
0.00049103 -1.50000 10.17609 0.6993514299 2.3776180744    0.699 -0.040  3.7858  4.417    1  0.000  0.540     0.00     0.00 -1 -3.59e-23      0.00 8.491e-01 1.505e-01 5.697e-05 1.545e-05 1.407e-04 -1.000 3.407e-04 4.870 5.224 5.455 4.990 4.663 4.349 3.971 3.658 3.625
0.00049103 -1.50000 10.17609 0.6999999881 2.3779268265    0.700 -0.035  3.7861  4.414    1  0.000  0.540     0.00     0.00 -1 -7.54e-24      0.00 8.495e-01 1.501e-01 5.685e-05 1.542e-05 1.404e-04 -1.000 3.399e-04 4.858 5.211 5.441 4.978 4.651 4.337 3.960 3.649 3.616
0.00049103 -1.50000 10.17609 0.7061057091 2.3808009624    0.706  0.011  3.7889  4.383    1  0.000  0.538     0.00     0.00 -1 -1.42e-28      0.00 8.533e-01 1.464e-01 5.565e-05 1.512e-05 1.378e-04 -1.000 3.381e-04 4.742 5.082 5.314 4.860 4.539 4.230 3.859 3.551 3.520
0.00049103 -1.50000 10.17609 0.7136580348 2.3842778206    0.713  0.073  3.7921  4.339    1  0.000  0.537     0.00     0.00 -1 -6.39e-26      0.00 8.575e-01 1.422e-01 5.431e-05 1.480e-05 1.349e-04 -1.000 3.233e-04 4.588 4.916 5.146 4.704 4.389 4.086 3.721 3.419 3.390
0.00049103 -1.50000 10.17609 0.7207165956 2.3874518871    0.720  0.135  3.7947  4.291    1  0.000  0.535     0.00     0.00 -1 -1.91e-23      0.00 8.599e-01 1.398e-01 5.359e-05 1.464e-05 1.335e-04 -1.000 2.961e-04 4.433 4.751 4.979 4.546 4.237 3.939 3.580 3.282 3.255
0.00049103 -1.50000 10.17609 0.7256818414 2.3896420002    0.725  0.182  3.7961  4.253    1  0.000  0.534     0.00     0.00 -1 -1.05e-21      0.00 8.610e-01 1.387e-01 5.329e-05 1.457e-05 1.330e-04 -1.000 2.960e-04 4.315 4.629 4.854 4.427 4.121 3.825 3.469 3.174 3.148
0.00049103 -1.50000 10.17609 0.7299919724 2.3915154934    0.729  0.226  3.7970  4.215    1  0.000  0.533     0.00     0.00 -1 -3.44e-20      0.00 8.617e-01 1.380e-01 5.308e-05 1.454e-05 1.327e-04 -1.000 2.960e-04 4.205 4.517 4.739 4.315 4.012 3.717 3.363 3.070 3.045
0.00049103 -1.50000 10.17609 0.7309955359 2.3919479847    0.730  0.236  3.7972  4.206    1  0.000  0.533     0.00     0.00 -1 -7.75e-20      0.00 8.618e-01 1.379e-01 5.304e-05 1.453e-05 1.326e-04 -1.000 2.960e-04 4.179 4.491 4.711 4.289 3.985 3.691 3.338 3.045 3.019
0.00049103 -1.50000 10.17609 0.7324998975 2.3925938606    0.732  0.254  3.7971  4.189    1  0.000  0.533     0.00     0.00 -1 -2.63e-19      0.00 8.620e-01 1.377e-01 5.299e-05 1.452e-05 1.326e-04 -1.000 2.960e-04 4.135 4.448 4.667 4.244 3.941 3.647 3.293 3.000 2.975
0.00049103 -1.50000 10.17609 0.7367241383 2.3943912983    0.736  0.307  3.7960  4.134    1  0.000  0.532     0.00     0.00 -1 -8.27e-18      0.00 8.626e-01 1.371e-01 5.282e-05 1.449e-05 1.324e-04 -1.000 2.960e-04 4.003 4.322 4.537 4.112 3.808 3.513 3.156 2.862 2.836
0.00049103 -1.50000 10.17609 0.7400093079 2.3957729340    0.739  0.353  3.7938  4.081    1  0.000  0.531     0.00     0.00 -1 -1.24e-16      0.00 8.630e-01 1.367e-01 5.270e-05 1.447e-05 1.322e-04 -1.000 2.960e-04 3.888 4.217 4.428 3.998 3.690 3.392 3.030 2.732 2.705
0.00049103 -1.50000 10.17609 0.7412787676 2.3963029385    0.740  0.371  3.7927  4.059    1  0.000  0.531     0.00     0.00 -1 -3.55e-16      0.00 8.632e-01 1.365e-01 5.268e-05 1.447e-05 1.322e-04 -1.000 3.126e-04 3.842 4.176 4.385 3.953 3.643 3.343 2.979 2.679 2.651
0.00049103 -1.50000 10.17609 0.7424920797 2.3968076706    0.741  0.392  3.7907  4.031    2  0.000  0.531     0.00     0.00 -1 -9.84e-16      0.00 8.632e-01 1.365e-01 5.269e-05 1.448e-05 1.323e-04 -1.000 3.004e-04 3.790 4.132 4.340 3.902 3.589 3.285 2.917 2.613 2.584
0.00049103 -1.50000 10.17609 0.7448956966 2.3978018761    0.744  0.438  3.7849  3.963    2  0.000  0.531     0.00     0.00 -1 -7.59e-15      0.00 8.618e-01 1.379e-01 5.324e-05 1.464e-05 1.338e-04 -1.000 2.961e-04 3.676 4.045 4.246 3.792 3.468 3.156 2.774 2.460 2.428
0.00049103 -1.50000 10.17609 0.7466579080 2.3985261917    0.745  0.477  3.7784  3.899    2  0.000  0.531     0.00     0.00 -1 -3.52e-14      0.00 8.536e-01 1.461e-01 5.614e-05 1.543e-05 1.410e-04 -1.000 2.969e-04 3.578 3.980 4.173 3.699 3.364 3.041 2.644 2.319 2.283
0.00049103 -1.50000 10.17609 0.7480067015 2.3990778923    0.747  0.512  3.7716  3.838    2  0.000  0.532     0.00     0.00 -1 -1.18e-13      0.00 8.333e-01 1.664e-01 6.312e-05 1.734e-05 1.583e-04 -1.000 3.040e-04 3.490 3.933 4.114 3.618 3.270 2.937 2.524 2.187 2.146
0.00049103 -1.50000 10.17609 0.7491023540 2.3995244503    0.748  0.547  3.7635  3.771    2  0.000  0.533     0.00     0.00 -1 -1.11e-15      0.00 8.085e-01 1.911e-01 7.063e-05 1.937e-05 1.765e-04 -1.000 3.970e-04 3.404 3.896 4.062 3.540 3.177 2.830 2.399 2.048 2.002
0.00049103 -1.50000 10.17609 0.7500000000 2.3998889923    0.749  0.583  3.7559  3.705    2  0.000  0.535     0.00     0.00 -1  -1.2e-26      0.00 7.928e-01 2.068e-01 7.517e-05 2.059e-05 1.874e-04 -1.000 4.528e-04 3.313 3.858 4.007 3.459 3.082 2.724 2.275 1.910 1.859
0.00049103 -1.50000 10.17609 0.7503923178 2.4000480175    0.749  0.601  3.7526  3.674    2  0.000  0.535     0.00     0.00 -1 -3.16e-30      0.00 7.870e-01 2.125e-01 7.682e-05 2.103e-05 1.914e-04 -1.000 4.496e-04 3.268 3.837 3.978 3.419 3.036 2.672 2.215 1.845 1.791
0.00049103 -1.50000 10.17609 0.7510815263 2.4003269672    0.750  0.642  3.7472  3.612    2  0.000  0.536     0.00     0.00 -1 -5.66e-30      0.00 7.798e-01 2.198e-01 7.891e-05 2.159e-05 1.964e-04 -1.000 3.971e-04 3.165 3.774 3.902 3.324 2.931 2.558 2.088 1.708 1.651
0.00049103 -1.50000 10.17609 0.7516248226 2.4005465508    0.750  0.682  3.7436  3.557    2  0.000  0.536     0.00     0.00 -1    -9e-30      0.00 7.756e-01 2.240e-01 8.008e-05 2.191e-05 1.992e-04 -1.000 4.377e-04 3.064 3.700 3.819 3.229 2.829 2.451 1.972 1.585 1.525
0.00049103 -1.50000 10.17609 0.7519957423 2.4006962776    0.751  0.713  3.7415  3.518    2  0.000  0.536     0.00     0.00 -1 -1.24e-29      0.00 7.731e-01 2.265e-01 8.075e-05 2.208e-05 2.008e-04 -1.000 3.961e-04 2.987 3.639 3.752 3.156 2.752 2.370 1.886 1.495 1.434
0.00049103 -1.50000 10.17609 0.7521556020 2.4007606506    0.751  0.728  3.7407  3.500    2  0.000  0.536     0.00     0.00 -1 -1.42e-29      0.00 7.723e-01 2.273e-01 8.097e-05 2.214e-05 2.013e-04 -1.000 4.289e-04 2.950 3.608 3.719 3.121 2.716 2.332 1.845 1.453 1.391
0.00049103 -1.50000 10.17609 0.7525847554 2.4009335041    0.751  0.769  3.7386  3.451    3  0.000  0.536     0.00     0.00 -1 -2.07e-29      0.00 7.700e-01 2.296e-01 8.152e-05 2.229e-05 2.026e-04 -1.000 4.822e-04 2.848 3.523 3.627 3.022 2.613 2.227 1.734 1.338 1.274
0.00049103 -1.50000 10.17609 0.7530545592 2.4011223316    0.752  0.817  3.7367  3.396    3  0.000  0.537     0.00     0.00 -1 -3.12e-29      0.00 7.676e-01 2.319e-01 8.204e-05 2.243e-05 2.038e-04 -1.000 4.522e-04 2.727 3.422 3.517 2.906 2.494 2.104 1.605 1.204 1.140
0.00049103 -1.50000 10.17609 0.7534537315 2.4012827873    0.752  0.861  3.7351  3.346    3  0.000  0.537     0.00     0.00 -1 -4.45e-29      0.00 7.658e-01 2.338e-01 8.242e-05 2.253e-05 2.047e-04 -1.000 4.405e-04 2.618 3.327 3.416 2.799 2.385 1.992 1.489 1.083 1.019
0.00049103 -1.50000 10.17609 0.7538354993 2.4014358521    0.752  0.906  3.7336  3.295    3  0.000  0.537     0.00     0.00 -1 -6.26e-29      0.00 7.641e-01 2.354e-01 8.273e-05 2.261e-05 2.055e-04 -1.000 4.762e-04 2.506 3.228 3.311 2.690 2.273 1.878 1.371 0.961 0.896
0.00049103 -1.50000 10.17609 0.7542235255 2.4015913010    0.753  0.955  3.7322  3.241    3  0.000  0.537     0.00     0.00 -1 -8.89e-29      0.00 7.625e-01 2.371e-01 8.300e-05 2.269e-05 2.062e-04 -1.000 4.754e-04 2.383 3.119 3.197 2.571 2.151 1.754 1.242 0.828 0.763
0.00049103 -1.50000 10.17609 0.7545803785 2.4017343521    0.753  1.003  3.7307  3.186    3  0.000  0.537     0.00     0.00 -1 -1.23e-28      0.00 7.610e-01 2.386e-01 8.321e-05 2.275e-05 2.067e-04 -1.000 4.290e-04 2.262 3.010 3.082 2.452 2.030 1.631 1.114 0.696 0.630
0.00049103 -1.50000 10.17609 0.7549009919 2.4018623829    0.753  1.051  3.7293  3.133    3  0.000  0.537     0.00     0.00 -1 -1.66e-28      0.00 7.596e-01 2.399e-01 8.336e-05 2.280e-05 2.072e-04 -1.000 4.175e-04 2.142 2.904 2.971 2.336 1.912 1.510 0.989 0.567 0.501
0.00049103 -1.50000 10.17609 0.7551814318 2.4019744396    0.754  1.096  3.7280  3.083    3  0.000  0.536     0.00     0.00 -1 -2.16e-28      0.00 7.585e-01 2.411e-01 8.345e-05 2.285e-05 2.075e-04 -1.000 4.527e-04 2.030 2.804 2.865 2.226 1.800 1.396 0.871 0.446 0.379
0.00049103 -1.50000 10.17609 0.7554547787 2.4020836353    0.754  1.144  3.7266  3.030    3  0.000  0.536     0.00     0.00 -1  -2.8e-28      0.00 7.574e-01 2.421e-01 8.350e-05 2.291e-05 2.078e-04 -1.000 4.938e-04 1.910 2.697 2.753 2.110 1.682 1.276 0.746 0.316 0.249
0.00049103 -1.50000 10.17609 0.7557170987 2.4021883011    0.754  1.194  3.7251  2.974    3  0.000  0.535     0.00     0.00 -1  -3.6e-28      0.00 7.564e-01 2.431e-01 8.351e-05 2.296e-05 2.081e-04 -1.000 4.821e-04 1.784 2.587 2.636 1.988 1.557 1.148 0.613 0.180 0.112
0.00049103 -1.50000 10.17609 0.7559372187 2.4022760391    0.754  1.240  3.7237  2.922    3  0.000  0.535     0.00     0.00 -1 -4.47e-28      0.00 7.557e-01 2.438e-01 8.348e-05 2.301e-05 2.082e-04 -1.000 4.505e-04 1.669 2.486 2.529 1.876 1.442 1.032 0.492 0.055 -0.013
0.00049103 -1.50000 10.17609 0.7561379671 2.4023559093    0.755  1.286  3.7223  2.870    3  0.000  0.534     0.00     0.00 -1 -5.46e-28      0.00 7.551e-01 2.445e-01 8.344e-05 2.307e-05 2.083e-04 -1.000 4.466e-04 1.554 2.385 2.422 1.764 1.328 0.915 0.371 -0.069 -0.138
0.00049103 -1.50000 10.17609 0.7563269138 2.4024310112    0.755  1.334  3.7207  2.817    3  0.000  0.533     0.00     0.00 -1 -6.62e-28      0.00 7.545e-01 2.450e-01 8.339e-05 2.313e-05 2.085e-04 -1.000 4.941e-04 1.436 2.282 2.312 1.649 1.210 0.795 0.246 -0.198 -0.268
0.00049103 -1.50000 10.17609 0.7564939857 2.4024975300    0.755  1.379  3.7192  2.765    3  0.000  0.533     0.00     0.00 -1 -7.86e-28      0.00 7.542e-01 2.453e-01 8.334e-05 2.319e-05 2.085e-04 -1.000 4.941e-04 1.321 2.184 2.207 1.538 1.097 0.679 0.126 -0.323 -0.393
0.00049103 -1.50000 10.17609 0.7566528916 2.4025607109    0.755  1.427  3.7176  2.711    3  0.000  0.532     0.00     0.00 -1  -9.3e-28      0.00 7.539e-01 2.456e-01 8.329e-05 2.323e-05 2.086e-04 -1.000 4.941e-04 1.202 2.083 2.098 1.424 0.979 0.558 0.000 -0.453 -0.524
0.00049103 -1.50000 10.17609 0.7567930222 2.4026165009    0.755  1.473  3.7159  2.659    3  0.000  0.532     0.00     0.00 -1 -1.08e-27      0.00 7.538e-01 2.457e-01 8.326e-05 2.326e-05 2.087e-04 -1.000 4.906e-04 1.087 1.986 1.993 1.313 0.865 0.442 -0.122 -0.579 -0.650
0.00049103 -1.50000 10.17609 0.7569177747 2.4026660919    0.755  1.518  3.7143  2.607    3  0.000  0.532     0.00     0.00 -1 -1.24e-27      0.00 7.537e-01 2.458e-01 8.325e-05 2.327e-05 2.087e-04 -1.000 4.595e-04 0.975 1.892 1.892 1.205 0.755 0.328 -0.240 -0.702 -0.774
0.00049103 -1.50000 10.17609 0.7570366859 2.4027132988    0.755  1.565  3.7126  2.554    3  0.000  0.532     0.00     0.00 -1 -1.42e-27      0.00 7.537e-01 2.459e-01 8.325e-05 2.328e-05 2.087e-04 -1.000 4.102e-04 0.859 1.794 1.787 1.093 0.640 0.211 -0.364 -0.830 -0.903
0.00049103 -1.50000 10.17609 0.7571442723 2.4027559757    0.755  1.610  3.7108  2.501    3  0.000  0.532     0.00     0.00 -1  -1.6e-27      0.00 7.537e-01 2.459e-01 8.325e-05 2.328e-05 2.087e-04 -1.000 4.105e-04 0.744 1.698 1.683 0.983 0.527 0.094 -0.486 -0.957 -1.030
0.00049103 -1.50000 10.17609 0.7572391033 2.4027936459    0.755  1.655  3.7090  2.450    3  0.000  0.532     0.00     0.00 -1  -1.8e-27      0.00 7.537e-01 2.459e-01 8.324e-05 2.329e-05 2.087e-04 -1.000 4.107e-04 0.634 1.611 1.585 0.878 0.417 -0.018 -0.603 -1.079 -1.153
0.00049103 -1.50000 10.17609 0.7573261261 2.4028279781    0.755  1.699  3.7073  2.399    3  0.000  0.532     0.00     0.00 -1 -1.18e-27      0.00 7.537e-01 2.459e-01 8.324e-05 2.329e-05 2.087e-04 -1.000 4.109e-04 0.523 1.526 1.488 0.772 0.308 -0.131 -0.721 -1.201 -1.275
0.00049103 -1.50000 10.17609 0.7574104071 2.4028615952    0.755  1.745  3.7053  2.344    3  0.000  0.532     0.00     0.00 -1 -1.03e-27      0.00 7.537e-01 2.459e-01 8.324e-05 2.329e-05 2.087e-04 -1.000 4.110e-04 0.407 1.438 1.386 0.662 0.193 -0.249 -0.845 -1.329 -1.405
0.00049103 -1.50000 10.17609 0.7574842572 2.4028909206    0.756  1.789  3.7035  2.293    3  0.000  0.532     0.00     0.00 -1 -1.13e-27      0.00 7.537e-01 2.459e-01 8.324e-05 2.329e-05 2.087e-04 -1.000 4.112e-04 0.297 1.353 1.289 0.556 0.084 -0.361 -0.963 -1.452 -1.528
0.00049103 -1.50000 10.17609 0.7575521469 2.4029176235    0.756  1.833  3.7016  2.241    3  0.000  0.532     0.00     0.00 -1 -1.23e-27      0.00 7.537e-01 2.459e-01 8.324e-05 2.329e-05 2.087e-04 -1.000 4.113e-04 0.187 1.270 1.194 0.452 -0.025 -0.473 -1.080 -1.574 -1.651
0.00049103 -1.50000 10.17609 0.7576164007 2.4029431343    0.756  1.878  3.6996  2.189    3  0.000  0.532     0.00     0.00 -1 -1.34e-27      0.00 7.537e-01 2.459e-01 8.324e-05 2.330e-05 2.087e-04 -1.000 4.114e-04 0.075 1.187 1.098 0.346 -0.135 -0.587 -1.200 -1.699 -1.776
0.00049103 -1.50000 10.17609 0.7576730251 2.4029655457    0.756  1.920  3.6977  2.139    3  0.000  0.532     0.00     0.00 -1 -1.45e-27      0.00 7.536e-01 2.459e-01 8.324e-05 2.330e-05 2.087e-04 -1.000 4.116e-04 -0.029 1.111 1.009 0.248 -0.238 -0.693 -1.312 -1.816 -1.894
0.00049103 -1.50000 10.17609 0.7577275038 2.4029872417    0.756  1.961  3.6958  2.090    3  0.000  0.532     0.00     0.00 -1 -1.56e-27      0.00 7.536e-01 2.459e-01 8.324e-05 2.330e-05 2.087e-04 -1.000 4.116e-04 -0.133 1.037 0.921 0.151 -0.338 -0.798 -1.422 -1.932 -2.011
0.00049103 -1.50000 10.17609 0.7577840686 2.4030096531    0.755  1.997  3.6942  2.048    3  0.000  0.532     0.00     0.00 -1 -1.68e-27      0.00 7.536e-01 2.460e-01 8.324e-05 2.330e-05 2.087e-04 -1.000 4.117e-04 -0.222 0.972 0.846 0.068 -0.426 -0.888 -1.518 -2.032 -2.111
0.00049103 -1.50000 10.17609 0.7578346729 2.4030296803    0.755  2.024  3.6930  2.016    3  0.000  0.532     0.00     0.00 -1 -1.79e-27      0.00 7.536e-01 2.460e-01 8.324e-05 2.330e-05 2.087e-04 -1.000 4.118e-04 -0.290 0.922 0.787 0.004 -0.493 -0.957 -1.591 -2.107 -2.187
0.00049103 -1.50000 10.17609 0.7578706741 2.4030439854    0.755  2.014  3.6937  2.029    3  0.000  0.532     0.00     0.00 -1 -1.84e-27      0.00 7.536e-01 2.460e-01 8.324e-05 2.330e-05 2.087e-04 -1.000 4.119e-04 -0.266 0.935 0.805 0.025 -0.470 -0.933 -1.564 -2.079 -2.158
0.00049103 -1.50000 10.17609 0.7578785419 2.4030470848    0.755  2.022  3.6934  2.020    3  0.000  0.532     0.00     0.00 -1 -1.86e-27      0.00 7.536e-01 2.460e-01 8.324e-05 2.330e-05 2.087e-04 -1.000 4.119e-04 -0.284 0.922 0.790 0.008 -0.488 -0.951 -1.584 -2.099 -2.179
0.00049103 -1.50000 10.17609 0.7579188347 2.4030630589    0.755  2.064  3.6914  1.969    3  0.000  0.532     0.00     0.00 -1 -1.98e-27      0.00 7.536e-01 2.460e-01 8.324e-05 2.330e-05 2.087e-04 -1.000 4.120e-04 -0.391 0.849 0.701 -0.092 -0.592 -1.060 -1.699 -2.220 -2.301
0.00049103 -1.50000 10.17609 0.7579560876 2.4030778408    0.755  2.106  3.6892  1.919    3  0.000  0.532     0.00     0.00 -1 -2.11e-27      0.00 7.536e-01 2.460e-01 8.323e-05 2.330e-05 2.087e-04 -1.000 4.120e-04 -0.496 0.784 0.617 -0.188 -0.694 -1.166 -1.812 -2.340 -2.421
0.00049103 -1.50000 10.17609 0.7579919100 2.4030919075    0.755  2.150  3.6871  1.867    3  0.000  0.532     0.00     0.00 -1 -2.24e-27      0.00 7.536e-01 2.460e-01 8.323e-05 2.331e-05 2.087e-04 -1.000 4.122e-04 -0.604 0.715 0.528 -0.288 -0.799 -1.275 -1.929 -2.464 -2.545
0.00049103 -1.50000 10.17609 0.7580221295 2.4031038284    0.755  2.189  3.6849  1.818    3  0.000  0.532     0.00     0.00 -1 -2.36e-27      0.00 7.536e-01 2.460e-01 8.323e-05 2.331e-05 2.087e-04 -1.000 4.122e-04 -0.703 0.677 0.456 -0.381 -0.898 -1.377 -2.038 -2.580 -2.660
0.00049103 -1.50000 10.17609 0.7580512762 2.4031155109    0.755  2.231  3.6827  1.768    3  0.000  0.532     0.00     0.00 -1 -2.49e-27      0.00 7.536e-01 2.460e-01 8.323e-05 2.331e-05 2.087e-04 -1.000 4.123e-04 -0.806 0.638 0.381 -0.478 -1.001 -1.484 -2.152 -2.700 -2.780
0.00049103 -1.50000 10.17609 0.7580772042 2.4031257629    0.755  2.270  3.6805  1.720    3  0.000  0.532     0.00     0.00 -1 -2.62e-27      0.00 7.536e-01 2.460e-01 8.323e-05 2.331e-05 2.087e-04 -1.000 4.123e-04 -0.906 0.603 0.311 -0.570 -1.100 -1.587 -2.262 -2.816 -2.895
0.00049103 -1.50000 10.17609 0.7581014037 2.4031352997    0.755  2.310  3.6783  1.671    3  0.000  0.532     0.00     0.00 -1 -2.75e-27      0.00 7.536e-01 2.460e-01 8.323e-05 2.331e-05 2.087e-04 -1.000 4.124e-04 -1.006 0.572 0.243 -0.661 -1.199 -1.689 -2.372 -2.932 -3.011
0.00049103 -1.50000 10.17609 0.7581240535 2.4031443596    0.755  2.350  3.6761  1.622    3  0.000  0.532     0.00     0.00 -1 -2.88e-27      0.00 7.536e-01 2.460e-01 8.323e-05 2.331e-05 2.087e-04 -1.000 4.124e-04 -1.106 0.543 0.176 -0.752 -1.298 -1.792 -2.482 -3.049 -3.126
0.00049103 -1.50000 10.17609 0.7581492066 2.4031541348    0.755  2.398  3.6733  1.563    3  0.000  0.532     0.00     0.00 -1 -3.04e-27      0.00 7.536e-01 2.460e-01 8.323e-05 2.331e-05 2.087e-04 -1.000 4.125e-04 -1.226 0.516 0.099 -0.859 -1.415 -1.915 -2.615 -3.189 -3.266
0.00049103 -1.50000 10.17609 0.7581681609 2.4031617641    0.755  2.437  3.6710  1.514    3  0.000  0.532     0.00     0.00 -1 -3.17e-27      0.00 7.536e-01 2.460e-01 8.323e-05 2.331e-05 2.087e-04 -1.000 4.125e-04 -1.323 0.498 0.039 -0.946 -1.510 -2.015 -2.723 -3.303 -3.379
0.00049103 -1.50000 10.17609 0.7581891418 2.4031701088    0.755  2.484  3.6681  1.456    3  0.000  0.532     0.00     0.00 -1 -3.33e-27      0.00 7.536e-01 2.460e-01 8.323e-05 2.331e-05 2.087e-04 -1.000 4.125e-04 -1.440 0.438 -0.044 -1.044 -1.617 -2.129 -2.848 -3.437 -3.515
0.00049103 -1.50000 10.17609 0.7582085133 2.4031777382    0.754  2.531  3.6653  1.398    3  0.000  0.532     0.00     0.00 -1  -3.5e-27      0.00 7.536e-01 2.460e-01 8.323e-05 2.331e-05 2.087e-04 -1.000 4.126e-04 -1.556 0.435 -0.108 -1.143 -1.729 -2.248 -2.977 -3.575 -3.652
0.00049103 -1.50000 10.17609 0.7582271099 2.4031851292    0.754  2.579  3.6624  1.338    3  0.000  0.532     0.00     0.00 -1 -3.67e-27      0.00 7.536e-01 2.460e-01 8.323e-05 2.331e-05 2.087e-04 -1.000 4.126e-04 -1.677 0.432 -0.173 -1.247 -1.845 -2.371 -3.111 -3.716 -3.793
0.00049103 -1.50000 10.17609 0.7582424879 2.4031910896    0.754  2.622  3.6594  1.283    3  0.000  0.532     0.00     0.00 -1 -3.83e-27      0.00 7.536e-01 2.460e-01 8.323e-05 2.331e-05 2.087e-04 -1.000 4.126e-04 -1.785 0.452 -0.220 -1.335 -1.947 -2.481 -3.232 -3.845 -3.922
0.00049103 -1.50000 10.17609 0.7582578659 2.4031972885    0.754  2.669  3.6565  1.224    3  0.000  0.532     0.00     0.00 -1 -4.01e-27      0.00 7.536e-01 2.460e-01 8.323e-05 2.331e-05 2.087e-04 -1.000 4.127e-04 -1.902 0.455 -0.279 -1.430 -2.055 -2.597 -3.360 -3.981 -4.059
0.00049103 -1.50000 10.17609 0.7582713366 2.4032025337    0.753  2.713  3.6536  1.168    3  0.000  0.532     0.00     0.00 -1 -4.18e-27      0.00 7.536e-01 2.460e-01 8.323e-05 2.331e-05 2.087e-04 -1.000 4.126e-04 -2.013 0.448 -0.336 -1.517 -2.155 -2.705 -3.480 -4.112 -4.191
0.00049103 -1.50000 10.17609 0.7582839131 2.4032075405    0.753  2.758  3.6506  1.112    3  0.000  0.532     0.00     0.00 -1 -4.35e-27      0.00 7.536e-01 2.460e-01 8.323e-05 2.331e-05 2.087e-04 -1.000 4.127e-04 -2.124 0.443 -0.394 -1.605 -2.256 -2.814 -3.601 -4.242 -4.322
0.00049103 -1.50000 10.17609 0.7582955956 2.4032120705    0.753  2.802  3.6477  1.055    3  0.000  0.532     0.00     0.00 -1 -4.53e-27      0.00 7.536e-01 2.460e-01 8.323e-05 2.331e-05 2.087e-04 -1.000 4.127e-04 -2.236 0.438 -0.451 -1.692 -2.355 -2.922 -3.722 -4.373 -4.455
0.00049103 -1.50000 10.17609 0.7583059072 2.4032161236    0.753  2.845  3.6446  1.000    3  0.000  0.532     0.00     0.00 -1  -4.7e-27      0.00 7.536e-01 2.460e-01 8.323e-05 2.331e-05 2.087e-04 -1.000 4.127e-04 -2.341 0.442 -0.501 -1.771 -2.448 -3.024 -3.837 -4.498 -4.581
0.00049103 -1.50000 10.17609 0.7583159804 2.4032201767    0.752  2.889  3.6417  0.944    3  0.000  0.532     0.00     0.00 -1 -4.88e-27      0.00 7.536e-01 2.460e-01 8.323e-05 2.331e-05 2.087e-04 -1.000 4.128e-04 -2.452 0.457 -0.547 -1.852 -2.545 -3.130 -3.957 -4.627 -4.713
0.00049103 -1.50000 10.17609 0.7583248615 2.4032237530    0.752  2.931  3.6387  0.890    3  0.000  0.532     0.00     0.00 -1 -5.06e-27      0.00 7.536e-01 2.460e-01 8.323e-05 2.331e-05 2.087e-04 -1.000 4.128e-04 -2.557 0.480 -0.585 -1.926 -2.634 -3.230 -4.071 -4.751 -4.838
0.00049103 -1.50000 10.17609 0.7583331466 2.4032270908    0.751  2.972  3.6356  0.836    3  0.000  0.532     0.00     0.00 -1 -5.24e-27      0.00 7.536e-01 2.460e-01 8.323e-05 2.331e-05 2.087e-04 -1.000 4.129e-04 -2.660 0.506 -0.621 -1.997 -2.722 -3.328 -4.184 -4.874 -4.963
0.00049103 -1.50000 10.17609 0.7583413124 2.4032301903    0.751  3.016  3.6327  0.780    3  0.000  0.532     0.00     0.00 -1 -5.43e-27      0.00 7.536e-01 2.460e-01 8.323e-05 2.331e-05 2.087e-04 -1.000 4.128e-04 -2.770 0.528 -0.663 -2.074 -2.815 -3.433 -4.303 -5.003 -5.094
0.00049103 -1.50000 10.17609 0.7583482265 2.4032330513    0.750  3.055  3.6296  0.728    3  0.000  0.532     0.00     0.00 -1 -5.61e-27      0.00 7.536e-01 2.460e-01 8.323e-05 2.331e-05 2.087e-04 -1.000 4.128e-04 -2.869 0.560 -0.693 -2.139 -2.897 -3.525 -4.410 -5.120 -5.214
0.00049103 -1.50000 10.17609 0.7583553195 2.4032356739    0.750  3.099  3.6266  0.673    3  0.000  0.532     0.00     0.00 -1 -5.81e-27      0.00 7.536e-01 2.460e-01 8.323e-05 2.331e-05 2.087e-04 -1.000 4.128e-04 -2.977 0.585 -0.731 -2.212 -2.987 -3.626 -4.526 -5.247 -5.343
0.00049103 -1.50000 10.17609 0.7583616972 2.4032382965    0.749  3.140  3.6236  0.619    3  0.000  0.532     0.00     0.00 -1    -6e-27      0.00 7.536e-01 2.460e-01 8.323e-05 2.331e-05 2.087e-04 -1.000 4.129e-04 -3.080 0.618 -0.762 -2.279 -3.071 -3.722 -4.637 -5.368 -5.467
0.00049103 -1.50000 10.17609 0.7583677173 2.4032406807    0.748  3.181  3.6206  0.565    3  0.000  0.532     0.00     0.00 -1  -6.2e-27      0.00 7.536e-01 2.460e-01 8.323e-05 2.331e-05 2.087e-04 -1.000 4.129e-04 -3.183 0.651 -0.793 -2.345 -3.155 -3.817 -4.748 -5.490 -5.591
0.00049103 -1.50000 10.17609 0.7583734989 2.4032428265    0.748  3.223  3.6176  0.511    3  0.000  0.532     0.00     0.00 -1 -6.41e-27      0.00 7.536e-01 2.460e-01 8.323e-05 2.331e-05 2.087e-04 -1.000 4.129e-04 -3.288 0.687 -0.822 -2.411 -3.240 -3.914 -4.860 -5.613 -5.717
0.00049103 -1.50000 10.17609 0.7583788037 2.4032449722    0.747  3.264  3.6146  0.458    3  0.000  0.532     0.00     0.00 -1 -6.62e-27      0.00 7.536e-01 2.460e-01 8.323e-05 2.332e-05 2.087e-04 -1.000 4.129e-04 -3.390 0.733 -0.840 -2.468 -3.318 -4.006 -4.969 -5.733 -5.839
0.00049103 -1.50000 10.17609 0.7583846450 2.4032473564    0.746  3.307  3.6116  0.401    3  0.000  0.532     0.00     0.00 -1 -6.85e-27      0.00 7.536e-01 2.460e-01 8.323e-05 2.332e-05 2.087e-04 -1.000 4.129e-04 -3.498 0.778 -0.859 -2.528 -3.402 -4.105 -5.085 -5.860 -5.969
0.00049103 -1.50000 10.17609 0.7583846450 2.4032473564    0.686  1.671  3.8718  3.042    4  0.000  0.525     0.00     0.00 -1    -1e-30      0.00 7.422e-01 2.573e-01 8.499e-05 2.500e-05 2.160e-04 -1.000 4.942e-04 0.592 0.809 0.739 0.564 0.435 0.299 0.122 0.009 -0.007
0.00049103 -1.50000 10.17609 0.7583853602 2.4032475948    0.686  1.682  3.8648  3.003    4  0.000  0.525     0.00     0.00 -1    -1e-30      0.00 7.422e-01 2.573e-01 8.499e-05 2.500e-05 2.160e-04 -1.000 4.940e-04 0.565 0.793 0.733 0.539 0.396 0.247 0.055 -0.070 -0.087
0.00049103 -1.50000 10.17609 0.7584183216 2.4032607079    0.686  1.688  3.8635  2.992    4  0.000  0.525     0.00     0.00 -1    -1e-30      0.00 7.422e-01 2.573e-01 8.499e-05 2.500e-05 2.160e-04 -1.000 4.941e-04 0.551 0.781 0.722 0.526 0.380 0.229 0.034 -0.094 -0.111
0.00049103 -1.50000 10.17609 0.7584713697 2.4032816887    0.686  1.689  3.8654  2.999    4  0.000  0.525     0.00     0.00 -1    -1e-30      0.00 7.422e-01 2.573e-01 8.499e-05 2.500e-05 2.160e-04 -1.000 4.941e-04 0.548 0.775 0.714 0.522 0.381 0.233 0.042 -0.082 -0.099
0.00049103 -1.50000 10.17609 0.7585234642 2.4033021927    0.686  1.689  3.8673  3.007    4  0.000  0.525     0.00     0.00 -1    -1e-30      0.00 7.422e-01 2.573e-01 8.499e-05 2.500e-05 2.160e-04 -1.000 4.942e-04 0.549 0.773 0.708 0.522 0.384 0.240 0.053 -0.067 -0.084
0.00049103 -1.50000 10.17609 0.7585757375 2.4033229351    0.686  1.688  3.8697  3.017    4  0.000  0.525     0.00     0.00 -1    -1e-30      0.00 7.422e-01 2.573e-01 8.499e-05 2.500e-05 2.160e-04 -1.000 4.941e-04 0.550 0.770 0.702 0.522 0.389 0.249 0.068 -0.048 -0.065
0.00049103 -1.50000 10.17609 0.7586284280 2.4033436775    0.686  1.687  3.8724  3.029    4  0.000  0.525     0.00     0.00 -1    -1e-30      0.00 7.422e-01 2.573e-01 8.499e-05 2.500e-05 2.160e-04 -1.000 4.941e-04 0.552 0.768 0.695 0.523 0.396 0.261 0.085 -0.026 -0.042
0.00049103 -1.50000 10.17609 0.7586821318 2.4033648968    0.686  1.686  3.8753  3.041    4  0.000  0.525     0.00     0.00 -1    -1e-30      0.00 7.422e-01 2.573e-01 8.499e-05 2.500e-05 2.160e-04 -1.000 4.941e-04 0.555 0.766 0.689 0.526 0.404 0.274 0.104 -0.002 -0.018
0.00049103 -1.50000 10.17609 0.7587358952 2.4033861160    0.686  1.685  3.8780  3.053    4  0.000  0.525     0.00     0.00 -1    -1e-30      0.00 7.422e-01 2.573e-01 8.499e-05 2.500e-05 2.160e-04 -1.000 4.941e-04 0.557 0.764 0.684 0.528 0.412 0.287 0.123 0.021 0.006
0.00049103 -1.50000 10.17609 0.7587866187 2.4034061432    0.686  1.684  3.8804  3.064    4  0.000  0.525     0.00     0.00 -1    -1e-30      0.00 7.422e-01 2.573e-01 8.499e-05 2.500e-05 2.160e-04 -1.000 4.941e-04 0.560 0.763 0.679 0.530 0.419 0.298 0.139 0.042 0.026
0.00049103 -1.50000 10.17609 0.7588368654 2.4034261703    0.686  1.683  3.8822  3.072    4  0.000  0.525     0.00     0.00 -1    -1e-30      0.00 7.422e-01 2.573e-01 8.499e-05 2.500e-05 2.160e-04 -1.000 4.941e-04 0.562 0.762 0.676 0.532 0.424 0.307 0.151 0.057 0.041
0.00049103 -1.50000 10.17609 0.7588896155 2.4034469128    0.686  1.683  3.8837  3.078    4  0.000  0.525     0.00     0.00 -1    -1e-30      0.00 7.422e-01 2.573e-01 8.499e-05 2.500e-05 2.160e-04 -1.000 4.941e-04 0.563 0.761 0.674 0.534 0.428 0.314 0.161 0.069 0.054
0.00049103 -1.50000 10.17609 0.7589398026 2.4034667015    0.686  1.682  3.8845  3.082    4  0.000  0.525     0.00     0.00 -1    -1e-30      0.00 7.422e-01 2.573e-01 8.499e-05 2.500e-05 2.160e-04 -1.000 4.941e-04 0.564 0.760 0.672 0.535 0.431 0.318 0.167 0.076 0.061
0.00049103 -1.50000 10.17609 0.7589948177 2.4034883976    0.686  1.683  3.8847  3.083    4  0.000  0.525     0.00     0.00 -1    -1e-30      0.00 7.422e-01 2.573e-01 8.499e-05 2.500e-05 2.160e-04 -1.000 4.941e-04 0.563 0.760 0.671 0.534 0.431 0.318 0.167 0.077 0.062
0.00049103 -1.50000 10.17609 0.7590492368 2.4035098553    0.686  1.683  3.8840  3.079    4  0.000  0.525     0.00     0.00 -1    -1e-30      0.00 7.422e-01 2.573e-01 8.499e-05 2.500e-05 2.160e-04 -1.000 4.941e-04 0.562 0.759 0.671 0.533 0.428 0.314 0.161 0.070 0.055
0.00049103 -1.50000 10.17609 0.7590602040 2.4035141468    0.686  1.684  3.8837  3.078    4  0.000  0.525     0.00     0.00 -1    -1e-30      0.00 7.422e-01 2.573e-01 8.499e-05 2.500e-05 2.160e-04 -1.000 4.941e-04 0.561 0.759 0.671 0.532 0.427 0.312 0.160 0.068 0.053
0.00049103 -1.50000 10.17609 0.7590869665 2.4035248756    0.686  1.684  3.8830  3.074    4  0.000  0.525     0.00     0.00 -1    -1e-30      0.00 7.422e-01 2.573e-01 8.499e-05 2.500e-05 2.160e-04 -1.000 4.941e-04 0.560 0.759 0.672 0.531 0.424 0.308 0.154 0.061 0.046
0.00049103 -1.50000 10.17609 0.7591408491 2.4035460949    0.686  1.686  3.8809  3.064    4  0.000  0.525     0.00     0.00 -1    -1e-30      0.00 7.422e-01 2.573e-01 8.499e-05 2.500e-05 2.160e-04 -1.000 4.940e-04 0.556 0.758 0.674 0.526 0.415 0.296 0.138 0.041 0.026
0.00049103 -1.50000 10.17609 0.7591897845 2.4035654068    0.686  1.687  3.8782  3.052    4  0.000  0.525     0.00     0.00 -1    -1e-30      0.00 7.422e-01 2.573e-01 8.499e-05 2.500e-05 2.160e-04 -1.000 4.941e-04 0.551 0.758 0.677 0.522 0.406 0.281 0.117 0.016 0.001
0.00049103 -1.50000 10.17609 0.7592386603 2.4035847187    0.687  1.690  3.8748  3.036    4  0.000  0.525     0.00     0.00 -1    -1e-30      0.00 7.422e-01 2.573e-01 8.499e-05 2.500e-05 2.160e-04 -1.000 4.941e-04 0.546 0.757 0.682 0.516 0.394 0.263 0.092 -0.015 -0.031
0.00049103 -1.50000 10.17609 0.7592911720 2.4036052227    0.687  1.693  3.8703  3.015    4  0.000  0.525     0.00     0.00 -1    -1e-30      0.00 7.422e-01 2.573e-01 8.499e-05 2.500e-05 2.160e-04 -1.000 4.941e-04 0.538 0.757 0.687 0.509 0.378 0.240 0.059 -0.056 -0.072
0.00049103 -1.50000 10.17609 0.7593405247 2.4036247730    0.687  1.696  3.8652  2.991    4  0.000  0.525     0.00     0.00 -1    -1e-30      0.00 7.422e-01 2.573e-01 8.499e-05 2.500e-05 2.160e-04 -1.000 4.941e-04 0.529 0.757 0.695 0.503 0.361 0.213 0.022 -0.103 -0.120
0.00049103 -1.50000 10.17609 0.7593897581 2.4036443233    0.687  1.700  3.8594  2.964    4  0.000  0.525     0.00     0.00 -1    -1e-30      0.00 7.422e-01 2.573e-01 8.499e-05 2.500e-05 2.160e-04 -1.000 4.941e-04 0.520 0.757 0.704 0.497 0.343 0.184 -0.020 -0.155 -0.173
0.00049103 -1.50000 10.17609 0.7594196796 2.4036560059    0.687  1.703  3.8557  2.947    4  0.000  0.525     0.00     0.00 -1    -1e-30      0.00 7.422e-01 2.573e-01 8.499e-05 2.500e-05 2.160e-04 -1.000 4.941e-04 0.514 0.757 0.710 0.494 0.333 0.166 -0.046 -0.189 -0.207
0.00049103 -1.50000 10.17609 0.7594352365 2.4036622047    0.687  1.704  3.8535  2.937    4  0.000  0.525     0.00     0.00 -1    -1e-30      0.00 7.422e-01 2.573e-01 8.499e-05 2.500e-05 2.160e-04 -1.000 4.941e-04 0.510 0.757 0.714 0.492 0.327 0.156 -0.061 -0.208 -0.226
0.00049103 -1.50000 10.17609 0.7594867945 2.4036824703    0.687  1.709  3.8462  2.903    4  0.000  0.525     0.00     0.00 -1    -1e-30      0.00 7.422e-01 2.573e-01 8.499e-05 2.500e-05 2.160e-04 -1.000 4.941e-04 0.498 0.758 0.727 0.486 0.306 0.122 -0.112 -0.274 -0.293
0.00049103 -1.50000 10.17609 0.7595393062 2.4037032127    0.687  1.714  3.8383  2.866    4  0.000  0.525     0.00     0.00 -1    -1e-30      0.00 7.422e-01 2.573e-01 8.499e-05 2.500e-05 2.160e-04 -1.000 4.941e-04 0.484 0.760 0.742 0.480 0.284 0.085 -0.167 -0.346 -0.366
0.00049103 -1.50000 10.17609 0.7595910430 2.4037234783    0.687  1.720  3.8300  2.827    4  0.000  0.525     0.00     0.00 -1    -1e-30      0.00 7.422e-01 2.573e-01 8.499e-05 2.500e-05 2.160e-04 -1.000 4.941e-04 0.470 0.764 0.759 0.475 0.262 0.047 -0.224 -0.421 -0.442
0.00049103 -1.50000 10.17609 0.7596409321 2.4037432671    0.687  1.726  3.8214  2.786    4  0.000  0.525     0.00     0.00 -1    -1e-30      0.00 7.422e-01 2.573e-01 8.499e-05 2.500e-05 2.160e-04 -1.000 4.941e-04 0.455 0.770 0.778 0.471 0.240 0.009 -0.282 -0.498 -0.521
0.00049103 -1.50000 10.17609 0.7596908212 2.4037628174    0.687  1.733  3.8131  2.747    4  0.000  0.525     0.00     0.00 -1    -1e-30      0.00 7.422e-01 2.573e-01 8.499e-05 2.500e-05 2.160e-04 -1.000 4.941e-04 0.438 0.777 0.796 0.465 0.218 -0.029 -0.340 -0.574 -0.599
0.00049103 -1.50000 10.17609 0.7597405910 2.4037823677    0.687  1.739  3.8052  2.709    4  0.000  0.525     0.00     0.00 -1    -1e-30      0.00 7.422e-01 2.573e-01 8.499e-05 2.500e-05 2.160e-04 -1.000 4.942e-04 0.422 0.784 0.815 0.460 0.197 -0.065 -0.395 -0.647 -0.674
0.00049103 -1.50000 10.17609 0.7597915530 2.4038026333    0.687  1.746  3.7975  2.671    4  0.000  0.525     0.00     0.00 -1    -1e-30      0.00 7.422e-01 2.573e-01 8.499e-05 2.500e-05 2.160e-04 -1.000 4.941e-04 0.404 0.791 0.833 0.455 0.175 -0.100 -0.449 -0.719 -0.748
0.00049103 -1.50000 10.17609 0.7598418593 2.4038224220    0.687  1.754  3.7902  2.634    4  0.000  0.525     0.00     0.00 -1    -1e-30      0.00 7.422e-01 2.573e-01 8.499e-05 2.500e-05 2.160e-04 -1.000 4.941e-04 0.385 0.798 0.850 0.448 0.154 -0.135 -0.503 -0.789 -0.821
0.00049103 -1.50000 10.17609 0.7598925233 2.4038422108    0.687  1.763  3.7830  2.596    4  0.000  0.525     0.00     0.00 -1    -1e-30      0.00 7.422e-01 2.573e-01 8.499e-05 2.500e-05 2.160e-04 -1.000 4.941e-04 0.362 0.802 0.862 0.438 0.128 -0.173 -0.559 -0.862 -0.896
0.00049103 -1.50000 10.17609 0.7599427700 2.4038619995    0.687  1.766  3.7798  2.580    4  0.000  0.525     0.00     0.00 -1    -1e-30      0.00 7.422e-01 2.573e-01 8.499e-05 2.500e-05 2.160e-04 -1.000 4.941e-04 0.354 0.808 0.871 0.436 0.120 -0.188 -0.582 -0.892 -0.928
0.00049103 -1.50000 10.17609 0.7599912882 2.4038810730    0.687  1.777  3.7729  2.542    4  0.000  0.525     0.00     0.00 -1    -1e-30      0.00 7.422e-01 2.573e-01 8.499e-05 2.500e-05 2.160e-04 -1.000 4.941e-04 0.329 0.818 0.882 0.424 0.094 -0.227 -0.640 -0.968 -1.006
0.00049103 -1.50000 10.17609 0.7600297928 2.4038963318    0.687  1.793  3.7663  2.500    4  0.000  0.525     0.00     0.00 -1    -1e-30      0.00 7.422e-01 2.573e-01 8.499e-05 2.500e-05 2.160e-04 -1.000 4.941e-04 0.288 0.813 0.877 0.396 0.053 -0.280 -0.710 -1.054 -1.095
0.00049103 -1.50000 10.17609 0.7600535154 2.4039056301    0.687  1.805  3.7618  2.469    4  0.000  0.525     0.00     0.00 -1    -1e-30      0.00 7.422e-01 2.573e-01 8.499e-05 2.500e-05 2.160e-04 -1.000 4.941e-04 0.258 0.805 0.871 0.374 0.022 -0.319 -0.761 -1.115 -1.158
0.00049103 -1.50000 10.17609 0.7600713372 2.4039125443    0.687  1.821  3.7571  2.435    4  0.000  0.525     0.00     0.00 -1    -1e-30      0.00 7.422e-01 2.573e-01 8.499e-05 2.500e-05 2.160e-04 -1.000 4.941e-04 0.217 0.793 0.856 0.342 -0.019 -0.368 -0.822 -1.187 -1.233
0.00049103 -1.50000 10.17609 0.7600845098 2.4039177895    0.687  1.834  3.7535  2.407    4  0.000  0.525     0.00     0.00 -1    -1e-30      0.00 7.422e-01 2.573e-01 8.499e-05 2.500e-05 2.160e-04 -1.000 4.941e-04 0.184 0.784 0.844 0.317 -0.052 -0.408 -0.871 -1.244 -1.292
0.00049103 -1.50000 10.17609 0.7600952983 2.4039220810    0.687  1.854  3.7488  2.369    4  0.000  0.525     0.00     0.00 -1    -1e-30      0.00 7.422e-01 2.573e-01 8.499e-05 2.500e-05 2.160e-04 -1.000 4.941e-04 0.136 0.765 0.822 0.278 -0.101 -0.465 -0.940 -1.323 -1.374
0.00049103 -1.50000 10.17609 0.7601041794 2.4039256573    0.687  1.876  3.7438  2.326    4  0.000  0.525     0.00     0.00 -1    -1e-30      0.00 7.422e-01 2.573e-01 8.499e-05 2.500e-05 2.160e-04 -1.000 4.941e-04 0.079 0.744 0.795 0.232 -0.156 -0.529 -1.017 -1.411 -1.465
0.00049103 -1.50000 10.17609 0.7601100206 2.4039278030    0.687  1.898  3.7393  2.287    4  0.000  0.525     0.00     0.00 -1    -1e-30      0.00 7.422e-01 2.573e-01 8.499e-05 2.500e-05 2.160e-04 -1.000 4.941e-04 0.025 0.723 0.767 0.187 -0.210 -0.591 -1.090 -1.494 -1.550
0.00049103 -1.50000 10.17609 0.7601140141 2.4039294720    0.688  1.929  3.7338  2.234    4  0.000  0.525     0.00     0.00 -1    -1e-30      0.00 7.422e-01 2.573e-01 8.499e-05 2.500e-05 2.160e-04 -1.000 4.941e-04 -0.052 0.696 0.723 0.122 -0.286 -0.677 -1.191 -1.607 -1.666
0.00049103 -1.50000 10.17609 0.7601165771 2.4039304256    0.688  1.964  3.7284  2.177    4  0.000  0.525     0.00     0.00 -1    -1e-30      0.00 7.422e-01 2.573e-01 8.499e-05 2.500e-05 2.160e-04 -1.000 4.941e-04 -0.139 0.660 0.670 0.047 -0.372 -0.772 -1.301 -1.730 -1.791
0.00049103 -1.50000 10.17609 0.7601180673 2.4039309025    0.688  2.001  3.7235  2.121    4  0.000  0.525     0.00     0.00 -1    -1e-30      0.00 7.422e-01 2.573e-01 8.499e-05 2.500e-05 2.160e-04 -1.000 4.941e-04 -0.232 0.619 0.610 -0.034 -0.464 -0.872 -1.414 -1.854 -1.918
0.00049103 -1.50000 10.17609 0.7601186633 2.4039311409    0.688  2.020  3.7212  2.092    7  0.000  0.525     0.00     0.00 -1    -1e-30      0.00 7.422e-01 2.573e-01 8.499e-05 2.500e-05 2.160e-04 -1.000 4.941e-04 -0.280 0.594 0.578 -0.076 -0.511 -0.922 -1.471 -1.917 -1.982
0.00049103 -1.50000 10.17609 0.7601193786 2.4039316177    0.688  2.052  3.7179  2.047    7  0.000  0.525     0.00     0.00 -1    -1e-30      0.00 7.422e-01 2.573e-01 8.499e-05 2.500e-05 2.160e-04 -1.000 4.941e-04 -0.359 0.553 0.521 -0.147 -0.588 -1.006 -1.564 -2.017 -2.084
0.00049103 -1.50000 10.17609 0.7601202130 2.4039318562    0.688  2.089  3.7143  1.996    7  0.000  0.525     0.00     0.00 -1    -1e-30      0.00 7.422e-01 2.573e-01 8.499e-05 2.500e-05 2.160e-04 -1.000 4.941e-04 -0.452 0.503 0.455 -0.230 -0.679 -1.103 -1.672 -2.134 -2.202
0.00049103 -1.50000 10.17609 0.7601209879 2.4039320946    0.688  2.125  3.7111  1.946    7  0.000  0.525     0.00     0.00 -1    -1e-30      0.00 7.422e-01 2.573e-01 8.499e-05 2.500e-05 2.160e-04 -1.000 4.941e-04 -0.543 0.455 0.389 -0.312 -0.768 -1.199 -1.777 -2.247 -2.317
0.00049103 -1.50000 10.17609 0.7601218224 2.4039325714    0.688  2.142  3.7096  1.923    7  0.000  0.525     0.00     0.00 -1    -1e-30      0.00 7.422e-01 2.573e-01 8.499e-05 2.500e-05 2.160e-04 -1.000 4.941e-04 -0.586 0.431 0.357 -0.351 -0.811 -1.244 -1.826 -2.300 -2.371
0.00049103 -1.50000 10.17609 0.7601230145 2.4039330482    0.688  2.159  3.7084  1.902    7  0.000  0.525     0.00     0.00 -1    -1e-30      0.00 7.422e-01 2.573e-01 8.499e-05 2.500e-05 2.160e-04 -1.000 4.941e-04 -0.627 0.409 0.327 -0.388 -0.850 -1.286 -1.872 -2.349 -2.420
0.00049103 -1.50000 10.17609 0.7601252794 2.4039337635    0.688  2.172  3.7074  1.885    7  0.000  0.525     0.00     0.00 -1    -1e-30      0.00 7.422e-01 2.573e-01 8.499e-05 2.500e-05 2.160e-04 -1.000 4.941e-04 -0.660 0.391 0.302 -0.418 -0.883 -1.320 -1.910 -2.389 -2.461
0.00049103 -1.50000 10.17609 0.7601287961 2.4039351940    0.688  2.164  3.7080  1.895    7  0.000  0.525     0.00     0.00 -1    -1e-30      0.00 7.422e-01 2.573e-01 8.499e-05 2.500e-05 2.160e-04 -1.000 4.941e-04 -0.640 0.402 0.317 -0.400 -0.864 -1.300 -1.888 -2.366 -2.437
0.00049103 -1.50000 10.17609 0.7601510882 2.4039440155    0.688  2.146  3.7091  1.918    7  0.000  0.525     0.00     0.00 -1    -1e-30      0.00 7.422e-01 2.573e-01 8.499e-05 2.500e-05 2.160e-04 -1.000 4.941e-04 -0.595 0.430 0.352 -0.359 -0.819 -1.253 -1.838 -2.313 -2.383
0.00049103 -1.50000 10.17609 0.7601653934 2.4039497375    0.688  2.173  3.7066  1.881    7  0.000  0.525     0.00     0.00 -1    -1e-30      0.00 7.422e-01 2.573e-01 8.499e-05 2.500e-05 2.160e-04 -1.000 4.941e-04 -0.662 0.399 0.306 -0.417 -0.884 -1.323 -1.915 -2.396 -2.468
0.00049103 -1.50000 10.17609 0.7601864338 2.4039578438    0.688  2.222  3.7024  1.815    7  0.000  0.525     0.00     0.00 -1    -1e-30      0.00 7.422e-01 2.573e-01 8.499e-05 2.500e-05 2.160e-04 -1.000 4.941e-04 -0.786 0.338 0.218 -0.528 -1.004 -1.451 -2.056 -2.549 -2.623
0.00049103 -1.50000 10.17609 0.7602036595 2.4039647579    0.688  2.270  3.6984  1.751    7  0.000  0.525     0.00     0.00 -1    -1e-30      0.00 7.422e-01 2.573e-01 8.499e-05 2.500e-05 2.160e-04 -1.000 4.941e-04 -0.905 0.279 0.132 -0.634 -1.120 -1.574 -2.192 -2.695 -2.770
0.00049103 -1.50000 10.17609 0.7602190971 2.4039707184    0.688  2.319  3.6946  1.687    7  0.000  0.525     0.00     0.00 -1    -1e-30      0.00 7.422e-01 2.573e-01 8.499e-05 2.500e-05 2.160e-04 -1.000 4.941e-04 -1.027 0.221 0.046 -0.742 -1.237 -1.699 -2.329 -2.843 -2.920
0.00049103 -1.50000 10.17609 0.7602326274 2.4039759636    0.688  2.362  3.6912  1.631    7  0.000  0.525     0.00     0.00 -1    -1e-30      0.00 7.422e-01 2.573e-01 8.498e-05 2.500e-05 2.160e-04 -1.000 4.941e-04 -1.134 0.169 -0.030 -0.837 -1.340 -1.809 -2.450 -2.973 -3.051
0.00049103 -1.50000 10.17609 0.7602447271 2.4039807320    0.688  2.404  3.6880  1.575    7  0.000  0.524     0.00     0.00 -1    -1e-30      0.00 7.422e-01 2.573e-01 8.494e-05 2.501e-05 2.160e-04 -1.000 4.942e-04 -1.240 0.120 -0.105 -0.929 -1.441 -1.916 -2.569 -3.102 -3.181
0.00049103 -1.50000 10.17609 0.7602553368 2.4039850235    0.688  2.446  3.6848  1.521    7  0.000  0.523     0.00     0.00 -1    -1e-30      0.00 7.422e-01 2.573e-01 8.477e-05 2.506e-05 2.160e-04 -1.000 4.942e-04 -1.344 0.115 -0.165 -1.024 -1.546 -2.026 -2.688 -3.230 -3.308
0.00049103 -1.50000 10.17609 0.7602647543 2.4039885998    0.688  2.486  3.6817  1.468    7  0.000  0.520     0.00     0.00 -1    -1e-30      0.00 7.422e-01 2.573e-01 8.426e-05 2.538e-05 2.160e-04 -1.000 4.938e-04 -1.446 0.066 -0.235 -1.110 -1.640 -2.127 -2.801 -3.353 -3.432
0.00049103 -1.50000 10.17609 0.7602733374 2.4039921761    0.688  2.527  3.6785  1.414    7  0.000  0.513     0.00     0.00 -1    -1e-30      0.00 7.422e-01 2.573e-01 8.303e-05 2.648e-05 2.160e-04 -1.000 4.934e-04 -1.548 0.058 -0.293 -1.200 -1.740 -2.233 -2.917 -3.477 -3.556
0.00049103 -1.50000 10.17609 0.7602812648 2.4039952755    0.688  2.568  3.6754  1.361    7  0.000  0.500     0.00     0.00 -1    -1e-30      0.00 7.422e-01 2.573e-01 8.103e-05 2.868e-05 2.160e-04 -1.000 4.941e-04 -1.650 0.059 -0.346 -1.287 -1.839 -2.339 -3.033 -3.601 -3.679
0.00049103 -1.50000 10.17609 0.7602885365 2.4039981365    0.688  2.608  3.6722  1.308    7  0.000  0.486     0.00     0.00 -1    -1e-30      0.00 7.422e-01 2.573e-01 7.875e-05 3.143e-05 2.159e-04 -1.000 4.941e-04 -1.751 0.068 -0.395 -1.372 -1.937 -2.444 -3.149 -3.725 -3.803
0.00049103 -1.50000 10.17609 0.7602955103 2.4040007591    0.688  2.649  3.6690  1.254    7  0.000  0.473     0.00     0.00 -1    -1e-30      0.00 7.421e-01 2.574e-01 7.662e-05 3.404e-05 2.159e-04 -1.000 4.941e-04 -1.853 0.086 -0.440 -1.457 -2.035 -2.549 -3.265 -3.849 -3.926
0.00049103 -1.50000 10.17609 0.7603020668 2.4040033817    0.688  2.690  3.6658  1.201    7  0.000  0.462     0.00     0.00 -1    -1e-30      0.00 7.421e-01 2.574e-01 7.482e-05 3.625e-05 2.159e-04 -1.000 4.940e-04 -1.954 0.114 -0.480 -1.538 -2.130 -2.652 -3.380 -3.972 -4.049
0.00049103 -1.50000 10.17609 0.7603083253 2.4040057659    0.688  2.729  3.6627  1.149    7  0.000  0.453     0.00     0.00 -1    -1e-30      0.00 7.420e-01 2.575e-01 7.331e-05 3.809e-05 2.159e-04 -1.000 4.941e-04 -2.053 0.149 -0.515 -1.617 -2.224 -2.754 -3.493 -4.094 -4.171
0.00049103 -1.50000 10.17609 0.7603142858 2.4040081501    0.688  2.769  3.6595  1.096    7  0.000  0.445     0.00     0.00 -1    -1e-30      0.00 7.419e-01 2.576e-01 7.201e-05 3.969e-05 2.159e-04 -1.000 4.941e-04 -2.153 0.195 -0.546 -1.695 -2.318 -2.856 -3.607 -4.217 -4.293
0.00049103 -1.50000 10.17609 0.7603195906 2.4040102959    0.688  2.810  3.6562  1.043    7  0.000  0.437     0.00     0.00 -1    -1e-30      0.00 7.418e-01 2.577e-01 7.084e-05 4.114e-05 2.158e-04 -1.000 4.941e-04 -2.254 0.228 -0.581 -1.770 -2.408 -2.955 -3.720 -4.339 -4.416
0.00049103 -1.50000 10.17609 0.7603239417 2.4040119648    0.688  2.848  3.6530  0.991    7  0.000  0.431     0.00     0.00 -1    -1e-30      0.00 7.417e-01 2.578e-01 6.981e-05 4.239e-05 2.158e-04 -1.000 4.941e-04 -2.351 0.240 -0.621 -1.841 -2.493 -3.049 -3.827 -4.457 -4.535
0.00049103 -1.50000 10.17609 0.7603276372 2.4040133953    0.688  2.888  3.6498  0.938    7  0.000  0.426     0.00     0.00 -1    -1e-30      0.00 7.416e-01 2.579e-01 6.890e-05 4.351e-05 2.157e-04 -1.000 4.941e-04 -2.450 0.262 -0.657 -1.913 -2.580 -3.146 -3.938 -4.578 -4.658
0.00049103 -1.50000 10.17609 0.7603307366 2.4040145874    0.688  2.928  3.6464  0.885    7  0.000  0.421     0.00     0.00 -1    -1e-30      0.00 7.415e-01 2.580e-01 6.810e-05 4.450e-05 2.156e-04 -1.000 4.941e-04 -2.550 0.293 -0.689 -1.981 -2.664 -3.241 -4.048 -4.699 -4.781
0.00049103 -1.50000 10.17609 0.7603340149 2.4040160179    0.688  2.973  3.6427  0.825    7  0.000  0.417     0.00     0.00 -1    -1e-30      0.00 7.414e-01 2.581e-01 6.742e-05 4.534e-05 2.154e-04 -1.000 4.942e-04 -2.662 0.333 -0.722 -2.056 -2.758 -3.348 -4.172 -4.835 -4.919
0.00049103 -1.50000 10.17609 0.7603366971 2.4040169716    0.688  3.013  3.6393  0.772    7  0.000  0.415     0.00     0.00 -1    -1e-30      0.00 7.413e-01 2.582e-01 6.697e-05 4.592e-05 2.153e-04 -1.000 4.940e-04 -2.763 0.371 -0.750 -2.122 -2.842 -3.443 -4.283 -4.957 -5.043
0.00049103 -1.50000 10.17609 0.7603396177 2.4040181637    0.688  3.071  3.6343  0.694    7  0.000  0.412     0.00     0.00 -1    -1e-30      0.00 7.412e-01 2.583e-01 6.650e-05 4.654e-05 2.150e-04 -1.000 4.940e-04 -2.907 0.430 -0.787 -2.214 -2.959 -3.577 -4.441 -5.132 -5.222
0.00049103 -1.50000 10.17609 0.7603397369 2.4040181637    0.688  3.075  3.6339  0.688    7  0.000  0.412     0.00     0.00 -1    -1e-30      0.00 7.412e-01 2.583e-01 6.647e-05 4.659e-05 2.150e-04 -1.000 4.941e-04 -2.917 0.435 -0.789 -2.220 -2.968 -3.586 -4.452 -5.144 -5.235
0.00049103 -1.50000 10.17609 0.7603399754 2.4040184021    0.688  3.081  3.6334  0.680    7  0.000  0.412     0.00     0.00 -1    -1e-30      0.00 7.412e-01 2.584e-01 6.642e-05 4.665e-05 2.150e-04 -1.000 4.941e-04 -2.932 0.441 -0.793 -2.230 -2.980 -3.600 -4.468 -5.162 -5.253
0.00049103 -1.50000 10.17609 0.7603400946 2.4040184021    0.688  3.098  3.6319  0.658    7  0.000  0.411     0.00     0.00 -1    -1e-30      0.00 7.411e-01 2.584e-01 6.615e-05 4.708e-05 2.148e-04 -1.000 4.941e-04 -2.974 0.461 -0.802 -2.256 -3.014 -3.640 -4.515 -5.214 -5.306
0.00049103 -1.50000 10.17609 0.7603403330 2.4040184021    0.688  3.120  3.6299  0.627    7  0.000  0.409     0.00     0.00 -1    -1e-30      0.00 7.410e-01 2.585e-01 6.587e-05 4.761e-05 2.145e-04 -1.000 4.942e-04 -3.031 0.489 -0.815 -2.291 -3.059 -3.692 -4.578 -5.284 -5.377
0.00049103 -1.50000 10.17609 0.7603406310 2.4040186405    0.688  3.138  3.6283  0.603    7  0.000  0.409     0.00     0.00 -1    -1e-30      0.00 7.409e-01 2.586e-01 6.571e-05 4.798e-05 2.142e-04 -1.000 4.941e-04 -3.074 0.511 -0.823 -2.316 -3.093 -3.732 -4.625 -5.337 -5.431
0.00049103 -1.50000 10.17609 0.7603409886 2.4040186405    0.688  3.162  3.6262  0.570    7  0.000  0.407     0.00     0.00 -1    -1e-30      0.00 7.408e-01 2.587e-01 6.532e-05 4.863e-05 2.139e-04 -1.000 4.942e-04 -3.136 0.541 -0.836 -2.353 -3.142 -3.788 -4.692 -5.411 -5.508
0.00049103 -1.50000 10.17609 0.7603414059 2.4040188789    0.688  3.414  3.6091  0.250    8  0.549  0.390   100.66    45.40  1 -1.65e-06      0.00 7.290e-01 2.706e-01 6.375e-05 5.931e-05 2.177e-04 -1.000 3.690e-04 -3.766 0.775 -0.974 -2.723 -3.637 -4.364 -5.366 -6.145 -6.260
0.00049103 -1.50000 10.17609 0.7603414655 2.4040188789    0.688  3.268  3.6172  0.428    8  0.549  0.390    68.47    32.53  1 -8.47e-07      0.00 7.290e-01 2.706e-01 6.375e-05 5.931e-05 2.177e-04 -1.000 3.690e-04 -3.400 0.684 -0.874 -2.498 -3.344 -4.026 -4.979 -5.730 -5.835
0.00049103 -1.50000 10.17609 0.7603415251 2.4040188789    0.688  3.119  3.6308  0.632    8  0.549  0.390    44.14    22.26  1 -4.19e-07      0.00 7.290e-01 2.706e-01 6.375e-05 5.931e-05 2.177e-04 -1.000 3.690e-04 -3.028 0.463 -0.827 -2.296 -3.061 -3.691 -4.572 -5.275 -5.367
0.00049103 -1.50000 10.17609 0.7603416443 2.4040188789    0.688  2.932  3.6479  0.887    8  0.549  0.390    25.44    13.82  1 -1.67e-07      0.00 7.290e-01 2.706e-01 6.375e-05 5.931e-05 2.177e-04 -1.000 3.690e-04 -2.559 0.245 -0.720 -2.002 -2.680 -3.253 -4.054 -4.699 -4.780
0.00049103 -1.50000 10.17609 0.7603418827 2.4040191174    0.688  2.939  3.6472  0.878    8  0.549  0.390    25.97    14.06  1 -1.73e-07      0.00 7.290e-01 2.706e-01 6.375e-05 5.931e-05 2.177e-04 -1.000 3.690e-04 -2.577 0.253 -0.724 -2.013 -2.694 -3.270 -4.073 -4.721 -4.802
0.00049103 -1.50000 10.17609 0.7603421211 2.4040191174    0.688  3.039  3.6381  0.741    8  0.550  0.390    34.88    18.15  1 -2.84e-07      0.00 7.290e-01 2.706e-01 6.375e-05 5.931e-05 2.177e-04 -1.000 3.690e-04 -2.827 0.365 -0.784 -2.173 -2.900 -3.506 -4.351 -5.029 -5.116
0.00049103 -1.50000 10.17609 0.7603424191 2.4040193558    0.688  3.189  3.6244  0.536    8  0.550  0.390    54.34    26.61  1 -5.85e-07      0.00 7.290e-01 2.706e-01 6.375e-05 5.931e-05 2.177e-04 -1.000 3.690e-04 -3.203 0.558 -0.858 -2.397 -3.198 -3.850 -4.764 -5.490 -5.588
0.00049103 -1.50000 10.17609 0.7603427768 2.4040193558    0.688  3.317  3.6127  0.361    8  0.550  0.390    79.24    36.85  1 -1.06e-06      0.00 7.290e-01 2.706e-01 6.375e-05 5.931e-05 2.177e-04 -1.000 3.690e-04 -3.523 0.773 -0.874 -2.553 -3.430 -4.134 -5.112 -5.880 -5.989
0.00049103 -1.50000 10.17609 0.7603431940 2.4040195942    0.688  3.401  3.6051  0.246    8  0.551  0.390   101.49    45.61  1 -1.56e-06      0.00 7.290e-01 2.706e-01 6.375e-05 5.931e-05 2.177e-04 -1.000 3.690e-04 -3.733 0.927 -0.868 -2.643 -3.575 -4.316 -5.337 -6.134 -6.252
0.00049103 -1.50000 10.17609 0.7603436112 2.4040195942    0.688  3.447  3.6009  0.183    8  0.551  0.390   116.29    51.27  0 -1.93e-06      0.00 7.290e-01 2.706e-01 6.375e-05 5.931e-05 2.177e-04 -1.000 3.690e-04 -3.848 1.014 -0.862 -2.690 -3.653 -4.414 -5.461 -6.273 -6.398
0.00049103 -1.50000 10.17609 0.7603441477 2.4040198326    0.688  3.471  3.5987  0.151    8  0.552  0.390   124.85    54.48  0 -2.15e-06      0.00 7.290e-01 2.706e-01 6.375e-05 5.931e-05 2.177e-04 -1.000 3.690e-04 -3.908 1.061 -0.857 -2.712 -3.692 -4.465 -5.525 -6.345 -6.473
0.00049103 -1.50000 10.17609 0.7603446841 2.4040200710    0.688  3.487  3.5984  0.134    8  0.552  0.390   129.56    56.21  0  -2.3e-06      0.00 7.290e-01 2.706e-01 6.375e-05 5.931e-05 2.177e-04 -1.000 3.690e-04 -3.948 1.051 -0.879 -2.742 -3.728 -4.503 -5.565 -6.387 -6.515
0.00049103 -1.50000 10.17609 0.7603467703 2.4040210247    0.554 -9.999  4.0000  1.705    9  0.554  0.000     0.00     0.00 -1    -1e-30      0.00 7.290e-01 2.706e-01 6.375e-05 5.931e-05 2.177e-04 -1.000 3.690e-04 29.767 29.789 30.041 30.090 30.083 30.075 30.120 30.117 30.132
#isochrone terminated
