# File generated by CMD 3.3 (http://stev.oapd.inaf.it/cmd) on Wed May 20 16:16:50 CEST 2020
# isochrones based on PARSEC release v1.2S +  COLIBRI S_35
# Basic references: Bressan et al. (2012), MNRAS, 427, 127 + Chen et al. (2014, 2015), MNRAS, 444, 2525 + MNRAS, 452, 1068 + Tang et al. (2014), MNRAS, 445, 4287 + Marigo et al. (2017), ApJ, 835, 77 + Pastorelli al. (2019), MNRAS in press
# Thermal pulse cycles included 
# On RGB, assumed Reimers mass loss with efficiency eta=0.2
# Photometric system: <i>UBVRIJHK</i> (cf. Maiz-Apellaniz 2006 + Bessell 1990)
# Using YBC version of bolometric corrections as in Chen et al. (2019)
# O-rich circumstellar dpmod60alox40 dust from Groenewegen (2006)
# C-rich circumstellar AMCSIC15 dust from Groenewegen (2006)
# IMF: Kroupa (2001, 2002) + Kroupa et al. (2013) canonical two-part-power law IMF corrected for unresolved binaries 
# Kind of output: isochrone tables
# Zini     MH   logAge Mini        int_IMF         Mass   logL    logTe  logg  label   McoreTP C_O  period0 period1 pmode  Mloss  tau1m   X   Y   Xc  Xn  Xo  Cexcess  Z 	 mbolmag  Umag    Bmag    Vmag    Rmag    Imag    Jmag    Hmag    Kmag
0.00049103 -1.50000 10.30103 0.0900000036 1.0816895962    0.090 -3.176  3.4763  5.425    1  0.000  0.545     0.00     0.00 -1    -1e-30      0.00 7.464e-01 2.532e-01 8.884e-05 2.397e-05 2.174e-04 -1.000 4.941e-04 12.710 20.072 17.351 15.352 13.660 12.039 10.727 10.410 10.307
0.00049103 -1.50000 10.30103 0.1000000015 1.1711064577    0.100 -2.888  3.5172  5.347    1  0.000  0.545     0.00     0.00 -1    -1e-30      0.00 7.432e-01 2.563e-01 8.884e-05 2.397e-05 2.174e-04 -1.000 4.941e-04 11.990 17.546 15.620 13.778 12.502 11.301 10.147 9.684 9.541
0.00049103 -1.50000 10.30103 0.1199999973 1.3193154335    0.120 -2.602  3.5483  5.264    1  0.000  0.545     0.00     0.00 -1    -1e-30      0.00 7.389e-01 2.606e-01 8.884e-05 2.397e-05 2.174e-04 -1.000 4.940e-04 11.275 15.753 14.263 12.639 11.534 10.576 9.532 9.007 8.842
0.00049103 -1.50000 10.30103 0.1400000006 1.4384527206    0.140 -2.416  3.5636  5.206    1  0.000  0.545     0.00     0.00 -1    -1e-30      0.00 7.359e-01 2.636e-01 8.884e-05 2.397e-05 2.174e-04 -1.000 4.940e-04 10.810 14.825 13.516 12.005 10.968 10.108 9.117 8.572 8.396
0.00049103 -1.50000 10.30103 0.1599999964 1.5372931957    0.160 -2.269  3.5737  5.158    1  0.000  0.545     0.00     0.00 -1    -1e-30      0.00 7.343e-01 2.652e-01 8.884e-05 2.397e-05 2.174e-04 -1.000 4.941e-04 10.443 14.177 12.977 11.539 10.546 9.739 8.781 8.227 8.043
0.00049103 -1.50000 10.30103 0.2000000179 1.6938792467    0.200 -2.047  3.5867  5.085    1  0.000  0.545     0.00     0.00 -1    -1e-30      0.00 7.335e-01 2.660e-01 8.884e-05 2.397e-05 2.174e-04 -1.000 4.941e-04 9.887 13.286 12.215 10.868 9.932 9.182 8.266 7.702 7.512
0.00049103 -1.50000 10.30103 0.2500000298 1.8403259516    0.250 -1.848  3.5978  5.027    1  0.000  0.545     0.00     0.00 -1    -1e-30      0.00 7.339e-01 2.656e-01 8.883e-05 2.397e-05 2.174e-04 -1.000 4.941e-04 9.389 12.527 11.555 10.280 9.393 8.682 7.800 7.232 7.041
0.00049103 -1.50000 10.30103 0.3000000417 1.9529141188    0.300 -1.697  3.6064  4.989    1  0.000  0.545     0.00     0.00 -1    -1e-30      0.00 7.339e-01 2.656e-01 8.881e-05 2.397e-05 2.174e-04 -1.000 4.940e-04 9.012 11.963 11.060 9.837 8.986 8.302 7.446 6.877 6.690
0.00049103 -1.50000 10.30103 0.3500000238 2.0434176922    0.350 -1.573  3.6139  4.963    1  0.000  0.544     0.00     0.00 -1    -1e-30      0.00 7.333e-01 2.662e-01 8.876e-05 2.397e-05 2.174e-04 -1.000 4.940e-04 8.703 11.500 10.652 9.472 8.653 7.990 7.156 6.587 6.407
0.00049103 -1.50000 10.30103 0.4000000358 2.1185026169    0.400 -1.417  3.6263  4.914    1  0.000  0.545     0.00     0.00 -1    -1e-30      0.00 7.502e-01 2.493e-01 8.884e-05 2.397e-05 2.174e-04 -1.000 4.940e-04 8.311 10.869 10.107 8.995 8.225 7.598 6.798 6.228 6.062
0.00049103 -1.50000 10.30103 0.4500000179 2.1822810173    0.450 -1.229  3.6472  4.861    1  0.000  0.545     0.00     0.00 -1    -1e-30      0.00 7.504e-01 2.491e-01 8.884e-05 2.397e-05 2.174e-04 -1.000 4.941e-04 7.843 10.015 9.396 8.390 7.701 7.129 6.386 5.827 5.688
0.00049103 -1.50000 10.30103 0.5000000000 2.2374541759    0.500 -1.014  3.6763  4.808    1  0.000  0.545     0.00     0.00 -1    -1e-30      0.00 7.504e-01 2.491e-01 8.884e-05 2.397e-05 2.174e-04 -1.000 4.941e-04 7.305 8.945 8.557 7.685 7.100 6.598 5.937 5.424 5.312
0.00049103 -1.50000 10.30103 0.5500000715 2.2836585045    0.550 -0.755  3.7042  4.702    1  0.000  0.544     0.00     0.00 -1    -1e-30      0.00 8.070e-01 1.926e-01 7.006e-05 1.893e-05 1.718e-04 -1.000 3.951e-04 6.658 7.828 7.681 6.917 6.416 5.968 5.392 4.941 4.849
0.00049103 -1.50000 10.30103 0.6000000238 2.3211214542    0.600 -0.486  3.7394  4.612    1  0.000  0.542     0.00     0.00 -1    -1e-30      0.00 8.238e-01 1.758e-01 6.475e-05 1.751e-05 1.592e-04 -1.000 3.951e-04 5.985 6.707 6.787 6.153 5.732 5.342 4.862 4.483 4.412
0.00049103 -1.50000 10.30103 0.6032178998 2.3232891560    0.603 -0.467  3.7417  4.604    1  0.000  0.542     0.00     0.00 -1 -1.02e-30      0.00 8.251e-01 1.745e-01 6.434e-05 1.740e-05 1.582e-04 -1.000 3.895e-04 5.938 6.637 6.728 6.102 5.686 5.299 4.825 4.449 4.380
0.00049103 -1.50000 10.30103 0.6103466749 2.3279976845    0.610 -0.424  3.7466  4.586    1  0.000  0.542     0.00     0.00 -1    -1e-30      0.00 8.281e-01 1.716e-01 6.343e-05 1.716e-05 1.560e-04 -1.000 3.176e-04 5.831 6.482 6.596 5.988 5.581 5.202 4.739 4.371 4.306
0.00049103 -1.50000 10.30103 0.6172868013 2.3324615955    0.617 -0.381  3.7513  4.567    1  0.000  0.542     0.00     0.00 -1    -1e-30      0.00 8.310e-01 1.687e-01 6.251e-05 1.692e-05 1.538e-04 -1.000 3.309e-04 5.723 6.329 6.464 5.873 5.477 5.106 4.653 4.291 4.231
0.00049103 -1.50000 10.30103 0.6237875819 2.3365395069    0.623 -0.339  3.7556  4.546    1  0.000  0.542     0.00     0.00 -1    -1e-30      0.00 8.337e-01 1.659e-01 6.162e-05 1.668e-05 1.517e-04 -1.000 3.940e-04 5.618 6.184 6.337 5.763 5.376 5.012 4.570 4.214 4.157
0.00049103 -1.50000 10.30103 0.6301380396 2.3404300213    0.630 -0.296  3.7598  4.525    1  0.000  0.542     0.00     0.00 -1    -1e-30      0.00 8.365e-01 1.631e-01 6.074e-05 1.645e-05 1.495e-04 -1.000 3.941e-04 5.511 6.036 6.208 5.650 5.272 4.915 4.483 4.133 4.080
0.00049103 -1.50000 10.30103 0.6360721588 2.3439846039    0.636 -0.254  3.7637  4.502    1  0.000  0.541     0.00     0.00 -1    -1e-30      0.00 8.392e-01 1.604e-01 5.989e-05 1.622e-05 1.476e-04 -1.000 3.280e-04 5.404 5.901 6.084 5.541 5.170 4.820 4.395 4.051 4.001
0.00049103 -1.50000 10.30103 0.6426742077 2.3478507996    0.642 -0.203  3.7680  4.473    1  0.000  0.541     0.00     0.00 -1    -1e-30      0.00 8.423e-01 1.574e-01 5.893e-05 1.596e-05 1.452e-04 -1.000 2.961e-04 5.279 5.743 5.939 5.411 5.049 4.706 4.290 3.951 3.905
0.00049103 -1.50000 10.30103 0.6486508250 2.3512730598    0.648 -0.154  3.7717  4.443    1  0.000  0.541     0.00     0.00 -1    -1e-30      0.00 8.451e-01 1.546e-01 5.805e-05 1.573e-05 1.432e-04 -1.000 2.971e-04 5.156 5.594 5.799 5.285 4.931 4.594 4.186 3.852 3.809
0.00049103 -1.50000 10.30103 0.6499999762 2.3520355225    0.650 -0.142  3.7725  4.435    1  0.000  0.541     0.00     0.00 -1    -1e-30      0.00 8.458e-01 1.539e-01 5.783e-05 1.567e-05 1.426e-04 -1.000 2.969e-04 5.126 5.559 5.766 5.255 4.903 4.567 4.160 3.828 3.785
0.00049103 -1.50000 10.30103 0.6520192623 2.3531699181    0.652 -0.125  3.7737  4.424    1  0.000  0.541     0.00     0.00 -1    -1e-30      0.00 8.470e-01 1.527e-01 5.744e-05 1.557e-05 1.417e-04 -1.000 2.985e-04 5.082 5.507 5.717 5.211 4.861 4.527 4.123 3.792 3.750
0.00049103 -1.50000 10.30103 0.6587662101 2.3569023609    0.658 -0.061  3.7775  4.379    1  0.000  0.540     0.00     0.00 -1    -1e-30      0.00 8.511e-01 1.486e-01 5.615e-05 1.523e-05 1.387e-04 -1.000 3.029e-04 4.922 5.323 5.539 5.048 4.705 4.378 3.982 3.657 3.618
0.00049103 -1.50000 10.30103 0.6653127074 2.3604407310    0.665  0.005  3.7810  4.331    1  0.000  0.540     0.00     0.00 -1    -1e-30      0.00 8.523e-01 1.474e-01 5.580e-05 1.514e-05 1.378e-04 -1.000 2.960e-04 4.757 5.137 5.357 4.879 4.544 4.223 3.834 3.514 3.478
0.00049103 -1.50000 10.30103 0.6701436639 2.3630011082    0.670  0.058  3.7831  4.290    1  0.000  0.540     0.00     0.00 -1    -1e-30      0.00 8.530e-01 1.467e-01 5.558e-05 1.508e-05 1.373e-04 -1.000 2.960e-04 4.625 4.995 5.216 4.746 4.415 4.098 3.713 3.397 3.362
0.00049103 -1.50000 10.30103 0.6745030880 2.3652753830    0.674  0.110  3.7845  4.246    1  0.000  0.540     0.00     0.00 -1    -1e-30      0.00 8.537e-01 1.460e-01 5.539e-05 1.503e-05 1.369e-04 -1.000 2.960e-04 4.494 4.859 5.077 4.614 4.286 3.971 3.590 3.275 3.242
0.00049103 -1.50000 10.30103 0.6745370626 2.3652930260    0.674  0.111  3.7845  4.246    1  0.000  0.540     0.00     0.00 -1    -1e-30      0.00 8.537e-01 1.460e-01 5.538e-05 1.503e-05 1.369e-04 -1.000 2.960e-04 4.493 4.858 5.076 4.613 4.285 3.970 3.589 3.274 3.241
0.00049103 -1.50000 10.30103 0.6758887768 2.3659911156    0.675  0.129  3.7847  4.229    1  0.000  0.540     0.00     0.00 -1    -1e-30      0.00 8.539e-01 1.458e-01 5.532e-05 1.501e-05 1.367e-04 -1.000 2.961e-04 4.447 4.811 5.029 4.566 4.239 3.925 3.543 3.229 3.196
0.00049103 -1.50000 10.30103 0.6796888113 2.3679370880    0.679  0.185  3.7843  4.175    1  0.000  0.539     0.00     0.00 -1    -1e-30      0.00 8.545e-01 1.452e-01 5.516e-05 1.497e-05 1.363e-04 -1.000 2.961e-04 4.308 4.675 4.890 4.427 4.100 3.785 3.403 3.088 3.055
0.00049103 -1.50000 10.30103 0.6826487184 2.3694353104    0.682  0.235  3.7826  4.119    1  0.000  0.539     0.00     0.00 -1    -1e-30      0.00 8.548e-01 1.449e-01 5.510e-05 1.495e-05 1.362e-04 -1.000 3.130e-04 4.182 4.558 4.768 4.302 3.972 3.655 3.268 2.950 2.916
0.00049103 -1.50000 10.30103 0.6837934852 2.3700108528    0.683  0.256  3.7814  4.094    1  0.000  0.539     0.00     0.00 -1    -1e-30      0.00 8.546e-01 1.450e-01 5.518e-05 1.497e-05 1.364e-04 -1.000 3.947e-04 4.130 4.512 4.720 4.251 3.919 3.600 3.211 2.891 2.856
0.00049103 -1.50000 10.30103 0.6843264103 2.3702781200    0.684  0.267  3.7806  4.080    2  0.000  0.539     0.00     0.00 -1    -1e-30      0.00 8.541e-01 1.455e-01 5.538e-05 1.503e-05 1.369e-04 -1.000 3.650e-04 4.103 4.489 4.696 4.224 3.891 3.571 3.180 2.858 2.823
0.00049103 -1.50000 10.30103 0.6861519814 2.3711895943    0.686  0.307  3.7766  4.026    2  0.000  0.539     0.00     0.00 -1    -1e-30      0.00 8.508e-01 1.489e-01 5.675e-05 1.540e-05 1.403e-04 -1.000 3.229e-04 4.002 4.412 4.611 4.127 3.787 3.460 3.060 2.731 2.694
0.00049103 -1.50000 10.30103 0.6875627041 2.3718903065    0.687  0.342  3.7723  3.974    2  0.000  0.539     0.00     0.00 -1    -1e-30      0.00 8.446e-01 1.551e-01 5.915e-05 1.605e-05 1.462e-04 -1.000 3.198e-04 3.914 4.350 4.540 4.043 3.695 3.362 2.951 2.615 2.575
0.00049103 -1.50000 10.30103 0.6886974573 2.3724515438    0.688  0.375  3.7674  3.923    2  0.000  0.540     0.00     0.00 -1    -1e-30      0.00 8.347e-01 1.650e-01 6.274e-05 1.702e-05 1.550e-04 -1.000 3.320e-04 3.833 4.299 4.478 3.965 3.609 3.268 2.846 2.502 2.458
0.00049103 -1.50000 10.30103 0.6896492243 2.3729205132    0.689  0.407  3.7619  3.869    2  0.000  0.540     0.00     0.00 -1    -1e-30      0.00 8.211e-01 1.785e-01 6.730e-05 1.825e-05 1.661e-04 -1.000 3.750e-04 3.752 4.254 4.421 3.890 3.524 3.174 2.740 2.386 2.338
0.00049103 -1.50000 10.30103 0.6904752851 2.3733263016    0.690  0.440  3.7560  3.812    2  0.000  0.541     0.00     0.00 -1    -1e-30      0.00 8.074e-01 1.923e-01 7.164e-05 1.941e-05 1.765e-04 -1.000 3.957e-04 3.669 4.214 4.366 3.815 3.437 3.078 2.630 2.266 2.214
0.00049103 -1.50000 10.30103 0.6912482977 2.3737051487    0.691  0.478  3.7494  3.749    2  0.000  0.542     0.00     0.00 -1    -1e-30      0.00 7.960e-01 2.036e-01 7.506e-05 2.031e-05 1.846e-04 -1.000 3.953e-04 3.574 4.167 4.302 3.729 3.339 2.969 2.506 2.131 2.074
0.00049103 -1.50000 10.30103 0.6919283867 2.3740377426    0.691  0.520  3.7439  3.685    2  0.000  0.543     0.00     0.00 -1    -1e-30      0.00 7.879e-01 2.117e-01 7.743e-05 2.094e-05 1.903e-04 -1.000 3.975e-04 3.470 4.108 4.227 3.635 3.234 2.855 2.377 1.993 1.932
0.00049103 -1.50000 10.30103 0.6924770474 2.3743052483    0.692  0.560  3.7400  3.630    2  0.000  0.543     0.00     0.00 -1    -1e-30      0.00 7.830e-01 2.166e-01 7.889e-05 2.132e-05 1.937e-04 -1.000 4.056e-04 3.369 4.037 4.145 3.540 3.132 2.747 2.260 1.869 1.805
0.00049103 -1.50000 10.30103 0.6929394603 2.3745305538    0.692  0.598  3.7373  3.581    2  0.000  0.543     0.00     0.00 -1    -1e-30      0.00 7.794e-01 2.202e-01 7.990e-05 2.159e-05 1.961e-04 -1.000 3.961e-04 3.274 3.967 4.065 3.451 3.038 2.648 2.154 1.757 1.692
0.00049103 -1.50000 10.30103 0.6930480003 2.3745832443    0.693  0.608  3.7367  3.569    2  0.000  0.543     0.00     0.00 -1    -1e-30      0.00 7.788e-01 2.208e-01 8.008e-05 2.164e-05 1.965e-04 -1.000 4.399e-04 3.250 3.947 4.044 3.428 3.014 2.623 2.127 1.728 1.663
0.00049103 -1.50000 10.30103 0.6934669018 2.3747870922    0.693  0.647  3.7348  3.523    3  0.000  0.544     0.00     0.00 -1    -1e-30      0.00 7.762e-01 2.233e-01 8.075e-05 2.182e-05 1.981e-04 -1.000 4.165e-04 3.153 3.867 3.957 3.335 2.918 2.524 2.022 1.619 1.553
0.00049103 -1.50000 10.30103 0.6939207911 2.3750073910    0.693  0.692  3.7329  3.471    3  0.000  0.544     0.00     0.00 -1    -1e-30      0.00 7.738e-01 2.258e-01 8.138e-05 2.198e-05 1.996e-04 -1.000 4.506e-04 3.041 3.771 3.854 3.227 2.806 2.410 1.903 1.495 1.428
0.00049103 -1.50000 10.30103 0.6944276690 2.3752529621    0.694  0.745  3.7312  3.411    3  0.000  0.544     0.00     0.00 -1    -1e-30      0.00 7.713e-01 2.282e-01 8.195e-05 2.214e-05 2.010e-04 -1.000 4.889e-04 2.908 3.654 3.731 3.097 2.674 2.275 1.762 1.350 1.283
0.00049103 -1.50000 10.30103 0.6948398948 2.3754525185    0.694  0.791  3.7299  3.360    3  0.000  0.544     0.00     0.00 -1    -1e-30      0.00 7.694e-01 2.301e-01 8.235e-05 2.224e-05 2.019e-04 -1.000 4.941e-04 2.792 3.549 3.621 2.984 2.559 2.157 1.641 1.225 1.157
0.00049103 -1.50000 10.30103 0.6951850653 2.3756194115    0.695  0.833  3.7289  3.314    3  0.000  0.544     0.00     0.00 -1    -1e-30      0.00 7.680e-01 2.315e-01 8.265e-05 2.232e-05 2.026e-04 -1.000 4.551e-04 2.687 3.455 3.522 2.882 2.455 2.052 1.532 1.113 1.045
0.00049103 -1.50000 10.30103 0.6955131888 2.3757777214    0.695  0.876  3.7278  3.267    3  0.000  0.544     0.00     0.00 -1    -1e-30      0.00 7.667e-01 2.329e-01 8.291e-05 2.239e-05 2.032e-04 -1.000 4.112e-04 2.580 3.358 3.420 2.776 2.348 1.943 1.420 0.998 0.929
0.00049103 -1.50000 10.30103 0.6958921552 2.3759605885    0.695  0.930  3.7265  3.208    3  0.000  0.544     0.00     0.00 -1    -1e-30      0.00 7.652e-01 2.343e-01 8.317e-05 2.246e-05 2.038e-04 -1.000 4.606e-04 2.444 3.235 3.292 2.644 2.214 1.807 1.279 0.853 0.784
0.00049103 -1.50000 10.30103 0.6961708665 2.3760948181    0.696  0.975  3.7254  3.160    3  0.000  0.544     0.00     0.00 -1    -1e-30      0.00 7.640e-01 2.355e-01 8.336e-05 2.252e-05 2.043e-04 -1.000 4.858e-04 2.334 3.135 3.187 2.536 2.104 1.696 1.164 0.735 0.666
0.00049103 -1.50000 10.30103 0.6964101195 2.3762099743    0.696  1.015  3.7244  3.115    3  0.000  0.544     0.00     0.00 -1    -1e-30      0.00 7.631e-01 2.364e-01 8.350e-05 2.255e-05 2.046e-04 -1.000 4.896e-04 2.232 3.042 3.090 2.437 2.003 1.593 1.058 0.626 0.556
0.00049103 -1.50000 10.30103 0.6966329217 2.3763170242    0.696  1.056  3.7234  3.070    3  0.000  0.544     0.00     0.00 -1    -1e-30      0.00 7.624e-01 2.371e-01 8.360e-05 2.258e-05 2.049e-04 -1.000 4.941e-04 2.129 2.950 2.994 2.337 1.901 1.490 0.951 0.516 0.446
0.00049103 -1.50000 10.30103 0.6968463659 2.3764195442    0.696  1.099  3.7223  3.023    3  0.000  0.544     0.00     0.00 -1    -1e-30      0.00 7.616e-01 2.379e-01 8.369e-05 2.261e-05 2.052e-04 -1.000 4.940e-04 2.023 2.854 2.894 2.233 1.796 1.383 0.840 0.402 0.332
0.00049103 -1.50000 10.30103 0.6970236897 2.3765048981    0.697  1.137  3.7212  2.981    3  0.000  0.544     0.00     0.00 -1    -1e-30      0.00 7.610e-01 2.385e-01 8.376e-05 2.264e-05 2.054e-04 -1.000 4.940e-04 1.927 2.769 2.804 2.140 1.701 1.286 0.740 0.299 0.229
0.00049103 -1.50000 10.30103 0.6972279549 2.3766028881    0.697  1.185  3.7198  2.927    3  0.000  0.544     0.00     0.00 -1    -1e-30      0.00 7.605e-01 2.390e-01 8.382e-05 2.266e-05 2.056e-04 -1.000 4.940e-04 1.807 2.663 2.692 2.023 1.581 1.164 0.614 0.169 0.098
0.00049103 -1.50000 10.30103 0.6973768473 2.3766741753    0.697  1.223  3.7187  2.885    3  0.000  0.544     0.00     0.00 -1    -1e-30      0.00 7.601e-01 2.394e-01 8.386e-05 2.267e-05 2.057e-04 -1.000 4.936e-04 1.712 2.581 2.604 1.931 1.487 1.068 0.515 0.066 -0.005
0.00049103 -1.50000 10.30103 0.6975396276 2.3767523766    0.697  1.269  3.7172  2.833    3  0.000  0.544     0.00     0.00 -1    -1e-30      0.00 7.597e-01 2.398e-01 8.389e-05 2.269e-05 2.058e-04 -1.000 4.560e-04 1.597 2.482 2.498 1.820 1.374 0.952 0.394 -0.058 -0.130
0.00049103 -1.50000 10.30103 0.6976926923 2.3768255711    0.697  1.316  3.7157  2.780    3  0.000  0.543     0.00     0.00 -1    -1e-30      0.00 7.594e-01 2.401e-01 8.391e-05 2.270e-05 2.059e-04 -1.000 4.380e-04 1.479 2.381 2.389 1.706 1.257 0.832 0.269 -0.187 -0.259
0.00049103 -1.50000 10.30103 0.6978307366 2.3768918514    0.697  1.364  3.7141  2.726    3  0.000  0.543     0.00     0.00 -1    -1e-30      0.00 7.593e-01 2.402e-01 8.393e-05 2.270e-05 2.059e-04 -1.000 4.941e-04 1.361 2.280 2.281 1.591 1.140 0.713 0.145 -0.316 -0.389
0.00049103 -1.50000 10.30103 0.6979482174 2.3769481182    0.697  1.408  3.7126  2.676    3  0.000  0.543     0.00     0.00 -1    -1e-30      0.00 7.592e-01 2.403e-01 8.394e-05 2.271e-05 2.060e-04 -1.000 4.913e-04 1.251 2.186 2.181 1.486 1.031 0.602 0.029 -0.436 -0.509
0.00049103 -1.50000 10.30103 0.6980556846 2.3769993782    0.698  1.452  3.7111  2.626    3  0.000  0.543     0.00     0.00 -1    -1e-30      0.00 7.591e-01 2.404e-01 8.394e-05 2.271e-05 2.060e-04 -1.000 4.903e-04 1.141 2.093 2.081 1.380 0.923 0.491 -0.087 -0.556 -0.630
0.00049103 -1.50000 10.30103 0.6981512308 2.3770451546    0.698  1.494  3.7095  2.578    3  0.000  0.543     0.00     0.00 -1    -1e-30      0.00 7.591e-01 2.404e-01 8.394e-05 2.271e-05 2.060e-04 -1.000 4.906e-04 1.035 2.004 1.985 1.278 0.818 0.384 -0.199 -0.673 -0.747
0.00049103 -1.50000 10.30103 0.6982334256 2.3770844936    0.698  1.534  3.7080  2.532    3  0.000  0.543     0.00     0.00 -1    -1e-30      0.00 7.591e-01 2.404e-01 8.394e-05 2.271e-05 2.060e-04 -1.000 4.907e-04 0.936 1.922 1.896 1.184 0.721 0.283 -0.304 -0.782 -0.857
0.00049103 -1.50000 10.30103 0.6983110309 2.3771214485    0.698  1.574  3.7064  2.485    3  0.000  0.543     0.00     0.00 -1    -1e-30      0.00 7.591e-01 2.405e-01 8.395e-05 2.271e-05 2.060e-04 -1.000 4.908e-04 0.834 1.840 1.805 1.087 0.620 0.180 -0.413 -0.895 -0.970
0.00049103 -1.50000 10.30103 0.6983781457 2.3771536350    0.698  1.613  3.7048  2.440    3  0.000  0.543     0.00     0.00 -1    -1e-30      0.00 7.591e-01 2.405e-01 8.395e-05 2.271e-05 2.060e-04 -1.000 4.910e-04 0.738 1.767 1.721 0.995 0.526 0.083 -0.515 -1.001 -1.077
0.00049103 -1.50000 10.30103 0.6984409690 2.3771836758    0.698  1.651  3.7031  2.395    3  0.000  0.543     0.00     0.00 -1    -1e-30      0.00 7.590e-01 2.405e-01 8.395e-05 2.271e-05 2.060e-04 -1.000 4.911e-04 0.642 1.695 1.638 0.904 0.431 -0.015 -0.618 -1.108 -1.184
0.00049103 -1.50000 10.30103 0.6984970570 2.3772103786    0.698  1.688  3.7015  2.352    3  0.000  0.543     0.00     0.00 -1    -1e-30      0.00 7.590e-01 2.405e-01 8.395e-05 2.271e-05 2.060e-04 -1.000 4.912e-04 0.550 1.626 1.558 0.817 0.340 -0.109 -0.716 -1.210 -1.288
0.00049103 -1.50000 10.30103 0.6985463500 2.3772339821    0.698  1.722  3.7000  2.311    3  0.000  0.543     0.00     0.00 -1    -1e-30      0.00 7.590e-01 2.405e-01 8.395e-05 2.272e-05 2.060e-04 -1.000 4.913e-04 0.464 1.561 1.484 0.735 0.255 -0.197 -0.809 -1.307 -1.385
0.00049103 -1.50000 10.30103 0.6985902786 2.3772549629    0.698  1.755  3.6985  2.273    3  0.000  0.543     0.00     0.00 -1    -1e-30      0.00 7.590e-01 2.405e-01 8.395e-05 2.272e-05 2.060e-04 -1.000 4.914e-04 0.383 1.503 1.414 0.659 0.175 -0.279 -0.896 -1.398 -1.476
0.00049103 -1.50000 10.30103 0.6986321211 2.3772749901    0.698  1.788  3.6969  2.234    3  0.000  0.543     0.00     0.00 -1    -1e-30      0.00 7.590e-01 2.405e-01 8.395e-05 2.272e-05 2.060e-04 -1.000 4.914e-04 0.300 1.444 1.345 0.582 0.094 -0.363 -0.984 -1.490 -1.569
0.00049103 -1.50000 10.30103 0.6986718178 2.3772940636    0.698  1.822  3.6953  2.194    3  0.000  0.543     0.00     0.00 -1    -1e-30      0.00 7.590e-01 2.405e-01 8.396e-05 2.272e-05 2.060e-04 -1.000 4.915e-04 0.216 1.383 1.273 0.503 0.012 -0.448 -1.074 -1.585 -1.665
0.00049103 -1.50000 10.30103 0.6987080574 2.3773112297    0.698  1.853  3.6938  2.156    3  0.000  0.543     0.00     0.00 -1    -1e-30      0.00 7.590e-01 2.405e-01 8.396e-05 2.272e-05 2.060e-04 -1.000 4.916e-04 0.137 1.327 1.206 0.429 -0.066 -0.529 -1.160 -1.674 -1.754
0.00049103 -1.50000 10.30103 0.6987417936 2.3773274422    0.698  1.884  3.6924  2.120    3  0.000  0.543     0.00     0.00 -1    -1e-30      0.00 7.590e-01 2.405e-01 8.396e-05 2.272e-05 2.060e-04 -1.000 4.916e-04 0.061 1.273 1.143 0.358 -0.140 -0.605 -1.241 -1.759 -1.840
0.00049103 -1.50000 10.30103 0.6987975836 2.3773539066    0.698  1.935  3.6899  2.058    3  0.000  0.543     0.00     0.00 -1    -1e-30      0.00 7.590e-01 2.405e-01 8.396e-05 2.272e-05 2.060e-04 -1.000 4.918e-04 -0.068 1.181 1.034 0.237 -0.266 -0.736 -1.380 -1.905 -1.986
0.00049103 -1.50000 10.30103 0.6987993121 2.3773548603    0.698  1.936  3.6899  2.057    3  0.000  0.543     0.00     0.00 -1    -1e-30      0.00 7.590e-01 2.405e-01 8.396e-05 2.272e-05 2.060e-04 -1.000 4.918e-04 -0.070 1.180 1.033 0.235 -0.268 -0.738 -1.382 -1.907 -1.989
0.00049103 -1.50000 10.30103 0.6988058090 2.3773579597    0.698  1.939  3.6897  2.054    3  0.000  0.543     0.00     0.00 -1    -1e-30      0.00 7.590e-01 2.405e-01 8.396e-05 2.272e-05 2.060e-04 -1.000 4.917e-04 -0.078 1.174 1.026 0.228 -0.276 -0.746 -1.390 -1.916 -1.997
0.00049103 -1.50000 10.30103 0.6988261938 2.3773677349    0.698  1.949  3.6894  2.043    3  0.000  0.543     0.00     0.00 -1    -1e-30      0.00 7.590e-01 2.405e-01 8.396e-05 2.272e-05 2.060e-04 -1.000 4.919e-04 -0.102 1.157 1.006 0.206 -0.299 -0.770 -1.415 -1.942 -2.024
0.00049103 -1.50000 10.30103 0.6988636851 2.3773856163    0.698  1.966  3.6888  2.023    3  0.000  0.543     0.00     0.00 -1    -1e-30      0.00 7.590e-01 2.405e-01 8.396e-05 2.272e-05 2.060e-04 -1.000 4.919e-04 -0.145 1.124 0.968 0.165 -0.341 -0.814 -1.461 -1.990 -2.072
0.00049103 -1.50000 10.30103 0.6988950968 2.3774006367    0.698  1.986  3.6879  1.999    3  0.000  0.543     0.00     0.00 -1    -1e-30      0.00 7.590e-01 2.405e-01 8.396e-05 2.272e-05 2.060e-04 -1.000 4.919e-04 -0.196 1.088 0.925 0.117 -0.391 -0.865 -1.515 -2.046 -2.129
0.00049103 -1.50000 10.30103 0.6989271641 2.3774158955    0.698  2.028  3.6858  1.950    3  0.000  0.543     0.00     0.00 -1    -1e-30      0.00 7.590e-01 2.405e-01 8.396e-05 2.272e-05 2.060e-04 -1.000 4.919e-04 -0.300 1.023 0.841 0.022 -0.491 -0.969 -1.627 -2.165 -2.248
0.00049103 -1.50000 10.30103 0.6989570856 2.3774302006    0.698  2.069  3.6838  1.900    3  0.000  0.543     0.00     0.00 -1    -1e-30      0.00 7.590e-01 2.405e-01 8.396e-05 2.272e-05 2.061e-04 -1.000 4.921e-04 -0.403 0.979 0.763 -0.076 -0.595 -1.076 -1.741 -2.285 -2.367
0.00049103 -1.50000 10.30103 0.6989840865 2.3774430752    0.699  2.109  3.6817  1.852    3  0.000  0.543     0.00     0.00 -1    -1e-30      0.00 7.590e-01 2.405e-01 8.396e-05 2.272e-05 2.061e-04 -1.000 4.922e-04 -0.503 0.934 0.688 -0.170 -0.694 -1.179 -1.850 -2.401 -2.482
0.00049103 -1.50000 10.30103 0.6990091801 2.3774549961    0.699  2.149  3.6797  1.804    3  0.000  0.543     0.00     0.00 -1    -1e-30      0.00 7.590e-01 2.405e-01 8.396e-05 2.272e-05 2.061e-04 -1.000 4.921e-04 -0.603 0.893 0.615 -0.262 -0.794 -1.281 -1.960 -2.516 -2.597
0.00049103 -1.50000 10.30103 0.6990325451 2.3774662018    0.699  2.190  3.6775  1.755    3  0.000  0.543     0.00     0.00 -1    -1e-30      0.00 7.590e-01 2.405e-01 8.397e-05 2.272e-05 2.061e-04 -1.000 4.922e-04 -0.704 0.857 0.544 -0.355 -0.893 -1.385 -2.070 -2.633 -2.713
0.00049103 -1.50000 10.30103 0.6990545392 2.3774766922    0.699  2.230  3.6752  1.705    3  0.000  0.543     0.00     0.00 -1    -1e-30      0.00 7.590e-01 2.405e-01 8.397e-05 2.272e-05 2.061e-04 -1.000 4.922e-04 -0.805 0.825 0.475 -0.446 -0.992 -1.488 -2.182 -2.751 -2.830
0.00049103 -1.50000 10.30103 0.6990780830 2.3774878979    0.699  2.279  3.6725  1.645    3  0.000  0.543     0.00     0.00 -1    -1e-30      0.00 7.590e-01 2.405e-01 8.397e-05 2.272e-05 2.061e-04 -1.000 4.923e-04 -0.928 0.792 0.394 -0.557 -1.113 -1.614 -2.317 -2.894 -2.972
0.00049103 -1.50000 10.30103 0.6990979910 2.3774974346    0.699  2.324  3.6699  1.590    3  0.000  0.543     0.00     0.00 -1    -1e-30      0.00 7.590e-01 2.405e-01 8.397e-05 2.272e-05 2.061e-04 -1.000 4.923e-04 -1.040 0.766 0.322 -0.657 -1.222 -1.729 -2.440 -3.025 -3.102
0.00049103 -1.50000 10.30103 0.6991176605 2.3775067329    0.699  2.372  3.6670  1.531    3  0.000  0.543     0.00     0.00 -1    -1e-30      0.00 7.590e-01 2.405e-01 8.397e-05 2.272e-05 2.061e-04 -1.000 4.924e-04 -1.159 0.750 0.252 -0.761 -1.337 -1.849 -2.571 -3.164 -3.241
0.00049103 -1.50000 10.30103 0.6991335154 2.3775143623    0.699  2.414  3.6645  1.479    3  0.000  0.543     0.00     0.00 -1    -1e-30      0.00 7.590e-01 2.405e-01 8.397e-05 2.272e-05 2.061e-04 -1.000 4.924e-04 -1.264 0.708 0.181 -0.850 -1.434 -1.953 -2.685 -3.285 -3.363
0.00049103 -1.50000 10.30103 0.6991494894 2.3775219917    0.699  2.458  3.6618  1.423    3  0.000  0.543     0.00     0.00 -1    -1e-30      0.00 7.590e-01 2.406e-01 8.397e-05 2.272e-05 2.061e-04 -1.000 4.924e-04 -1.376 0.707 0.121 -0.945 -1.541 -2.067 -2.809 -3.417 -3.495
0.00049103 -1.50000 10.30103 0.6991644502 2.3775289059    0.699  2.504  3.6588  1.365    3  0.000  0.543     0.00     0.00 -1    -1e-30      0.00 7.590e-01 2.406e-01 8.397e-05 2.272e-05 2.061e-04 -1.000 4.924e-04 -1.491 0.718 0.066 -1.041 -1.650 -2.183 -2.936 -3.553 -3.630
0.00049103 -1.50000 10.30103 0.6991774440 2.3775351048    0.699  2.547  3.6561  1.311    3  0.000  0.543     0.00     0.00 -1    -1e-30      0.00 7.590e-01 2.406e-01 8.397e-05 2.272e-05 2.061e-04 -1.000 4.925e-04 -1.598 0.715 0.011 -1.127 -1.748 -2.289 -3.053 -3.678 -3.756
0.00049103 -1.50000 10.30103 0.6991888881 2.3775405884    0.699  2.588  3.6534  1.260    3  0.000  0.543     0.00     0.00 -1    -1e-30      0.00 7.590e-01 2.406e-01 8.397e-05 2.272e-05 2.061e-04 -1.000 4.925e-04 -1.700 0.706 -0.044 -1.207 -1.840 -2.388 -3.163 -3.797 -3.876
0.00049103 -1.50000 10.30103 0.6991991997 2.3775455952    0.699  2.627  3.6508  1.210    3  0.000  0.543     0.00     0.00 -1    -1e-30      0.00 7.590e-01 2.406e-01 8.397e-05 2.272e-05 2.061e-04 -1.000 4.925e-04 -1.798 0.699 -0.096 -1.286 -1.929 -2.484 -3.271 -3.912 -3.993
0.00049103 -1.50000 10.30103 0.6992100477 2.3775508404    0.699  2.671  3.6479  1.155    3  0.000  0.543     0.00     0.00 -1    -1e-30      0.00 7.589e-01 2.406e-01 8.397e-05 2.272e-05 2.061e-04 -1.000 4.925e-04 -1.907 0.693 -0.153 -1.371 -2.027 -2.590 -3.389 -4.040 -4.123
0.00049103 -1.50000 10.30103 0.6992189884 2.3775548935    0.699  2.711  3.6452  1.104    3  0.000  0.543     0.00     0.00 -1    -1e-30      0.00 7.589e-01 2.406e-01 8.397e-05 2.272e-05 2.061e-04 -1.000 4.927e-04 -2.007 0.691 -0.202 -1.447 -2.115 -2.686 -3.497 -4.157 -4.241
0.00049103 -1.50000 10.30103 0.6992276907 2.3775591850    0.699  2.753  3.6423  1.051    3  0.000  0.543     0.00     0.00 -1    -1e-30      0.00 7.589e-01 2.406e-01 8.397e-05 2.272e-05 2.061e-04 -1.000 4.925e-04 -2.111 0.693 -0.253 -1.526 -2.207 -2.787 -3.610 -4.281 -4.366
0.00049103 -1.50000 10.30103 0.6992352009 2.3775627613    0.699  2.791  3.6395  1.002    3  0.000  0.543     0.00     0.00 -1    -1e-30      0.00 7.589e-01 2.406e-01 8.397e-05 2.272e-05 2.061e-04 -1.000 4.926e-04 -2.207 0.700 -0.296 -1.597 -2.290 -2.878 -3.713 -4.393 -4.480
0.00049103 -1.50000 10.30103 0.6992428303 2.3775663376    0.699  2.833  3.6365  0.947    3  0.000  0.543     0.00     0.00 -1    -1e-30      0.00 7.589e-01 2.406e-01 8.397e-05 2.272e-05 2.061e-04 -1.000 4.925e-04 -2.312 0.725 -0.334 -1.670 -2.379 -2.978 -3.828 -4.518 -4.607
0.00049103 -1.50000 10.30103 0.6992496848 2.3775696754    0.699  2.872  3.6335  0.896    3  0.000  0.543     0.00     0.00 -1    -1e-30      0.00 7.589e-01 2.406e-01 8.397e-05 2.272e-05 2.061e-04 -1.000 4.925e-04 -2.411 0.753 -0.367 -1.737 -2.462 -3.071 -3.936 -4.636 -4.727
0.00049103 -1.50000 10.30103 0.6992568970 2.3775730133    0.699  2.917  3.6302  0.838    3  0.000  0.543     0.00     0.00 -1    -1e-30      0.00 7.589e-01 2.406e-01 8.397e-05 2.272e-05 2.061e-04 -1.000 4.926e-04 -2.522 0.784 -0.403 -1.812 -2.555 -3.176 -4.056 -4.768 -4.861
0.00049103 -1.50000 10.30103 0.6992627382 2.3775758743    0.699  2.955  3.6273  0.789    3  0.000  0.543     0.00     0.00 -1    -1e-30      0.00 7.589e-01 2.406e-01 8.397e-05 2.272e-05 2.061e-04 -1.000 4.926e-04 -2.618 0.813 -0.434 -1.874 -2.633 -3.264 -4.159 -4.881 -4.976
0.00049103 -1.50000 10.30103 0.6992694139 2.3775789738    0.699  3.002  3.6237  0.727    3  0.000  0.543     0.00     0.00 -1    -1e-30      0.00 7.589e-01 2.406e-01 8.397e-05 2.272e-05 2.061e-04 -1.000 4.926e-04 -2.736 0.850 -0.470 -1.951 -2.730 -3.374 -4.286 -5.021 -5.119
0.00049103 -1.50000 10.30103 0.6992747784 2.3775815964    0.699  3.043  3.6206  0.674    3  0.000  0.543     0.00     0.00 -1    -1e-30      0.00 7.589e-01 2.406e-01 8.397e-05 2.272e-05 2.061e-04 -1.000 4.926e-04 -2.837 0.885 -0.499 -2.015 -2.812 -3.467 -4.395 -5.140 -5.241
0.00049103 -1.50000 10.30103 0.6992804408 2.3775842190    0.699  3.088  3.6171  0.615    3  0.000  0.543     0.00     0.00 -1    -1e-30      0.00 7.589e-01 2.406e-01 8.397e-05 2.272e-05 2.061e-04 -1.000 4.926e-04 -2.949 0.931 -0.526 -2.083 -2.900 -3.569 -4.515 -5.274 -5.378
0.00049103 -1.50000 10.30103 0.6992854476 2.3775866032    0.699  3.130  3.6139  0.560    3  0.000  0.543     0.00     0.00 -1    -1e-30      0.00 7.589e-01 2.406e-01 8.397e-05 2.272e-05 2.061e-04 -1.000 4.927e-04 -3.055 0.975 -0.551 -2.146 -2.983 -3.666 -4.629 -5.400 -5.507
0.00049103 -1.50000 10.30103 0.6992899776 2.3775887489    0.699  3.171  3.6108  0.507    3  0.000  0.543     0.00     0.00 -1    -1e-30      0.00 7.589e-01 2.406e-01 8.397e-05 2.272e-05 2.061e-04 -1.000 4.926e-04 -3.157 1.015 -0.576 -2.207 -3.063 -3.758 -4.737 -5.519 -5.629
0.00049103 -1.50000 10.30103 0.6992942095 2.3775908947    0.699  3.212  3.6076  0.453    3  0.000  0.543     0.00     0.00 -1    -1e-30      0.00 7.589e-01 2.406e-01 8.397e-05 2.272e-05 2.061e-04 -1.000 4.927e-04 -3.261 1.067 -0.589 -2.261 -3.140 -3.851 -4.848 -5.642 -5.755
0.00049103 -1.50000 10.30103 0.6992983222 2.3775928020    0.699  3.255  3.6044  0.397    3  0.000  0.543     0.00     0.00 -1    -1e-30      0.00 7.589e-01 2.406e-01 8.397e-05 2.272e-05 2.061e-04 -1.000 4.927e-04 -3.367 1.121 -0.600 -2.315 -3.219 -3.946 -4.962 -5.767 -5.884
0.00049103 -1.50000 10.30103 0.6993023157 2.3775947094    0.699  3.297  3.6012  0.342    3  0.000  0.543     0.00     0.00 -1    -1e-30      0.00 7.589e-01 2.406e-01 8.397e-05 2.272e-05 2.061e-04 -1.000 4.927e-04 -3.474 1.174 -0.613 -2.369 -3.298 -4.041 -5.076 -5.892 -6.012
0.00049103 -1.50000 10.30103 0.6993054748 2.3775961399    0.699  3.330  3.5988  0.300    3  0.000  0.543     0.00     0.00 -1    -1e-30      0.00 7.589e-01 2.406e-01 8.397e-05 2.272e-05 2.061e-04 -1.000 4.927e-04 -3.555 1.212 -0.622 -2.410 -3.358 -4.114 -5.162 -5.987 -6.111
0.00049103 -1.50000 10.30103 0.6993054748 2.3775961399    0.621  1.563  4.0616  3.867    4  0.000  0.525     0.00     0.00 -1    -1e-30      0.00 7.422e-01 2.573e-01 8.499e-05 2.500e-05 2.160e-04 -1.000 4.941e-04 0.862 1.122 1.395 1.476 1.508 1.546 1.639 1.667 1.690
0.00049103 -1.50000 10.30103 0.6993087530 2.3775978088    0.621  1.565  4.0610  3.862    4  0.000  0.525     0.00     0.00 -1    -1e-30      0.00 7.422e-01 2.573e-01 8.499e-05 2.500e-05 2.160e-04 -1.000 4.941e-04 0.858 1.116 1.388 1.469 1.500 1.538 1.631 1.658 1.681
0.00049103 -1.50000 10.30103 0.6993543506 2.3776195049    0.621  1.578  4.0558  3.828    4  0.000  0.525     0.00     0.00 -1    -1e-30      0.00 7.422e-01 2.573e-01 8.499e-05 2.500e-05 2.160e-04 -1.000 4.941e-04 0.824 1.069 1.328 1.406 1.436 1.472 1.560 1.586 1.607
0.00049103 -1.50000 10.30103 0.6994010806 2.3776416779    0.621  1.578  4.0555  3.828    4  0.000  0.525     0.00     0.00 -1    -1e-30      0.00 7.422e-01 2.573e-01 8.499e-05 2.500e-05 2.160e-04 -1.000 4.941e-04 0.826 1.071 1.329 1.407 1.437 1.472 1.560 1.586 1.607
0.00049103 -1.50000 10.30103 0.6994478106 2.3776640892    0.621  1.577  4.0551  3.826    4  0.000  0.525     0.00     0.00 -1    -1e-30      0.00 7.422e-01 2.573e-01 8.499e-05 2.500e-05 2.160e-04 -1.000 4.940e-04 0.827 1.071 1.328 1.406 1.435 1.471 1.558 1.584 1.605
0.00049103 -1.50000 10.30103 0.6994954944 2.3776867390    0.621  1.577  4.0543  3.824    4  0.000  0.525     0.00     0.00 -1    -1e-30      0.00 7.422e-01 2.573e-01 8.499e-05 2.500e-05 2.160e-04 -1.000 4.942e-04 0.828 1.070 1.325 1.402 1.432 1.467 1.553 1.579 1.600
0.00049103 -1.50000 10.30103 0.6995442510 2.3777098656    0.621  1.577  4.0531  3.819    4  0.000  0.525     0.00     0.00 -1    -1e-30      0.00 7.422e-01 2.573e-01 8.499e-05 2.500e-05 2.160e-04 -1.000 4.941e-04 0.828 1.067 1.319 1.395 1.425 1.459 1.545 1.570 1.591
0.00049103 -1.50000 10.30103 0.6995930672 2.3777332306    0.621  1.578  4.0515  3.812    4  0.000  0.525     0.00     0.00 -1    -1e-30      0.00 7.422e-01 2.573e-01 8.499e-05 2.500e-05 2.160e-04 -1.000 4.941e-04 0.826 1.062 1.309 1.385 1.414 1.448 1.532 1.557 1.577
0.00049103 -1.50000 10.30103 0.6996378899 2.3777544498    0.621  1.578  4.0497  3.804    4  0.000  0.525     0.00     0.00 -1    -1e-30      0.00 7.422e-01 2.573e-01 8.499e-05 2.500e-05 2.160e-04 -1.000 4.941e-04 0.824 1.056 1.298 1.373 1.401 1.435 1.517 1.541 1.561
0.00049103 -1.50000 10.30103 0.6996862888 2.3777775764    0.621  1.580  4.0475  3.793    4  0.000  0.525     0.00     0.00 -1    -1e-30      0.00 7.422e-01 2.573e-01 8.499e-05 2.500e-05 2.160e-04 -1.000 4.942e-04 0.820 1.047 1.284 1.358 1.385 1.418 1.497 1.521 1.541
0.00049103 -1.50000 10.30103 0.6997336745 2.3778002262    0.622  1.582  4.0449  3.781    4  0.000  0.525     0.00     0.00 -1    -1e-30      0.00 7.422e-01 2.573e-01 8.499e-05 2.500e-05 2.160e-04 -1.000 4.940e-04 0.815 1.037 1.267 1.339 1.366 1.397 1.475 1.497 1.517
0.00049103 -1.50000 10.30103 0.6997810006 2.3778226376    0.622  1.584  4.0419  3.767    4  0.000  0.525     0.00     0.00 -1    -1e-30      0.00 7.422e-01 2.573e-01 8.499e-05 2.500e-05 2.160e-04 -1.000 4.941e-04 0.809 1.024 1.246 1.317 1.343 1.373 1.447 1.469 1.487
0.00049103 -1.50000 10.30103 0.6998279095 2.3778450489    0.622  1.587  4.0386  3.750    4  0.000  0.525     0.00     0.00 -1    -1e-30      0.00 7.422e-01 2.573e-01 8.499e-05 2.500e-05 2.160e-04 -1.000 4.941e-04 0.801 1.010 1.223 1.292 1.317 1.345 1.416 1.437 1.455
0.00049103 -1.50000 10.30103 0.6998755336 2.3778676987    0.622  1.591  4.0348  3.732    4  0.000  0.525     0.00     0.00 -1    -1e-30      0.00 7.422e-01 2.573e-01 8.499e-05 2.500e-05 2.160e-04 -1.000 4.941e-04 0.792 0.993 1.196 1.263 1.286 1.313 1.380 1.400 1.417
0.00049103 -1.50000 10.30103 0.6999222636 2.3778898716    0.622  1.595  4.0308  3.712    4  0.000  0.525     0.00     0.00 -1    -1e-30      0.00 7.422e-01 2.573e-01 8.499e-05 2.500e-05 2.160e-04 -1.000 4.941e-04 0.783 0.976 1.168 1.233 1.255 1.280 1.343 1.361 1.377
0.00049103 -1.50000 10.30103 0.6999701858 2.3779127598    0.622  1.599  4.0261  3.688    4  0.000  0.525     0.00     0.00 -1    -1e-30      0.00 7.422e-01 2.573e-01 8.499e-05 2.500e-05 2.160e-04 -1.000 4.941e-04 0.771 0.956 1.135 1.196 1.217 1.240 1.298 1.315 1.330
0.00049103 -1.50000 10.30103 0.7000152469 2.3779339790    0.622  1.604  4.0215  3.665    4  0.000  0.525     0.00     0.00 -1    -1e-30      0.00 7.422e-01 2.573e-01 8.499e-05 2.500e-05 2.160e-04 -1.000 4.941e-04 0.760 0.936 1.102 1.161 1.181 1.202 1.255 1.270 1.284
0.00049103 -1.50000 10.30103 0.7000651360 2.3779578209    0.622  1.610  4.0159  3.638    4  0.000  0.525     0.00     0.00 -1    -1e-30      0.00 7.422e-01 2.573e-01 8.499e-05 2.500e-05 2.160e-04 -1.000 4.941e-04 0.746 0.913 1.064 1.120 1.137 1.155 1.202 1.216 1.228
0.00049103 -1.50000 10.30103 0.7001143694 2.3779811859    0.622  1.616  4.0099  3.608    4  0.000  0.525     0.00     0.00 -1    -1e-30      0.00 7.422e-01 2.573e-01 8.499e-05 2.500e-05 2.160e-04 -1.000 4.941e-04 0.731 0.889 1.022 1.075 1.090 1.105 1.146 1.157 1.168
0.00049103 -1.50000 10.30103 0.7001612186 2.3780033588    0.622  1.621  4.0041  3.579    4  0.000  0.525     0.00     0.00 -1    -1e-30      0.00 7.422e-01 2.573e-01 8.499e-05 2.500e-05 2.160e-04 -1.000 4.941e-04 0.716 0.867 0.983 1.031 1.044 1.057 1.090 1.100 1.109
0.00049103 -1.50000 10.30103 0.7002074718 2.3780255318    0.622  1.628  3.9979  3.548    4  0.000  0.525     0.00     0.00 -1    -1e-30      0.00 7.422e-01 2.573e-01 8.499e-05 2.500e-05 2.160e-04 -1.000 4.941e-04 0.701 0.843 0.942 0.985 0.996 1.006 1.032 1.039 1.047
0.00049103 -1.50000 10.30103 0.7002536058 2.3780472279    0.622  1.634  3.9912  3.514    4  0.000  0.525     0.00     0.00 -1    -1e-30      0.00 7.422e-01 2.573e-01 8.499e-05 2.500e-05 2.160e-04 -1.000 4.941e-04 0.684 0.820 0.898 0.937 0.945 0.951 0.969 0.974 0.980
0.00049103 -1.50000 10.30103 0.7002587914 2.3780498505    0.622  1.635  3.9904  3.510    4  0.000  0.525     0.00     0.00 -1    -1e-30      0.00 7.422e-01 2.573e-01 8.499e-05 2.500e-05 2.160e-04 -1.000 4.940e-04 0.682 0.817 0.893 0.931 0.939 0.945 0.962 0.966 0.973
0.00049103 -1.50000 10.30103 0.7002987266 2.3780686855    0.622  1.641  3.9846  3.481    4  0.000  0.525     0.00     0.00 -1    -1e-30      0.00 7.422e-01 2.573e-01 8.499e-05 2.500e-05 2.160e-04 -1.000 4.941e-04 0.667 0.798 0.857 0.890 0.895 0.897 0.907 0.909 0.914
0.00049103 -1.50000 10.30103 0.7003474236 2.3780918121    0.622  1.648  3.9777  3.447    4  0.000  0.525     0.00     0.00 -1    -1e-30      0.00 7.422e-01 2.573e-01 8.499e-05 2.500e-05 2.160e-04 -1.000 4.942e-04 0.649 0.777 0.816 0.842 0.844 0.842 0.843 0.842 0.845
0.00049103 -1.50000 10.30103 0.7003959417 2.3781149387    0.622  1.656  3.9705  3.410    4  0.000  0.525     0.00     0.00 -1    -1e-30      0.00 7.422e-01 2.573e-01 8.499e-05 2.500e-05 2.160e-04 -1.000 4.941e-04 0.631 0.757 0.774 0.793 0.791 0.784 0.776 0.772 0.773
0.00049103 -1.50000 10.30103 0.7004421353 2.3781368732    0.622  1.663  3.9638  3.376    4  0.000  0.525     0.00     0.00 -1    -1e-30      0.00 7.422e-01 2.573e-01 8.499e-05 2.500e-05 2.160e-04 -1.000 4.941e-04 0.613 0.739 0.738 0.749 0.743 0.731 0.714 0.706 0.706
0.00049103 -1.50000 10.30103 0.7004878521 2.3781585693    0.622  1.670  3.9568  3.341    4  0.000  0.525     0.00     0.00 -1    -1e-30      0.00 7.422e-01 2.573e-01 8.499e-05 2.500e-05 2.160e-04 -1.000 4.941e-04 0.594 0.721 0.701 0.705 0.694 0.677 0.649 0.637 0.635
0.00049103 -1.50000 10.30103 0.7005330920 2.3781800270    0.622  1.678  3.9502  3.307    4  0.000  0.525     0.00     0.00 -1    -1e-30      0.00 7.422e-01 2.573e-01 8.499e-05 2.500e-05 2.160e-04 -1.000 4.941e-04 0.576 0.704 0.667 0.663 0.648 0.624 0.587 0.571 0.567
0.00049103 -1.50000 10.30103 0.7005786896 2.3782017231    0.622  1.686  3.9430  3.271    4  0.000  0.525     0.00     0.00 -1    -1e-30      0.00 7.422e-01 2.573e-01 8.499e-05 2.500e-05 2.160e-04 -1.000 4.942e-04 0.556 0.686 0.633 0.620 0.599 0.569 0.521 0.499 0.494
0.00049103 -1.50000 10.30103 0.7006251216 2.3782236576    0.623  1.694  3.9367  3.237    4  0.000  0.525     0.00     0.00 -1    -1e-30      0.00 7.422e-01 2.573e-01 8.499e-05 2.500e-05 2.160e-04 -1.000 4.941e-04 0.536 0.671 0.604 0.582 0.555 0.518 0.460 0.434 0.427
0.00049103 -1.50000 10.30103 0.7006706595 2.3782453537    0.623  1.700  3.9315  3.210    4  0.000  0.525     0.00     0.00 -1    -1e-30      0.00 7.422e-01 2.573e-01 8.499e-05 2.500e-05 2.160e-04 -1.000 4.941e-04 0.519 0.657 0.580 0.551 0.519 0.477 0.411 0.380 0.372
0.00049103 -1.50000 10.30103 0.7007187009 2.3782680035    0.623  1.710  3.9253  3.176    4  0.000  0.525     0.00     0.00 -1    -1e-30      0.00 7.422e-01 2.573e-01 8.499e-05 2.500e-05 2.160e-04 -1.000 4.941e-04 0.496 0.639 0.552 0.513 0.475 0.425 0.348 0.311 0.302
0.00049103 -1.50000 10.30103 0.7007640004 2.3782896996    0.623  1.721  3.9180  3.136    4  0.000  0.525     0.00     0.00 -1    -1e-30      0.00 7.422e-01 2.573e-01 8.499e-05 2.500e-05 2.160e-04 -1.000 4.941e-04 0.469 0.618 0.522 0.471 0.424 0.364 0.275 0.231 0.221
0.00049103 -1.50000 10.30103 0.7008081079 2.3783104420    0.623  1.735  3.9099  3.089    4  0.000  0.525     0.00     0.00 -1    -1e-30      0.00 7.422e-01 2.573e-01 8.499e-05 2.500e-05 2.160e-04 -1.000 4.942e-04 0.431 0.589 0.485 0.420 0.362 0.291 0.188 0.135 0.123
0.00049103 -1.50000 10.30103 0.7008349299 2.3783233166    0.623  1.758  3.8997  3.025    4  0.000  0.525     0.00     0.00 -1    -1e-30      0.00 7.422e-01 2.573e-01 8.499e-05 2.500e-05 2.160e-04 -1.000 4.942e-04 0.374 0.544 0.434 0.349 0.276 0.190 0.069 0.002 -0.011
0.00049103 -1.50000 10.30103 0.7008455396 2.3783283234    0.623  1.776  3.8891  2.965    4  0.000  0.525     0.00     0.00 -1    -1e-30      0.00 7.422e-01 2.573e-01 8.499e-05 2.500e-05 2.160e-04 -1.000 4.941e-04 0.331 0.517 0.409 0.297 0.206 0.104 -0.038 -0.119 -0.134
0.00049103 -1.50000 10.30103 0.7008513808 2.3783309460    0.623  1.790  3.8777  2.904    4  0.000  0.525     0.00     0.00 -1    -1e-30      0.00 7.422e-01 2.573e-01 8.499e-05 2.500e-05 2.160e-04 -1.000 4.941e-04 0.294 0.497 0.403 0.258 0.145 0.023 -0.142 -0.242 -0.258
0.00049103 -1.50000 10.30103 0.7008544803 2.3783326149    0.623  1.802  3.8679  2.854    4  0.000  0.525     0.00     0.00 -1    -1e-30      0.00 7.422e-01 2.573e-01 8.499e-05 2.500e-05 2.160e-04 -1.000 4.941e-04 0.266 0.486 0.404 0.232 0.100 -0.040 -0.225 -0.342 -0.360
0.00049103 -1.50000 10.30103 0.7008566260 2.3783335686    0.623  1.811  3.8584  2.807    4  0.000  0.525     0.00     0.00 -1    -1e-30      0.00 7.422e-01 2.573e-01 8.499e-05 2.500e-05 2.160e-04 -1.000 4.941e-04 0.242 0.480 0.411 0.211 0.061 -0.097 -0.303 -0.437 -0.455
0.00049103 -1.50000 10.30103 0.7008581161 2.3783342838    0.623  1.820  3.8492  2.761    4  0.000  0.525     0.00     0.00 -1    -1e-30      0.00 7.422e-01 2.573e-01 8.499e-05 2.500e-05 2.160e-04 -1.000 4.941e-04 0.220 0.476 0.422 0.197 0.028 -0.148 -0.373 -0.526 -0.546
0.00049103 -1.50000 10.30103 0.7008596063 2.3783349991    0.623  1.830  3.8374  2.703    4  0.000  0.525     0.00     0.00 -1    -1e-30      0.00 7.422e-01 2.573e-01 8.499e-05 2.500e-05 2.160e-04 -1.000 4.941e-04 0.194 0.476 0.440 0.183 -0.011 -0.209 -0.462 -0.640 -0.661
0.00049103 -1.50000 10.30103 0.7008607984 2.3783354759    0.623  1.840  3.8256  2.647    4  0.000  0.525     0.00     0.00 -1    -1e-30      0.00 7.422e-01 2.573e-01 8.499e-05 2.500e-05 2.160e-04 -1.000 4.940e-04 0.171 0.481 0.462 0.172 -0.045 -0.266 -0.546 -0.749 -0.772
0.00049103 -1.50000 10.30103 0.7008616924 2.3783359528    0.623  1.848  3.8141  2.592    4  0.000  0.525     0.00     0.00 -1    -1e-30      0.00 7.422e-01 2.573e-01 8.499e-05 2.500e-05 2.160e-04 -1.000 4.942e-04 0.149 0.492 0.488 0.166 -0.076 -0.318 -0.625 -0.854 -0.879
0.00049103 -1.50000 10.30103 0.7008624077 2.3783361912    0.623  1.857  3.8027  2.538    4  0.000  0.525     0.00     0.00 -1    -1e-30      0.00 7.422e-01 2.573e-01 8.499e-05 2.500e-05 2.160e-04 -1.000 4.940e-04 0.129 0.507 0.521 0.163 -0.103 -0.367 -0.702 -0.957 -0.985
0.00049103 -1.50000 10.30103 0.7008630633 2.3783366680    0.623  1.864  3.7914  2.486    4  0.000  0.525     0.00     0.00 -1    -1e-30      0.00 7.422e-01 2.573e-01 8.499e-05 2.500e-05 2.160e-04 -1.000 4.941e-04 0.109 0.526 0.557 0.163 -0.126 -0.411 -0.775 -1.056 -1.088
0.00049103 -1.50000 10.30103 0.7008636594 2.3783369064    0.623  1.873  3.7805  2.433    4  0.000  0.525     0.00     0.00 -1    -1e-30      0.00 7.422e-01 2.573e-01 8.499e-05 2.500e-05 2.160e-04 -1.000 4.941e-04 0.088 0.548 0.593 0.163 -0.149 -0.454 -0.846 -1.152 -1.188
0.00049103 -1.50000 10.30103 0.7008643150 2.3783371449    0.623  1.883  3.7700  2.381    4  0.000  0.525     0.00     0.00 -1    -1e-30      0.00 7.422e-01 2.573e-01 8.499e-05 2.500e-05 2.160e-04 -1.000 4.941e-04 0.062 0.577 0.623 0.157 -0.177 -0.502 -0.922 -1.255 -1.294
0.00049103 -1.50000 10.30103 0.7008650303 2.3783376217    0.623  1.898  3.7600  2.327    4  0.000  0.525     0.00     0.00 -1    -1e-30      0.00 7.422e-01 2.573e-01 8.499e-05 2.500e-05 2.160e-04 -1.000 4.941e-04 0.026 0.593 0.642 0.141 -0.214 -0.557 -1.002 -1.359 -1.403
0.00049103 -1.50000 10.30103 0.7008659244 2.3783378601    0.623  1.918  3.7513  2.271    4  0.000  0.525     0.00     0.00 -1    -1e-30      0.00 7.422e-01 2.573e-01 8.499e-05 2.500e-05 2.160e-04 -1.000 4.941e-04 -0.026 0.597 0.642 0.108 -0.265 -0.624 -1.092 -1.468 -1.517
0.00049103 -1.50000 10.30103 0.7008668184 2.3783383369    0.623  1.945  3.7431  2.211    4  0.000  0.525     0.00     0.00 -1    -1e-30      0.00 7.422e-01 2.573e-01 8.499e-05 2.500e-05 2.160e-04 -1.000 4.941e-04 -0.093 0.586 0.623 0.058 -0.331 -0.704 -1.194 -1.588 -1.642
0.00049103 -1.50000 10.30103 0.7008673549 2.3783385754    0.623  1.968  3.7376  2.167    7  0.000  0.525     0.00     0.00 -1    -1e-30      0.00 7.422e-01 2.573e-01 8.499e-05 2.500e-05 2.160e-04 -1.000 4.941e-04 -0.149 0.574 0.600 0.015 -0.386 -0.769 -1.273 -1.679 -1.736
0.00049103 -1.50000 10.30103 0.7008674145 2.3783385754    0.623  1.969  3.7373  2.164    7  0.000  0.525     0.00     0.00 -1    -1e-30      0.00 7.422e-01 2.573e-01 8.499e-05 2.500e-05 2.160e-04 -1.000 4.941e-04 -0.152 0.573 0.599 0.012 -0.389 -0.773 -1.278 -1.685 -1.742
0.00049103 -1.50000 10.30103 0.7008675933 2.3783388138    0.623  1.976  3.7358  2.152    7  0.000  0.525     0.00     0.00 -1    -1e-30      0.00 7.422e-01 2.573e-01 8.499e-05 2.500e-05 2.160e-04 -1.000 4.941e-04 -0.170 0.569 0.590 -0.003 -0.407 -0.793 -1.301 -1.712 -1.770
0.00049103 -1.50000 10.30103 0.7008678317 2.3783388138    0.623  1.987  3.7338  2.132    7  0.000  0.525     0.00     0.00 -1    -1e-30      0.00 7.422e-01 2.573e-01 8.499e-05 2.500e-05 2.160e-04 -1.000 4.941e-04 -0.198 0.559 0.575 -0.026 -0.434 -0.824 -1.338 -1.753 -1.812
0.00049103 -1.50000 10.30103 0.7008681893 2.3783390522    0.623  2.003  3.7310  2.105    7  0.000  0.525     0.00     0.00 -1    -1e-30      0.00 7.422e-01 2.573e-01 8.499e-05 2.500e-05 2.160e-04 -1.000 4.941e-04 -0.238 0.544 0.552 -0.060 -0.474 -0.868 -1.390 -1.812 -1.872
0.00049103 -1.50000 10.30103 0.7008687854 2.3783392906    0.623  2.030  3.7271  2.063    7  0.000  0.525     0.00     0.00 -1    -1e-30      0.00 7.422e-01 2.573e-01 8.499e-05 2.500e-05 2.160e-04 -1.000 4.941e-04 -0.305 0.517 0.511 -0.117 -0.539 -0.941 -1.473 -1.904 -1.966
0.00049103 -1.50000 10.30103 0.7008695006 2.3783395290    0.623  2.059  3.7232  2.018    7  0.000  0.525     0.00     0.00 -1    -1e-30      0.00 7.422e-01 2.573e-01 8.499e-05 2.500e-05 2.160e-04 -1.000 4.940e-04 -0.377 0.484 0.464 -0.181 -0.610 -1.018 -1.561 -2.002 -2.065
0.00049103 -1.50000 10.30103 0.7008709311 2.3783402443    0.623  2.084  3.7203  1.981    7  0.000  0.525     0.00     0.00 -1    -1e-30      0.00 7.422e-01 2.573e-01 8.499e-05 2.500e-05 2.160e-04 -1.000 4.941e-04 -0.441 0.452 0.421 -0.237 -0.673 -1.086 -1.637 -2.085 -2.149
0.00049103 -1.50000 10.30103 0.7008895874 2.3783490658    0.623  2.084  3.7203  1.982    7  0.000  0.525     0.00     0.00 -1    -1e-30      0.00 7.422e-01 2.573e-01 8.499e-05 2.500e-05 2.160e-04 -1.000 4.941e-04 -0.440 0.453 0.422 -0.236 -0.672 -1.085 -1.636 -2.084 -2.149
0.00049103 -1.50000 10.30103 0.7009081841 2.3783578873    0.623  2.100  3.7178  1.955    7  0.000  0.525     0.00     0.00 -1    -1e-30      0.00 7.422e-01 2.573e-01 8.499e-05 2.500e-05 2.160e-04 -1.000 4.941e-04 -0.481 0.442 0.399 -0.270 -0.712 -1.129 -1.688 -2.141 -2.207
0.00049103 -1.50000 10.30103 0.7009208202 2.3783638477    0.623  2.123  3.7150  1.921    7  0.000  0.525     0.00     0.00 -1    -1e-30      0.00 7.422e-01 2.573e-01 8.499e-05 2.500e-05 2.160e-04 -1.000 4.941e-04 -0.539 0.421 0.363 -0.320 -0.768 -1.191 -1.758 -2.218 -2.286
0.00049103 -1.50000 10.30103 0.7009340525 2.3783702850    0.623  2.156  3.7113  1.874    7  0.000  0.525     0.00     0.00 -1    -1e-30      0.00 7.422e-01 2.573e-01 8.499e-05 2.500e-05 2.160e-04 -1.000 4.941e-04 -0.619 0.387 0.311 -0.390 -0.846 -1.276 -1.854 -2.323 -2.392
0.00049103 -1.50000 10.30103 0.7009511590 2.3783783913    0.623  2.193  3.7077  1.823    7  0.000  0.525     0.00     0.00 -1    -1e-30      0.00 7.422e-01 2.573e-01 8.499e-05 2.500e-05 2.160e-04 -1.000 4.941e-04 -0.712 0.344 0.247 -0.472 -0.937 -1.373 -1.962 -2.441 -2.511
0.00049103 -1.50000 10.30103 0.7009676695 2.3783862591    0.623  2.232  3.7042  1.770    7  0.000  0.525     0.00     0.00 -1    -1e-30      0.00 7.422e-01 2.573e-01 8.499e-05 2.500e-05 2.160e-04 -1.000 4.941e-04 -0.809 0.299 0.180 -0.558 -1.031 -1.474 -2.074 -2.562 -2.634
0.00049103 -1.50000 10.30103 0.7009829283 2.3783934116    0.623  2.272  3.7006  1.715    7  0.000  0.525     0.00     0.00 -1    -1e-30      0.00 7.422e-01 2.573e-01 8.499e-05 2.500e-05 2.160e-04 -1.000 4.941e-04 -0.909 0.252 0.110 -0.647 -1.128 -1.578 -2.189 -2.686 -2.760
0.00049103 -1.50000 10.30103 0.7009965777 2.3783998489    0.623  2.312  3.6972  1.661    7  0.000  0.525     0.00     0.00 -1    -1e-30      0.00 7.422e-01 2.573e-01 8.499e-05 2.500e-05 2.160e-04 -1.000 4.941e-04 -1.010 0.206 0.040 -0.735 -1.225 -1.682 -2.304 -2.811 -2.886
0.00049103 -1.50000 10.30103 0.7010087371 2.3784055710    0.623  2.353  3.6939  1.607    7  0.000  0.525     0.00     0.00 -1    -1e-30      0.00 7.422e-01 2.573e-01 8.498e-05 2.500e-05 2.160e-04 -1.000 4.925e-04 -1.112 0.159 -0.031 -0.825 -1.323 -1.786 -2.419 -2.936 -3.012
0.00049103 -1.50000 10.30103 0.7010196447 2.3784108162    0.623  2.394  3.6904  1.552    7  0.000  0.524     0.00     0.00 -1    -1e-30      0.00 7.422e-01 2.573e-01 8.494e-05 2.500e-05 2.160e-04 -1.000 4.941e-04 -1.216 0.113 -0.102 -0.915 -1.422 -1.892 -2.536 -3.062 -3.140
0.00049103 -1.50000 10.30103 0.7010293007 2.3784153461    0.623  2.435  3.6872  1.498    7  0.000  0.523     0.00     0.00 -1    -1e-30      0.00 7.422e-01 2.573e-01 8.478e-05 2.505e-05 2.160e-04 -1.000 4.941e-04 -1.318 0.069 -0.172 -1.004 -1.518 -1.995 -2.651 -3.187 -3.266
0.00049103 -1.50000 10.30103 0.7010381222 2.3784196377    0.623  2.476  3.6838  1.443    7  0.000  0.520     0.00     0.00 -1    -1e-30      0.00 7.422e-01 2.573e-01 8.419e-05 2.534e-05 2.160e-04 -1.000 4.941e-04 -1.421 0.044 -0.236 -1.094 -1.618 -2.101 -2.768 -3.314 -3.393
0.00049103 -1.50000 10.30103 0.7010462880 2.3784234524    0.623  2.518  3.6805  1.389    7  0.000  0.510     0.00     0.00 -1    -1e-30      0.00 7.422e-01 2.573e-01 8.257e-05 2.665e-05 2.160e-04 -1.000 4.941e-04 -1.525 0.035 -0.294 -1.185 -1.720 -2.209 -2.887 -3.441 -3.520
0.00049103 -1.50000 10.30103 0.7010539770 2.3784270287    0.623  2.560  3.6772  1.334    7  0.000  0.492     0.00     0.00 -1    -1e-30      0.00 7.422e-01 2.573e-01 7.967e-05 2.989e-05 2.160e-04 -1.000 4.941e-04 -1.629 0.037 -0.348 -1.274 -1.821 -2.317 -3.006 -3.569 -3.647
0.00049103 -1.50000 10.30103 0.7010613084 2.3784306049    0.623  2.602  3.6738  1.278    7  0.000  0.472     0.00     0.00 -1    -1e-30      0.00 7.421e-01 2.574e-01 7.642e-05 3.385e-05 2.159e-04 -1.000 4.941e-04 -1.734 0.049 -0.398 -1.362 -1.922 -2.426 -3.126 -3.698 -3.775
0.00049103 -1.50000 10.30103 0.7010682821 2.3784339428    0.623  2.643  3.6704  1.223    7  0.000  0.455     0.00     0.00 -1    -1e-30      0.00 7.420e-01 2.575e-01 7.366e-05 3.724e-05 2.159e-04 -1.000 4.941e-04 -1.839 0.070 -0.443 -1.449 -2.023 -2.535 -3.246 -3.826 -3.903
0.00049103 -1.50000 10.30103 0.7010751367 2.3784370422    0.623  2.687  3.6669  1.166    7  0.000  0.440     0.00     0.00 -1    -1e-30      0.00 7.419e-01 2.576e-01 7.121e-05 4.027e-05 2.159e-04 -1.000 4.941e-04 -1.947 0.102 -0.485 -1.536 -2.126 -2.646 -3.369 -3.959 -4.035
0.00049103 -1.50000 10.30103 0.7010816336 2.3784401417    0.623  2.731  3.6633  1.107    7  0.000  0.427     0.00     0.00 -1    -1e-30      0.00 7.419e-01 2.576e-01 6.921e-05 4.273e-05 2.159e-04 -1.000 4.941e-04 -2.057 0.145 -0.522 -1.623 -2.230 -2.759 -3.496 -4.094 -4.171
0.00049103 -1.50000 10.30103 0.7010870576 2.3784427643    0.623  2.775  3.6597  1.048    7  0.000  0.417     0.00     0.00 -1    -1e-30      0.00 7.417e-01 2.578e-01 6.749e-05 4.485e-05 2.159e-04 -1.000 4.925e-04 -2.168 0.202 -0.553 -1.708 -2.333 -2.872 -3.623 -4.231 -4.307
0.00049103 -1.50000 10.30103 0.7010916471 2.3784449100    0.623  2.823  3.6558  0.985    7  0.000  0.407     0.00     0.00 -1    -1e-30      0.00 7.416e-01 2.579e-01 6.589e-05 4.684e-05 2.158e-04 -1.000 4.941e-04 -2.287 0.246 -0.592 -1.796 -2.440 -2.990 -3.757 -4.377 -4.454
0.00049103 -1.50000 10.30103 0.7010952830 2.3784465790    0.623  2.870  3.6518  0.922    7  0.000  0.399     0.00     0.00 -1    -1e-30      0.00 7.415e-01 2.580e-01 6.456e-05 4.848e-05 2.157e-04 -1.000 4.941e-04 -2.405 0.274 -0.633 -1.880 -2.543 -3.105 -3.888 -4.520 -4.599
0.00049103 -1.50000 10.30103 0.7010980248 2.3784480095    0.623  2.910  3.6485  0.868    7  0.000  0.393     0.00     0.00 -1    -1e-30      0.00 7.413e-01 2.582e-01 6.363e-05 4.961e-05 2.157e-04 -1.000 4.940e-04 -2.505 0.302 -0.666 -1.950 -2.628 -3.201 -3.999 -4.642 -4.723
0.00049103 -1.50000 10.30103 0.7011016011 2.3784496784    0.623  2.959  3.6443  0.802    7  0.000  0.389     0.00     0.00 -1    -1e-30      0.00 7.412e-01 2.583e-01 6.286e-05 5.056e-05 2.156e-04 -1.000 4.939e-04 -2.629 0.345 -0.703 -2.033 -2.732 -3.319 -4.136 -4.792 -4.875
0.00049103 -1.50000 10.30103 0.7011044025 2.3784508705    0.623  3.005  3.6405  0.741    7  0.000  0.385     0.00     0.00 -1    -1e-30      0.00 7.411e-01 2.584e-01 6.228e-05 5.128e-05 2.154e-04 -1.000 4.941e-04 -2.744 0.386 -0.736 -2.110 -2.829 -3.428 -4.263 -4.932 -5.017
0.00049103 -1.50000 10.30103 0.7011045814 2.3784511089    0.623  3.037  3.6376  0.698    7  0.000  0.384     0.00     0.00 -1    -1e-30      0.00 7.410e-01 2.585e-01 6.212e-05 5.149e-05 2.154e-04 -1.000 4.940e-04 -2.821 0.422 -0.754 -2.158 -2.892 -3.501 -4.349 -5.027 -5.115
0.00049103 -1.50000 10.30103 0.7011049986 2.3784513474    0.623  3.093  3.6325  0.621    7  0.000  0.374     0.00     0.00 -1    -1e-30      0.00 7.407e-01 2.589e-01 6.030e-05 5.384e-05 2.147e-04 -1.000 4.941e-04 -2.963 0.490 -0.785 -2.246 -3.006 -3.632 -4.505 -5.201 -5.292
0.00049103 -1.50000 10.30103 0.7011053562 2.3784513474    0.623  3.414  3.6091  0.207    8  0.549  0.390   114.13    46.04  0 -2.24e-06      0.00 7.290e-01 2.706e-01 6.375e-05 5.931e-05 2.177e-04 -1.000 3.690e-04 -3.766 0.833 -0.941 -2.709 -3.632 -4.363 -5.368 -6.146 -6.263
0.00049103 -1.50000 10.30103 0.7011054158 2.3784513474    0.623  3.268  3.6158  0.380    8  0.549  0.390    78.60    33.34  1 -1.16e-06      0.00 7.290e-01 2.706e-01 6.375e-05 5.931e-05 2.177e-04 -1.000 3.690e-04 -3.400 0.786 -0.816 -2.469 -3.329 -4.022 -4.983 -5.739 -5.846
0.00049103 -1.50000 10.30103 0.7011054754 2.3784513474    0.623  3.113  3.6300  0.592    8  0.549  0.390    49.72    22.44  1 -5.56e-07      0.00 7.290e-01 2.706e-01 6.375e-05 5.931e-05 2.177e-04 -1.000 3.690e-04 -3.011 0.540 -0.780 -2.267 -3.040 -3.673 -4.560 -5.265 -5.358
0.00049103 -1.50000 10.30103 0.7011055946 2.3784515858    0.623  2.932  3.6465  0.838    8  0.549  0.390    29.22    14.17  1  -2.3e-07      0.00 7.290e-01 2.706e-01 6.375e-05 5.931e-05 2.177e-04 -1.000 3.691e-04 -2.560 0.325 -0.680 -1.986 -2.674 -3.253 -4.060 -4.709 -4.791
0.00049103 -1.50000 10.30103 0.7011057734 2.3784515858    0.623  2.940  3.6457  0.827    8  0.549  0.390    29.92    14.45  1  -2.4e-07      0.00 7.290e-01 2.706e-01 6.375e-05 5.931e-05 2.177e-04 -1.000 3.690e-04 -2.580 0.334 -0.685 -1.998 -2.690 -3.272 -4.082 -4.734 -4.817
0.00049103 -1.50000 10.30103 0.7011060119 2.3784518242    0.623  3.043  3.6363  0.686    8  0.550  0.390    40.58    18.80  1 -3.98e-07      0.00 7.290e-01 2.706e-01 6.375e-05 5.931e-05 2.177e-04 -1.000 3.690e-04 -2.838 0.453 -0.745 -2.161 -2.901 -3.514 -4.369 -5.052 -5.140
0.00049103 -1.50000 10.30103 0.7011062503 2.3784518242    0.623  3.193  3.6226  0.481    8  0.550  0.390    63.18    27.54  1 -8.15e-07      0.00 7.290e-01 2.706e-01 6.375e-05 5.931e-05 2.177e-04 -1.000 3.690e-04 -3.214 0.657 -0.810 -2.379 -3.194 -3.856 -4.780 -5.512 -5.612
0.00049103 -1.50000 10.30103 0.7011066079 2.3784520626    0.623  3.320  3.6111  0.309    8  0.550  0.390    91.75    37.99  1 -1.47e-06      0.00 7.290e-01 2.706e-01 6.375e-05 5.931e-05 2.177e-04 -1.000 3.690e-04 -3.530 0.881 -0.813 -2.526 -3.420 -4.135 -5.123 -5.897 -6.009
0.00049103 -1.50000 10.30103 0.7011069655 2.3784520626    0.623  3.403  3.6035  0.196    8  0.551  0.390   117.08    46.85  0 -2.14e-06      0.00 7.290e-01 2.706e-01 6.375e-05 5.931e-05 2.177e-04 -1.000 3.690e-04 -3.736 1.036 -0.805 -2.611 -3.561 -4.312 -5.345 -6.146 -6.269
0.00049103 -1.50000 10.30103 0.7011073232 2.3784523010    0.623  3.448  3.5994  0.134    8  0.551  0.390   133.90    52.55  0 -2.63e-06      0.00 7.290e-01 2.706e-01 6.375e-05 5.931e-05 2.177e-04 -1.000 3.690e-04 -3.850 1.124 -0.797 -2.655 -3.636 -4.408 -5.466 -6.283 -6.411
0.00049103 -1.50000 10.30103 0.7011078000 2.3784525394    0.623  3.471  3.5972  0.102    8  0.552  0.390   143.67    55.77  0 -2.92e-06      0.01 7.290e-01 2.706e-01 6.375e-05 5.931e-05 2.177e-04 -1.000 3.690e-04 -3.909 1.172 -0.789 -2.674 -3.673 -4.457 -5.528 -6.354 -6.486
0.00049103 -1.50000 10.30103 0.7011082768 2.3784527779    0.623  3.487  3.5984  0.091    8  0.552  0.390   147.26    56.90  0 -3.13e-06      0.01 7.290e-01 2.706e-01 6.375e-05 5.931e-05 2.177e-04 -1.000 3.690e-04 -3.948 1.114 -0.841 -2.724 -3.720 -4.501 -5.567 -6.387 -6.519
0.00049103 -1.50000 10.30103 0.7011101842 2.3784537315    0.554 -9.999  4.0000  1.705    9  0.554  0.000     0.00     0.00 -1    -1e-30      0.00 7.290e-01 2.706e-01 6.375e-05 5.931e-05 2.177e-04 -1.000 3.690e-04 29.767 29.789 30.041 30.090 30.083 30.075 30.120 30.117 30.132
#isochrone terminated
